2008-01-16	4580	-	-	-	4580	4580	0	0	0
2008-01-17	4580	4550	4550	4450	4450	4500	-80	4	2
2008-01-18	4500	4320	4320	4320	4320	4320	-180	2	4
2008-01-21	4320	-	-	-	4320	4320	0	0	4
2008-01-22	4320	-	-	-	4320	4320	0	0	4
2008-01-23	4320	4158	4347	4158	4347	4221	-99	6	6
2008-01-24	4221	-	-	-	4221	4221	0	0	6
2008-01-25	4221	4220	4220	4180	4180	4200	-21	8	10
2008-01-28	4200	4155	4189	4110	4164	4159	-41	24	14
2008-01-29	4159	-	-	-	4159	4159	0	0	14
2008-01-30	4159	4100	4145	4100	4145	4133	-26	8	8
2008-01-31	4133	4130	4130	4130	4130	4130	-3	2	10
2008-02-01	4130	4250	4250	4222	4222	4236	106	4	8
2008-02-04	4236	4252	4252	4252	4252	4252	16	2	6
2008-02-05	4252	4311	4326	4300	4300	4315	63	20	4
2008-02-13	4315	4296	4296	4295	4295	4295	-20	4	4
2008-02-14	4295	4339	4358	4339	4358	4350	55	8	8
2008-02-15	4350	4300	4300	4300	4300	4300	-50	2	8
2008-02-18	4300	4450	4457	4361	4444	4419	119	12	10
2008-02-19	4419	4460	4483	4460	4483	4475	56	6	12
2008-02-20	4475	4410	4480	4410	4480	4470	-5	16	16
2008-02-21	4470	4580	4580	4410	4555	4512	42	26	14
2008-02-22	4512	4600	4640	4550	4630	4610	98	30	12
2008-02-25	4610	4746	4760	4711	4760	4740	130	36	12
2008-02-26	4740	4764	4764	4640	4671	4688	-52	26	14
2008-02-27	4688	4800	4819	4700	4725	4773	85	198	14
2008-02-28	4773	4683	4700	4683	4700	4692	-81	14	22
2008-02-29	4692	4830	4830	4750	4793	4799	107	1158	38
2008-03-03	4799	4913	4985	4881	4974	4925	126	182	70
2008-03-04	4925	4978	4990	4799	4804	4879	-46	278	106
2008-03-05	4879	4691	4750	4686	4701	4707	-172	80	116
2008-03-06	4707	4850	4850	4660	4780	4740	33	120	82
2008-03-07	4740	4663	4663	4570	4639	4637	-103	38	78
2008-03-10	4637	4490	4490	4490	4490	4490	-147	2	78
2008-03-11	4490	4528	4615	4528	4581	4592	102	48	80
2008-03-12	4592	4570	4610	4409	4438	4471	-121	616	72
2008-03-13	4471	4471	4549	4431	4549	4476	5	190	80
2008-03-14	4476	4600	4600	4530	4536	4555	79	6	82
2008-03-17	4555	4405	4457	4390	4390	4417	-138	48	82
2008-03-18	4417	4300	4300	4241	4241	4245	-172	30	64
2008-03-19	4245	4270	4349	4206	4235	4263	18	96	32
2008-03-20	4263	4093	4103	4093	4103	4098	-165	102	66
2008-03-21	4098	4090	4130	4022	4022	4058	-40	108	48
2008-03-24	4058	4100	4150	4075	4120	4113	55	404	140
2008-03-25	4113	4260	4277	4206	4238	4260	147	232	120
2008-03-26	4260	4350	4350	4280	4281	4304	44	264	116
2008-03-27	4304	4290	4300	4247	4247	4284	-20	84	164
2008-03-28	4284	4231	4270	4125	4150	4184	-100	104	166
2008-03-31	4184	4114	4140	4087	4130	4100	-84	148	70
2008-04-01	4100	3936	3936	3936	3936	3936	-164	10	66
2008-04-02	3936	3925	3930	3858	3860	3881	-55	136	70
2008-04-03	3881	3920	4036	3865	3870	3894	13	330	100
2008-04-07	3894	3969	4034	3900	4003	3990	96	242	104
2008-04-08	3990	3979	3979	3941	3960	3958	-32	126	86
2008-04-09	3958	3962	3994	3951	3991	3979	21	72	78
2008-04-10	3979	4120	4120	4041	4041	4088	109	134	104
2008-04-11	4088	4049	4050	4013	4030	4022	-66	168	92
2008-04-14	4022	4029	4180	4028	4180	4073	51	142	98
2008-04-15	4073	4197	4235	4105	4220	4205	132	164	54
2008-04-16	4205	4152	4229	4152	4195	4190	-15	204	76
2008-04-17	4190	4205	4249	4172	4180	4181	-9	126	120
2008-04-18	4181	4204	4259	4204	4245	4220	39	140	70
2008-04-21	4220	4220	4240	4100	4112	4135	-85	172	60
2008-04-22	4135	4010	4200	4010	4158	4124	-11	132	46
2008-04-23	4124	4233	4285	4190	4214	4228	104	142	36
2008-04-24	4228	4164	4204	4160	4202	4186	-42	46	36
2008-04-25	4186	4130	4155	4100	4137	4127	-59	374	128
2008-04-28	4127	4190	4190	4131	4162	4160	33	104	88
2008-04-29	4160	4061	4100	4040	4060	4058	-102	100	34
2008-04-30	4058	4146	4150	4041	4071	4071	13	132	38
2008-05-05	4071	4109	4160	4100	4130	4121	50	32	30
2008-05-06	4121	4056	4198	4056	4198	4169	48	212	36
2008-05-07	4169	4190	4205	4151	4158	4168	-1	86	28
2008-05-08	4168	4222	4230	4186	4208	4210	42	80	26
2008-05-09	4210	4215	4237	4212	4237	4224	14	16	30
2008-05-12	4224	4379	4392	4253	4366	4335	111	102	66
2008-05-13	4335	4427	4490	4391	4465	4450	115	194	88
2008-05-14	4450	4522	4545	4475	4502	4510	60	74	102
2008-05-15	4510	4475	4500	4438	4472	4469	-41	270	62
2008-05-16	4469	4473	4550	4292	4525	4508	39	534	86
2008-05-19	4508	4515	4539	4411	4481	4495	-13	372	58
2008-05-20	4495	4451	4471	4431	4470	4450	-45	94	66
2008-05-21	4450	4450	4508	4421	4434	4452	2	308	112
2008-05-22	4452	4550	4550	4500	4539	4522	70	96	98
2008-05-23	4522	4485	4500	4451	4466	4476	-46	90	64
2008-05-26	4476	4580	4600	4511	4590	4577	101	222	136
2008-05-27	4577	4610	4660	4570	4608	4590	13	158	86
2008-05-28	4590	4564	4600	4540	4588	4569	-21	110	94
2008-05-29	4569	4562	4575	4541	4555	4557	-12	60	80
2008-05-30	4557	4450	4503	4442	4443	4458	-99	234	76
2008-06-02	4458	4443	4548	4443	4508	4492	34	74	70
2008-06-03	4492	4490	4527	4462	4502	4501	9	116	62
2008-06-04	4501	4480	4529	4480	4500	4504	3	80	62
2008-06-05	4504	4579	4600	4505	4590	4571	67	250	74
2008-06-06	4571	4740	4750	4682	4745	4730	159	98	64
2008-06-10	4730	4765	4850	4682	4850	4787	57	114	86
2008-06-11	4787	4848	4873	4770	4847	4840	53	196	72
2008-06-12	4840	5011	5012	4960	4960	4983	143	36	64
2008-06-13	4983	4973	4996	4913	4922	4949	-34	48	64
2008-06-16	4949	5020	5052	4995	5052	5036	87	26	68
2008-06-17	5036	4967	4990	4955	4980	4974	-62	160	90
2008-06-18	4974	4970	5068	4970	5000	5029	55	72	74
2008-06-19	5029	5000	5020	4962	4993	4988	-41	44	68
2008-06-20	4988	4870	4953	4870	4920	4923	-65	70	70
2008-06-23	4923	4868	4878	4810	4863	4866	-57	170	76
2008-06-24	4866	4879	4900	4860	4880	4879	13	56	92
2008-06-25	4879	4865	4980	4827	4980	4900	21	92	88
2008-06-26	4900	4951	5070	4951	5009	5030	130	156	68
2008-06-27	5030	5109	5128	5052	5128	5089	59	156	66
2008-06-30	5089	5200	5200	5080	5080	5099	10	96	50
2008-07-01	5099	5135	5135	5092	5095	5115	16	52	40
2008-07-02	5115	5095	5195	5095	5195	5145	30	4	40
2008-07-03	5145	5210	5210	4970	5040	5095	-50	34	42
2008-07-04	5095	4950	5170	4950	5132	5096	1	48	36
2008-07-07	5096	4921	5099	4921	5050	5050	-46	58	44
2008-07-08	5050	4848	4935	4848	4848	4875	-175	54	44
2008-07-09	4875	4960	4960	4820	4922	4886	11	150	56
2008-07-10	4886	4980	4980	4881	4881	4930	44	100	126
2008-07-11	4930	4900	5035	4900	5030	4951	21	122	58
2008-07-14	4951	4935	4938	4890	4938	4925	-26	78	92
2008-07-15	4925	4940	4980	4728	4930	4910	-15	416	58
2008-07-16	4910	4890	4913	4842	4913	4897	-13	54	82
2008-07-17	4897	4961	4986	4945	4945	4965	68	104	64
2008-07-18	4965	4810	4875	4801	4852	4851	-114	132	84
2008-07-21	4851	4735	4755	4658	4658	4694	-157	220	86
2008-07-22	4694	4520	4664	4520	4664	4631	-63	62	92
2008-07-23	4631	4585	4660	4470	4501	4571	-60	484	72
2008-07-24	4571	4501	4593	4498	4558	4550	-21	172	64
2008-07-25	4550	4570	4575	4532	4575	4554	4	226	66
2008-07-28	4554	4640	4650	4615	4640	4633	79	196	100
2008-07-29	4633	4640	4650	4455	4456	4527	-106	388	100
2008-07-30	4527	4521	4540	4449	4520	4509	-18	304	98
2008-07-31	4509	4545	4570	4540	4546	4547	38	162	98
2008-08-01	4547	4466	4466	4385	4397	4430	-117	146	92
2008-08-04	4430	4253	4290	4253	4253	4267	-163	40	86
2008-08-05	4267	4100	4100	4097	4097	4098	-169	6	92
2008-08-06	4098	4090	4140	4070	4105	4100	2	1042	134
2008-08-07	4100	4068	4140	4068	4140	4085	-15	94	118
2008-08-08	4085	4134	4150	4085	4104	4101	16	126	120
2008-08-11	4101	3940	3990	3937	3937	3950	-151	54	130
2008-08-12	3950	3950	4030	3880	3976	3948	-2	392	146
2008-08-13	3948	3920	4105	3920	4105	4083	135	258	200
2008-08-14	4083	4246	4246	4194	4200	4237	154	332	352
2008-08-15	4237	4151	4181	4068	4068	4118	-119	62	352
2008-08-18	4118	4100	4282	4100	4280	4233	115	346	346
2008-08-19	4233	4235	4294	4206	4265	4258	25	60	354
2008-08-20	4258	4370	4400	4280	4380	4344	86	60	368
2008-08-21	4344	4439	4440	4355	4377	4405	61	194	386
2008-08-22	4405	4450	4463	4382	4386	4411	6	70	372
2008-08-25	4411	4370	4465	4370	4450	4407	-4	112	372
2008-08-26	4407	4450	4450	4251	4281	4371	-36	162	388
2008-08-27	4371	4445	4480	4380	4445	4449	78	108	360
2008-08-28	4449	4370	4407	4370	4380	4381	-68	20	360
2008-08-29	4381	4371	4420	4345	4418	4381	0	34	360
2008-09-01	4381	4432	4515	4432	4486	4481	100	146	398
2008-09-02	4481	4320	4480	4320	4395	4423	-58	108	376
2008-09-03	4423	4350	4460	4350	4428	4406	-17	24	370
2008-09-04	4406	4350	4360	4323	4330	4343	-63	32	368
2008-09-05	4343	4290	4350	4290	4315	4314	-29	126	370
2008-09-08	4314	4270	4339	4270	4291	4319	5	26	368
2008-09-09	4319	4318	4318	4165	4223	4244	-75	286	362
2008-09-10	4244	4237	4290	4200	4258	4244	0	160	388
2008-09-11	4244	4235	4245	4190	4220	4220	-24	28	378
2008-09-12	4220	4220	4300	4220	4298	4272	52	20	378
2008-09-16	4272	4233	4233	4102	4103	4122	-150	180	284
2008-09-17	4122	4110	4170	4031	4101	4114	-8	96	314
2008-09-18	4114	4180	4180	4020	4040	4095	-19	100	326
2008-09-19	4095	4098	4099	4022	4097	4068	-27	76	318
2008-09-22	4068	4219	4230	4145	4230	4199	131	66	310
2008-09-23	4199	4230	4365	4230	4276	4297	98	72	326
2008-09-24	4297	4339	4339	4215	4250	4252	-45	198	282
2008-09-25	4252	4240	4330	4225	4277	4264	12	42	270
2008-09-26	4264	4285	4292	4240	4292	4267	3	136	268
2008-10-06	4267	4098	4098	4097	4097	4097	-170	36	278
2008-10-07	4097	3934	3934	3934	3934	3934	-163	8	276
2008-10-08	3934	3838	4080	3777	3777	3867	-67	444	26
2008-10-09	3867	3751	3779	3730	3740	3753	-114	90	32
2008-10-10	3753	3603	3603	3603	3603	3603	-150	2	30
2008-10-13	3603	3460	3538	3459	3528	3487	-116	62	28
2008-10-14	3487	3500	3620	3500	3573	3575	88	94	20
2008-10-15	3575	3455	3530	3432	3473	3466	-109	16	20
2008-10-16	3466	3340	3350	3340	3340	3341	-125	14	22
2008-10-17	3341	3370	3474	3290	3474	3391	50	66	32
2008-10-20	3391	3526	3526	3526	3526	3526	135	4	28
2008-10-21	3526	3526	3597	3450	3518	3510	-16	152	28
2008-10-22	3510	3518	3550	3370	3370	3453	-57	62	28
2008-10-23	3453	3410	3420	3317	3420	3405	-48	18	32
2008-10-24	3405	3465	3525	3390	3414	3457	52	56	22
2008-10-27	3457	3569	3569	3455	3481	3501	44	76	32
2008-10-28	3501	3519	3641	3519	3632	3591	90	56	26
2008-10-29	3591	3511	3676	3511	3650	3618	27	50	38
2008-10-30	3618	3720	3749	3600	3649	3669	51	48	22
2008-10-31	3669	3600	3659	3600	3650	3631	-38	290	22
2008-11-03	3631	3640	3705	3640	3705	3677	46	30	24
2008-11-04	3677	3750	3750	3600	3600	3671	-6	14	18
2008-11-05	3671	3685	3685	3620	3620	3652	-19	4	20
2008-11-06	3652	3611	3690	3520	3690	3622	-30	12	22
2008-11-07	3622	-	-	-	3622	3622	0	0	22
2008-11-10	3622	-	-	-	3622	3622	0	0	22
2008-11-11	3622	3698	3698	3634	3634	3666	44	4	22
2008-11-12	3666	-	-	-	3666	3666	0	0	22
2008-11-13	3666	3750	3750	3750	3750	3750	84	2	22
2008-11-14	3750	3631	3631	3600	3600	3607	-143	8	18
2008-11-17	3607	3480	3530	3480	3530	3505	-102	4	18
2008-11-18	3505	-	-	-	3505	3505	0	0	18
2008-11-19	3505	3470	3570	3470	3570	3520	15	4	18
2008-11-20	3520	-	-	-	3520	3520	0	0	18
2008-11-21	3520	3620	3620	3380	3380	3500	-20	24	18
2008-11-24	3500	3451	3560	3451	3560	3531	31	8	22
2008-11-25	3531	3609	3609	3609	3609	3609	78	2	22
2008-11-26	3609	-	-	-	3609	3609	0	0	22
2008-11-27	3609	3699	3699	3560	3640	3633	24	6	24
2008-11-28	3633	-	-	-	3633	3633	0	0	24
2008-12-01	3633	3770	3770	3595	3595	3682	49	4	22
2008-12-02	3682	-	-	-	3682	3682	0	0	22
2008-12-03	3682	3750	3750	3750	3750	3750	68	2	22
2008-12-04	3750	-	-	-	3750	3750	0	0	22
2008-12-05	3750	-	-	-	3750	3750	0	0	22
2008-12-08	3750	3880	3880	3880	3880	3880	130	2	22
2008-12-09	3880	-	-	-	3880	3880	0	0	22
2008-12-10	3880	-	-	-	3880	3880	0	0	22
2008-12-11	3880	-	-	-	3880	3880	0	0	22
2008-12-12	3880	3725	4000	3725	4000	3862	-18	4	20
2008-12-15	3862	3708	3990	3708	3990	3849	-13	4	18
2008-12-16	3849	3696	3696	3696	3696	3696	-153	2	16
2008-12-17	3696	-	-	-	3696	3696	0	0	16
2008-12-18	3696	3552	3750	3552	3649	3624	-72	16	18
2008-12-19	3624	3600	3700	3587	3620	3644	20	210	18
2008-12-22	3644	-	-	-	3644	3644	0	0	18
2008-12-23	3644	3788	3789	3540	3540	3705	61	6	14
2008-12-24	3705	3650	3650	3560	3560	3605	-100	4	14
2008-12-25	3605	3530	3530	3530	3530	3530	-75	2	14
2008-12-26	3530	3670	3670	3670	3670	3670	140	2	12
2008-12-29	3670	-	-	-	3670	3670	0	0	12
2008-12-30	3670	3601	3815	3601	3815	3708	38	4	10
2008-12-31	3708	3850	3850	3701	3701	3775	67	8	6
2009-01-05	3775	3990	3990	3990	3990	3990	215	6	0
2009-01-06	3990	-	-	-	3990	3990	0	0	0
2009-01-07	3990	-	-	-	3990	3990	0	0	0
2009-01-08	3990	-	-	-	3990	3990	0	0	0
2009-01-09	3990	-	-	-	3990	3990	0	0	0
2009-01-12	3990	-	-	-	3990	3990	0	0	0
2009-01-13	3990	-	-	-	3990	3990	0	0	0
2009-01-14	3990	-	-	-	3990	3990	0	0	0
2009-01-15	3990	-	-	-	3990	3990	0	0	0
2009-01-16	3990	-	-	-	3990	3990	0	0	0
