2011-01-18	4666	4755	4755	4676	4690	4705	39	150	12
2011-01-19	4705	4710	4740	4710	4724	4727	22	38	14
2011-01-20	4727	4705	4705	4705	4705	4705	-22	2	12
2011-01-21	4705	4750	4750	4680	4706	4716	11	242	10
2011-01-24	4716	4739	4750	4670	4720	4714	-2	578	8
2011-01-25	4714	-	-	-	4714	4714	0	0	8
2011-01-26	4714	4580	4600	4580	4600	4588	-126	10	8
2011-01-27	4588	4600	4600	4600	4600	4600	12	4	8
2011-01-28	4600	4551	4655	4551	4655	4603	3	4	10
2011-01-31	4603	4700	4700	4582	4639	4646	43	84	26
2011-02-01	4646	4656	4675	4612	4675	4647	1	8	28
2011-02-09	4647	4749	4770	4700	4753	4757	110	22	44
2011-02-10	4757	4770	4870	4770	4820	4821	64	74	24
2011-02-11	4821	4826	4860	4810	4860	4825	4	30	24
2011-02-14	4825	4849	4859	4794	4850	4832	7	58	18
2011-02-15	4832	4795	4830	4795	4805	4821	-11	34	20
2011-02-16	4821	4700	4780	4700	4780	4753	-68	20	20
2011-02-17	4753	4818	4820	4750	4750	4791	38	18	22
2011-02-18	4791	4805	4805	4705	4740	4783	-8	94	26
2011-02-21	4783	4710	4750	4710	4750	4736	-47	6	28
2011-02-22	4736	4720	4779	4701	4730	4743	7	24	34
2011-02-23	4743	4610	4629	4511	4600	4604	-139	24	38
2011-02-24	4604	4580	4598	4526	4543	4563	-41	54	40
2011-02-25	4563	4560	4601	4545	4601	4563	0	26	18
2011-02-28	4563	4698	4698	4600	4618	4641	78	94	22
2011-03-01	4641	4619	4619	4619	4619	4619	-22	6	18
2011-03-02	4619	4638	4749	4615	4728	4701	82	92	16
2011-03-03	4701	4720	4720	4680	4680	4692	-9	20	14
2011-03-04	4692	4710	4747	4680	4680	4714	22	26	16
2011-03-07	4714	4710	4710	4695	4695	4700	-14	8	16
2011-03-08	4700	4600	4600	4600	4600	4600	-100	2	16
2011-03-09	4600	4600	4600	4600	4600	4600	0	4	20
2011-03-10	4600	4572	4609	4572	4605	4591	-9	34	8
2011-03-11	4591	4592	4592	4575	4575	4585	-6	6	12
2011-03-14	4585	4599	4599	4550	4579	4572	-13	26	28
2011-03-15	4572	4579	4625	4552	4625	4577	5	20	26
2011-03-16	4577	4589	4600	4566	4600	4580	3	66	12
2011-03-17	4580	4581	4639	4571	4639	4598	18	34	6
2011-03-18	4598	4635	4654	4635	4636	4638	40	22	12
2011-03-21	4638	4636	4675	4636	4674	4666	28	18	14
2011-03-22	4666	4685	4686	4679	4686	4680	14	26	8
2011-03-23	4680	4675	4719	4675	4715	4696	16	16	2
2011-03-24	4696	4670	4700	4670	4700	4685	-11	8	0
2011-03-25	4685	4795	4795	4763	4774	4773	88	18	4
2011-03-28	4773	4794	4815	4761	4814	4788	15	92	6
2011-03-29	4788	4795	4860	4785	4825	4810	22	106	10
2011-03-30	4810	4850	4850	4780	4799	4814	4	108	22
2011-03-31	4814	4809	4819	4775	4783	4795	-19	44	18
2011-04-01	4795	4761	4820	4761	4800	4807	12	50	32
2011-04-06	4807	4807	4838	4790	4838	4816	9	48	34
2011-04-07	4816	4849	4895	4810	4822	4838	22	670	50
2011-04-08	4838	4813	4817	4786	4812	4797	-41	150	48
2011-04-11	4797	4865	4964	4851	4858	4889	92	24	50
2011-04-12	4889	4835	4835	4792	4805	4821	-68	160	44
2011-04-13	4821	4805	4805	4760	4772	4773	-48	88	36
2011-04-14	4773	4755	4769	4719	4719	4749	-24	88	30
2011-04-15	4749	4763	4763	4699	4721	4731	-18	58	20
2011-04-18	4731	4680	4740	4680	4735	4723	-8	34	18
2011-04-19	4723	4730	4746	4722	4724	4730	7	32	18
2011-04-20	4730	4749	4759	4740	4745	4748	18	54	6
2011-04-21	4748	4746	4746	4746	4746	4746	-2	6	12
2011-04-22	4746	4745	4753	4740	4753	4746	0	12	8
2011-04-25	4746	4760	4760	4731	4740	4746	0	18	6
2011-04-26	4746	4715	4715	4715	4715	4715	-31	4	4
2011-04-27	4715	4700	4715	4700	4714	4709	-6	6	4
2011-04-28	4709	4725	4725	4725	4725	4725	16	2	6
2011-04-29	4725	4702	4702	4653	4653	4673	-52	32	2
2011-05-03	4673	4650	4664	4650	4652	4658	-15	14	10
2011-05-04	4658	4620	4627	4606	4616	4617	-41	86	10
2011-05-05	4617	4590	4659	4590	4659	4642	25	196	162
2011-05-06	4642	4698	4755	4605	4630	4633	-9	28	166
2011-05-09	4633	4650	4699	4650	4699	4671	38	10	170
2011-05-10	4671	4727	4741	4703	4741	4725	54	14	170
2011-05-11	4725	4779	4780	4761	4761	4768	43	14	168
2011-05-12	4768	4713	4827	4713	4765	4775	7	152	66
2011-05-13	4775	4770	4809	4762	4787	4784	9	26	66
2011-05-16	4784	-	-	-	4784	4784	0	0	66
2011-05-17	4784	4750	4759	4661	4739	4739	-45	118	56
2011-05-18	4739	4750	4765	4740	4765	4751	12	6	56
2011-05-19	4751	4785	4820	4750	4761	4788	37	58	46
2011-05-20	4788	4780	4785	4780	4785	4782	-6	4	44
2011-05-23	4782	4814	4818	4745	4807	4810	28	48	46
2011-05-24	4810	4800	4827	4716	4826	4769	-41	64	52
2011-05-25	4769	4815	4820	4812	4812	4816	47	22	56
2011-05-26	4816	4834	4854	4830	4839	4838	22	60	44
2011-05-27	4838	4840	4840	4832	4832	4833	-5	10	42
2011-05-30	4833	4849	4849	4822	4845	4835	2	18	38
2011-05-31	4835	4835	4849	4801	4826	4826	-9	70	36
2011-06-01	4826	-	-	-	4826	4826	0	0	36
2011-06-02	4826	4825	4842	4825	4842	4833	7	24	46
2011-06-03	4833	4833	4898	4832	4883	4869	36	32	52
2011-06-07	4869	4860	4860	4858	4858	4859	-10	10	50
2011-06-08	4859	4870	4870	4845	4859	4860	1	24	48
2011-06-09	4860	4850	4865	4850	4856	4856	-4	30	48
2011-06-10	4856	4900	4900	4852	4852	4863	7	10	46
2011-06-13	4863	4845	4858	4840	4852	4848	-15	12	48
2011-06-14	4848	4860	4863	4845	4853	4854	6	22	44
2011-06-15	4854	4842	4842	4842	4842	4842	-12	2	42
2011-06-16	4842	4848	4848	4789	4789	4832	-10	76	12
2011-06-17	4832	4780	4780	4765	4765	4770	-62	6	16
2011-06-20	4770	4740	4743	4711	4720	4734	-36	14	14
2011-06-21	4734	4738	4744	4730	4739	4736	2	14	10
2011-06-22	4736	-	-	-	4736	4736	0	0	10
2011-06-23	4736	4717	4740	4710	4740	4720	-16	14	14
2011-06-24	4720	-	-	-	4720	4720	0	0	14
2011-06-27	4720	4730	4753	4730	4750	4741	21	16	28
2011-06-28	4741	4751	4751	4751	4751	4751	10	2	26
2011-06-29	4751	-	-	-	4751	4751	0	0	26
2011-06-30	4751	4770	4770	4770	4770	4770	19	2	28
2011-07-01	4770	4705	4778	4705	4778	4753	-17	60	32
2011-07-04	4753	4790	4790	4775	4775	4783	30	16	34
2011-07-05	4783	4770	4770	4770	4770	4770	-13	2	34
2011-07-06	4770	4790	4790	4765	4773	4774	4	48	62
2011-07-07	4774	4825	4825	4805	4805	4812	38	16	62
2011-07-08	4812	4831	4868	4830	4868	4840	28	34	62
2011-07-11	4840	4851	4880	4850	4863	4860	20	60	38
2011-07-12	4860	4850	4850	4826	4826	4840	-20	14	30
2011-07-13	4840	4841	4885	4841	4885	4868	28	24	40
2011-07-14	4868	-	-	-	4868	4868	0	0	40
2011-07-15	4868	-	-	-	4868	4868	0	0	40
2011-07-18	4868	-	-	-	4868	4868	0	0	40
2011-07-19	4868	4890	4900	4876	4876	4891	23	70	36
2011-07-20	4891	4889	4889	4889	4889	4889	-2	2	36
2011-07-21	4889	4870	4895	4837	4895	4870	-19	8	30
2011-07-22	4870	4895	4900	4895	4900	4899	29	80	102
2011-07-25	4899	4885	4899	4885	4890	4890	-9	16	90
2011-07-26	4890	-	-	-	4890	4890	0	0	90
2011-07-27	4890	4955	4958	4955	4958	4956	66	6	90
2011-07-28	4956	4945	4959	4937	4941	4946	-10	12	90
2011-07-29	4946	4951	4969	4932	4932	4955	9	66	122
2011-08-01	4955	4965	4983	4865	4983	4923	-32	134	80
2011-08-02	4923	4998	5030	4991	4992	5004	81	54	60
2011-08-03	5004	5014	5014	5014	5014	5014	10	2	60
2011-08-04	5014	4979	4979	4960	4969	4969	-45	6	54
2011-08-05	4969	4856	4874	4776	4840	4841	-128	30	46
2011-08-08	4841	4850	4855	4772	4812	4838	-3	46	20
2011-08-09	4838	4747	4747	4745	4745	4745	-93	10	20
2011-08-10	4745	4809	4875	4741	4795	4791	46	30	20
2011-08-11	4791	4798	4840	4798	4840	4815	24	10	24
2011-08-12	4815	4876	4876	4861	4861	4868	53	8	22
2011-08-15	4868	4938	4938	4938	4938	4938	70	6	24
2011-08-16	4938	4906	4910	4906	4910	4907	-31	6	22
2011-08-17	4907	-	-	-	4907	4907	0	0	22
2011-08-18	4907	4945	4973	4945	4951	4952	45	16	16
2011-08-19	4952	4930	4930	4905	4920	4916	-36	16	14
2011-08-22	4916	4925	4928	4900	4900	4917	1	6	14
2011-08-23	4917	4906	4921	4906	4921	4913	-4	14	14
2011-08-24	4913	-	-	-	4913	4913	0	0	14
2011-08-25	4913	4840	4840	4840	4840	4840	-73	2	16
2011-08-26	4840	-	-	-	4840	4840	0	0	16
2011-08-29	4840	4939	5020	4939	5020	4973	133	24	30
2011-08-30	4973	-	-	-	4973	4973	0	0	30
2011-08-31	4973	5050	5099	5050	5099	5065	92	16	36
2011-09-01	5065	5145	5145	5120	5120	5129	64	10	30
2011-09-02	5129	-	-	-	5129	5129	0	0	30
2011-09-05	5129	5220	5220	5133	5133	5170	41	10	30
2011-09-06	5170	5053	5070	5051	5068	5061	-109	18	28
2011-09-07	5061	5100	5150	5100	5120	5120	59	18	34
2011-09-08	5120	5143	5170	5143	5170	5156	36	10	38
2011-09-09	5156	5170	5185	5170	5185	5177	21	4	34
2011-09-13	5177	-	-	-	5177	5177	0	0	34
2011-09-14	5177	-	-	-	5177	5177	0	0	34
2011-09-15	5177	5149	5149	5149	5149	5149	-28	14	20
2011-09-16	5149	5129	5129	5112	5112	5120	-29	6	20
2011-09-19	5120	5101	5101	5071	5071	5080	-40	8	18
2011-09-20	5080	5051	5085	5051	5085	5064	-16	10	18
2011-09-21	5064	5070	5070	4851	4851	4960	-104	4	16
2011-09-22	4960	4805	4805	4805	4805	4805	-155	6	16
2011-09-23	4805	4810	4810	4670	4671	4722	-83	14	14
2011-09-26	4722	4662	4662	4662	4662	4662	-60	2	12
2011-09-27	4662	4658	4669	4658	4669	4663	1	4	10
2011-09-28	4663	-	-	-	4663	4663	0	0	10
2011-09-29	4663	-	-	-	4663	4663	0	0	10
2011-09-30	4663	-	-	-	4663	4663	0	0	10
2011-10-10	4663	-	-	-	4663	4663	0	0	10
2011-10-11	4663	4625	4625	4617	4617	4621	-42	4	10
2011-10-12	4621	4701	4769	4701	4769	4723	102	16	8
2011-10-13	4723	4730	4730	4730	4730	4730	7	2	6
2011-10-14	4730	-	-	-	4730	4730	0	0	6
2011-10-17	4730	4800	4800	4711	4711	4755	25	12	8
2011-10-18	4755	4660	4690	4600	4659	4643	-112	36	14
2011-10-19	4643	4614	4615	4550	4550	4592	-51	8	16
2011-10-20	4592	4550	4550	4550	4550	4550	-42	2	16
2011-10-21	4550	4578	4580	4578	4580	4579	29	6	10
2011-10-24	4579	-	-	-	4579	4579	0	0	10
2011-10-25	4579	-	-	-	4579	4579	0	0	10
2011-10-26	4579	-	-	-	4579	4579	0	0	10
2011-10-27	4579	4745	4745	4745	4745	4745	166	2	12
2011-10-28	4745	4766	4766	4766	4766	4766	21	4	10
2011-10-31	4766	-	-	-	4766	4766	0	0	10
2011-11-01	4766	-	-	-	4766	4766	0	0	10
2011-11-02	4766	-	-	-	4766	4766	0	0	10
2011-11-03	4766	-	-	-	4766	4766	0	0	10
2011-11-04	4766	-	-	-	4766	4766	0	0	10
2011-11-07	4766	-	-	-	4766	4766	0	0	10
2011-11-08	4766	-	-	-	4766	4766	0	0	10
2011-11-09	4766	-	-	-	4766	4766	0	0	10
2011-11-10	4766	-	-	-	4766	4766	0	0	10
2011-11-11	4766	4624	4624	4624	4624	4624	-142	2	8
2011-11-14	4624	-	-	-	4624	4624	0	0	8
2011-11-15	4624	-	-	-	4624	4624	0	0	8
2011-11-16	4624	-	-	-	4624	4624	0	0	8
2011-11-17	4624	4775	4775	4630	4720	4705	81	12	8
2011-11-18	4705	-	-	-	4705	4705	0	0	8
2011-11-21	4705	-	-	-	4705	4705	0	0	8
2011-11-22	4705	4650	4650	4650	4650	4650	-55	6	2
2011-11-23	4650	-	-	-	4650	4650	0	0	2
2011-11-24	4650	-	-	-	4650	4650	0	0	2
2011-11-25	4650	-	-	-	4650	4650	0	0	2
2011-11-28	4650	-	-	-	4650	4650	0	0	2
2011-11-29	4650	-	-	-	4650	4650	0	0	2
2011-11-30	4650	-	-	-	4650	4650	0	0	2
2011-12-01	4650	4874	4874	4601	4601	4737	87	4	2
2011-12-02	4737	-	-	-	4737	4737	0	0	2
2011-12-05	4737	-	-	-	4737	4737	0	0	2
2011-12-06	4737	-	-	-	4737	4737	0	0	2
2011-12-07	4737	-	-	-	4737	4737	0	0	2
2011-12-08	4737	-	-	-	4737	4737	0	0	2
2011-12-09	4737	-	-	-	4737	4737	0	0	2
2011-12-12	4737	-	-	-	4737	4737	0	0	2
2011-12-13	4737	-	-	-	4737	4737	0	0	2
2011-12-14	4737	-	-	-	4737	4737	0	0	2
2011-12-15	4737	-	-	-	4737	4737	0	0	2
2011-12-16	4737	-	-	-	4737	4737	0	0	2
2011-12-19	4737	-	-	-	4737	4737	0	0	2
2011-12-20	4737	-	-	-	4737	4737	0	0	2
2011-12-21	4737	4650	4650	4650	4650	4650	-87	2	0
2011-12-22	4650	-	-	-	4650	4650	0	0	0
2011-12-23	4650	-	-	-	4650	4650	0	0	0
2011-12-26	4650	-	-	-	4650	4650	0	0	0
2011-12-27	4650	4875	4875	4426	4700	4630	-20	16	0
2011-12-28	4630	-	-	-	4630	4630	0	0	0
2011-12-29	4630	-	-	-	4630	4630	0	0	0
2011-12-30	4630	-	-	-	4630	4630	0	0	0
2012-01-04	4630	-	-	-	4630	4630	0	0	0
2012-01-05	4630	-	-	-	4630	4630	0	0	0
2012-01-06	4630	-	-	-	4630	4630	0	0	0
2012-01-09	4630	-	-	-	4630	4630	0	0	0
2012-01-10	4630	-	-	-	4630	4630	0	0	0
2012-01-11	4630	-	-	-	4630	4630	0	0	0
2012-01-12	4630	-	-	-	4630	4630	0	0	0
2012-01-13	4630	-	-	-	4630	4630	0	0	0
2012-01-16	4630	-	-	-	4630	4630	0	0	0
2012-01-17	4630	-	-	-	4630	4630	0	0	0
