2010-01-18	4018	-	-	-	4018	4018	0	0	0
2010-01-19	4018	-	-	-	4018	4018	0	0	0
2010-01-20	4018	-	-	-	4018	4018	0	0	0
2010-01-21	4018	-	-	-	4018	4018	0	0	0
2010-01-22	4018	-	-	-	4018	4018	0	0	0
2010-01-25	4018	-	-	-	4018	4018	0	0	0
2010-01-26	4018	-	-	-	4018	4018	0	0	0
2010-01-27	4018	-	-	-	4018	4018	0	0	0
2010-01-28	4018	-	-	-	4018	4018	0	0	0
2010-01-29	4018	-	-	-	4018	4018	0	0	0
2010-02-01	4018	3825	3825	3825	3825	3825	-193	2	2
2010-02-02	3825	3692	3692	3692	3692	3692	-133	2	0
2010-02-03	3692	3820	3839	3810	3825	3826	134	238	212
2010-02-04	3826	3789	3822	3787	3820	3809	-17	62	270
2010-02-05	3809	3865	3888	3858	3858	3869	60	10	276
2010-02-08	3869	-	-	-	3869	3869	0	0	276
2010-02-09	3869	-	-	-	3869	3869	0	0	276
2010-02-10	3869	3823	3915	3823	3915	3882	13	6	280
2010-02-11	3882	3844	3844	3844	3844	3844	-38	2	278
2010-02-12	3844	-	-	-	3844	3844	0	0	278
2010-02-22	3844	3831	3834	3830	3830	3832	-12	220	76
2010-02-23	3832	3843	3894	3811	3855	3847	15	46	38
2010-02-24	3847	3850	3864	3850	3864	3853	6	12	34
2010-02-25	3853	-	-	-	3853	3853	0	0	34
2010-02-26	3853	-	-	-	3853	3853	0	0	34
2010-03-01	3853	3860	3860	3860	3860	3860	7	4	30
2010-03-02	3860	3880	3880	3861	3861	3870	10	4	30
2010-03-03	3870	3882	3882	3880	3880	3881	11	4	28
2010-03-04	3881	3906	3906	3842	3842	3874	-7	4	28
2010-03-05	3874	-	-	-	3874	3874	0	0	28
2010-03-08	3874	-	-	-	3874	3874	0	0	28
2010-03-09	3874	3894	3894	3851	3880	3873	-1	32	26
2010-03-10	3873	3850	3850	3850	3850	3850	-23	2	26
2010-03-11	3850	-	-	-	3850	3850	0	0	26
2010-03-12	3850	-	-	-	3850	3850	0	0	26
2010-03-15	3850	3830	3845	3830	3845	3837	-13	4	22
2010-03-16	3837	3906	3906	3842	3842	3873	36	8	22
2010-03-17	3873	3862	3878	3862	3878	3870	-3	18	24
2010-03-18	3870	-	-	-	3870	3870	0	0	24
2010-03-19	3870	3870	3870	3870	3870	3870	0	2	24
2010-03-22	3870	3871	3900	3871	3900	3887	17	6	26
2010-03-23	3887	-	-	-	3887	3887	0	0	26
2010-03-24	3887	3933	3933	3890	3890	3900	13	18	20
2010-03-25	3900	3765	3930	3765	3890	3848	-52	10	20
2010-03-26	3848	-	-	-	3848	3848	0	0	20
2010-03-29	3848	3911	3911	3901	3910	3907	59	6	18
2010-03-30	3907	-	-	-	3907	3907	0	0	18
2010-03-31	3907	-	-	-	3907	3907	0	0	18
2010-04-01	3907	3902	3918	3902	3918	3910	3	4	18
2010-04-02	3910	3927	3927	3927	3927	3927	17	20	36
2010-04-06	3927	-	-	-	3927	3927	0	0	36
2010-04-07	3927	3939	3939	3910	3915	3933	6	44	20
2010-04-08	3933	3922	3990	3922	3960	3962	29	48	14
2010-04-09	3962	-	-	-	3962	3962	0	0	14
2010-04-12	3962	3962	4005	3962	4001	3995	33	12	14
2010-04-13	3995	4019	4154	3956	4015	4040	45	132	30
2010-04-14	4040	4010	4038	4010	4023	4031	-9	14	30
2010-04-15	4031	4002	4028	4002	4027	4018	-13	20	38
2010-04-16	4018	4055	4060	4045	4046	4049	31	12	36
2010-04-19	4049	3990	4053	3912	4005	4010	-39	68	40
2010-04-20	4010	4039	4067	4039	4067	4046	36	8	38
2010-04-21	4046	4087	4087	4087	4087	4087	41	4	42
2010-04-22	4087	4070	4100	4050	4086	4080	-7	16	42
2010-04-23	4080	4118	4120	4065	4092	4097	17	210	78
2010-04-26	4097	4075	4091	4075	4086	4082	-15	64	54
2010-04-27	4082	4060	4072	4060	4063	4065	-17	32	52
2010-04-28	4065	4041	4067	4041	4047	4050	-15	10	48
2010-04-29	4050	4049	4059	4049	4057	4056	6	10	44
2010-04-30	4056	4031	4070	4031	4067	4052	-4	62	60
2010-05-04	4052	4088	4088	4088	4088	4088	36	4	62
2010-05-05	4088	4048	4129	4048	4128	4114	26	100	72
2010-05-06	4114	4126	4126	4075	4075	4099	-15	130	54
2010-05-07	4099	4000	4016	3954	3954	3992	-107	8	54
2010-05-10	3992	3954	3993	3915	3989	3966	-26	30	44
2010-05-11	3966	3960	3968	3942	3968	3960	-6	16	38
2010-05-12	3960	4015	4015	3962	3979	3989	29	148	50
2010-05-13	3989	3961	3981	3961	3975	3970	-19	14	48
2010-05-14	3970	3950	3962	3950	3962	3958	-12	10	46
2010-05-17	3958	3902	3927	3807	3841	3866	-92	348	104
2010-05-18	3866	3884	3889	3852	3872	3869	3	76	108
2010-05-19	3869	3850	3865	3836	3855	3851	-18	54	114
2010-05-20	3851	3880	3880	3860	3860	3865	14	8	114
2010-05-21	3865	3872	3960	3872	3901	3895	30	28	108
2010-05-24	3895	3887	3927	3887	3921	3920	25	232	312
2010-05-25	3920	3877	3903	3873	3880	3883	-37	18	314
2010-05-26	3883	3877	3909	3871	3909	3886	3	12	316
2010-05-27	3886	3893	3945	3893	3942	3929	43	462	312
2010-05-28	3929	3955	3988	3912	3937	3943	14	226	242
2010-05-31	3943	3912	3912	3889	3889	3909	-34	24	224
2010-06-01	3909	3902	3902	3852	3885	3880	-29	32	224
2010-06-02	3880	3899	3899	3835	3880	3869	-11	50	232
2010-06-03	3869	3891	3891	3888	3888	3890	21	10	230
2010-06-04	3890	3888	3930	3888	3915	3910	20	90	222
2010-06-07	3910	3855	3855	3855	3855	3855	-55	12	216
2010-06-08	3855	3885	3885	3861	3866	3867	12	24	214
2010-06-09	3867	3851	3858	3826	3855	3845	-22	20	208
2010-06-10	3845	3869	3880	3866	3866	3870	25	26	214
2010-06-11	3870	3865	3874	3855	3855	3866	-4	20	206
2010-06-17	3866	3870	3898	3870	3881	3883	17	10	206
2010-06-18	3883	3895	3895	3886	3886	3890	7	14	204
2010-06-21	3890	3886	3886	3886	3886	3886	-4	2	206
2010-06-22	3886	3970	3970	3930	3934	3939	53	10	206
2010-06-23	3939	3900	3925	3900	3925	3912	-27	8	206
2010-06-24	3912	-	-	-	3912	3912	0	0	206
2010-06-25	3912	3944	3944	3888	3905	3908	-4	8	206
2010-06-28	3908	3865	3910	3865	3909	3901	-7	12	208
2010-06-29	3901	3910	3925	3890	3910	3909	8	42	208
2010-06-30	3909	3881	3899	3875	3880	3885	-24	30	192
2010-07-01	3885	3915	3915	3885	3895	3900	15	28	192
2010-07-02	3900	-	-	-	3900	3900	0	0	192
2010-07-05	3900	3886	3898	3881	3897	3892	-8	30	186
2010-07-06	3892	3901	3901	3883	3895	3893	1	30	190
2010-07-07	3893	3889	3910	3874	3906	3895	2	66	184
2010-07-08	3895	3911	3960	3911	3945	3942	47	22	190
2010-07-09	3942	3940	3945	3856	3945	3915	-27	88	212
2010-07-12	3915	3935	3938	3935	3938	3936	21	18	224
2010-07-13	3936	3951	3951	3921	3921	3929	-7	14	228
2010-07-14	3929	3935	3952	3935	3949	3942	13	70	214
2010-07-15	3942	3968	3973	3961	3961	3968	26	182	210
2010-07-16	3968	3988	4034	3937	3990	3980	12	40	212
2010-07-19	3980	4005	4005	4005	4005	4005	25	4	208
2010-07-20	4005	3973	4020	3973	4010	4001	-4	30	224
2010-07-21	4001	4062	4062	4004	4015	4032	31	24	238
2010-07-22	4032	4018	4045	4001	4019	4023	-9	48	250
2010-07-23	4023	4049	4049	4020	4035	4035	12	12	252
2010-07-26	4035	4000	4040	4000	4040	4008	-27	38	240
2010-07-27	4008	4035	4035	4006	4025	4016	8	14	244
2010-07-28	4016	4040	4040	4018	4035	4028	12	8	246
2010-07-29	4028	4032	4055	4032	4055	4047	19	6	246
2010-07-30	4047	4047	4070	4047	4070	4054	7	6	246
2010-08-02	4054	4099	4140	4099	4129	4120	66	26	250
2010-08-03	4120	4105	4149	4105	4149	4117	-3	18	252
2010-08-04	4117	4150	4150	4079	4105	4117	0	48	234
2010-08-05	4117	4105	4140	4088	4140	4106	-11	42	236
2010-08-06	4106	4109	4244	4086	4145	4145	39	60	234
2010-08-09	4145	4143	4160	4143	4154	4149	4	86	200
2010-08-10	4149	4180	4180	4180	4180	4180	31	2	198
2010-08-11	4180	4141	4170	4110	4140	4149	-31	50	202
2010-08-12	4149	4143	4200	4050	4130	4129	-20	56	184
2010-08-13	4129	4176	4195	4176	4195	4190	61	8	184
2010-08-16	4190	4213	4280	4213	4236	4245	55	32	188
2010-08-17	4245	4278	4278	4210	4229	4237	-8	8	186
2010-08-18	4237	4278	4278	4236	4236	4254	17	8	186
2010-08-19	4254	4205	4233	4185	4200	4204	-50	36	186
2010-08-20	4204	4200	4250	4200	4250	4230	26	10	190
2010-08-23	4230	4170	4170	4123	4147	4142	-88	30	192
2010-08-24	4142	-	-	-	4142	4142	0	0	192
2010-08-25	4142	4120	4120	4120	4120	4120	-22	2	192
2010-08-26	4120	4125	4125	4116	4116	4120	0	6	190
2010-08-27	4120	4160	4160	4160	4160	4160	40	4	190
2010-08-30	4160	4190	4190	4190	4190	4190	30	2	190
2010-08-31	4190	4178	4178	4112	4126	4138	-52	6	190
2010-09-01	4138	-	-	-	4138	4138	0	0	190
2010-09-02	4138	-	-	-	4138	4138	0	0	190
2010-09-03	4138	4154	4154	4154	4154	4154	16	2	190
2010-09-06	4154	4198	4198	4198	4198	4198	44	2	190
2010-09-07	4198	4191	4218	4190	4218	4197	-1	14	190
2010-09-08	4197	4220	4235	4220	4235	4227	30	4	190
2010-09-09	4227	4172	4172	4172	4172	4172	-55	2	192
2010-09-10	4172	4180	4186	4166	4166	4179	7	8	186
2010-09-13	4179	4175	4179	4175	4179	4177	-2	8	182
2010-09-14	4177	4150	4178	4123	4178	4157	-20	22	178
2010-09-15	4157	4172	4200	4172	4200	4194	37	10	172
2010-09-16	4194	4210	4218	4210	4218	4214	20	4	174
2010-09-17	4214	4224	4380	4200	4225	4276	62	330	178
2010-09-20	4276	4325	4396	4281	4358	4333	57	668	106
2010-09-21	4333	4315	4315	4280	4280	4297	-36	8	100
2010-09-27	4297	-	-	-	4297	4297	0	0	100
2010-09-28	4297	4360	4360	4320	4360	4340	43	12	98
2010-09-29	4340	4311	4311	4235	4275	4293	-47	18	88
2010-09-30	4293	-	-	-	4293	4293	0	0	88
2010-10-08	4293	4237	4241	4237	4241	4239	-54	4	88
2010-10-11	4239	4350	4405	4331	4401	4359	120	14	98
2010-10-12	4359	4403	4410	4403	4403	4404	45	12	98
2010-10-13	4404	4420	4420	4401	4415	4412	8	6	96
2010-10-14	4412	4411	4436	4321	4430	4379	-33	846	100
2010-10-15	4379	-	-	-	4379	4379	0	0	100
2010-10-18	4379	4400	4410	4370	4410	4389	10	32	98
2010-10-19	4389	4448	4448	4448	4448	4448	59	2	100
2010-10-20	4448	4410	4410	4410	4410	4410	-38	2	98
2010-10-21	4410	4549	4557	4470	4498	4505	95	60	94
2010-10-22	4505	4490	4515	4490	4515	4502	-3	4	96
2010-10-25	4502	4610	4610	4610	4610	4610	108	2	96
2010-10-26	4610	4550	4550	4550	4550	4550	-60	2	94
2010-10-27	4550	4630	4630	4444	4502	4533	-17	18	92
2010-10-28	4533	4489	4489	4489	4489	4489	-44	4	96
2010-10-29	4489	-	-	-	4489	4489	0	0	96
2010-11-01	4489	4500	4515	4500	4515	4504	15	18	98
2010-11-02	4504	4505	4555	4505	4516	4519	15	26	100
2010-11-03	4519	4522	4522	4500	4500	4509	-10	10	92
2010-11-04	4509	4520	4598	4505	4598	4535	26	22	94
2010-11-05	4535	4700	4716	4671	4716	4699	164	16	94
2010-11-08	4699	4830	4830	4830	4830	4830	131	2	96
2010-11-09	4830	4964	4964	4741	4741	4852	22	4	96
2010-11-10	4852	4853	4853	4850	4850	4851	-1	6	90
2010-11-11	4851	-	-	-	4851	4851	0	0	90
2010-11-12	4851	4700	4700	4700	4700	4700	-151	2	88
2010-11-15	4700	4540	4600	4540	4600	4566	-134	6	86
2010-11-16	4566	4567	4620	4567	4620	4592	26	14	84
2010-11-17	4592	4489	4489	4445	4445	4465	-127	12	78
2010-11-18	4465	4580	4580	4410	4460	4483	18	6	78
2010-11-19	4483	4441	4441	4441	4441	4441	-42	4	78
2010-11-22	4441	4380	4400	4380	4400	4390	-51	4	78
2010-11-23	4390	4450	4450	4450	4450	4450	60	2	78
2010-11-24	4450	4579	4579	4453	4453	4479	29	10	78
2010-11-25	4479	4463	4463	4463	4463	4463	-16	4	78
2010-11-26	4463	4403	4403	4403	4403	4403	-60	2	76
2010-11-29	4403	4232	4400	4232	4400	4344	-59	6	76
2010-11-30	4344	4379	4380	4360	4360	4373	29	6	74
2010-12-01	4373	4390	4390	4380	4380	4389	16	24	72
2010-12-02	4389	4226	4390	4226	4389	4348	-41	8	72
2010-12-03	4348	4418	4418	4418	4418	4418	70	2	72
2010-12-06	4418	4430	4430	4430	4430	4430	12	4	68
2010-12-07	4430	4420	4430	4420	4426	4422	-8	16	54
2010-12-08	4422	4420	4426	4420	4420	4422	0	8	50
2010-12-09	4422	4444	4444	4420	4420	4426	4	10	44
2010-12-10	4426	4380	4420	4380	4390	4406	-20	10	40
2010-12-13	4406	4402	4402	4400	4400	4400	-6	6	38
2010-12-14	4400	-	-	-	4400	4400	0	0	38
2010-12-15	4400	-	-	-	4400	4400	0	0	38
2010-12-16	4400	-	-	-	4400	4400	0	0	38
2010-12-17	4400	4500	4500	4500	4500	4500	100	2	38
2010-12-20	4500	-	-	-	4500	4500	0	0	38
2010-12-21	4500	-	-	-	4500	4500	0	0	38
2010-12-22	4500	-	-	-	4500	4500	0	0	38
2010-12-23	4500	-	-	-	4500	4500	0	0	38
2010-12-24	4500	4749	4749	4451	4460	4601	101	24	38
2010-12-27	4601	4360	4410	4360	4400	4382	-219	16	36
2010-12-28	4382	4365	4365	4365	4365	4365	-17	2	36
2010-12-29	4365	4361	4419	4361	4419	4390	25	4	34
2010-12-30	4390	4390	4390	4390	4390	4390	0	16	18
2010-12-31	4390	4390	4650	4390	4650	4621	231	18	0
2011-01-04	4621	-	-	-	4621	4621	0	0	0
2011-01-05	4621	-	-	-	4621	4621	0	0	0
2011-01-06	4621	-	-	-	4621	4621	0	0	0
2011-01-07	4621	-	-	-	4621	4621	0	0	0
2011-01-10	4621	-	-	-	4621	4621	0	0	0
2011-01-11	4621	-	-	-	4621	4621	0	0	0
2011-01-12	4621	-	-	-	4621	4621	0	0	0
2011-01-13	4621	-	-	-	4621	4621	0	0	0
2011-01-14	4621	-	-	-	4621	4621	0	0	0
2011-01-17	4621	-	-	-	4621	4621	0	0	0
