2009-01-19	3301	-	-	-	3301	3301	0	0	0
2009-01-20	3301	-	-	-	3301	3301	0	0	0
2009-01-21	3301	3300	3300	3240	3240	3265	-36	16	10
2009-01-22	3265	3280	3350	3230	3240	3253	-12	48	22
2009-01-23	3253	3300	3300	3228	3231	3243	-10	24	20
2009-02-02	3243	3210	3210	3210	3210	3210	-33	2	20
2009-02-03	3210	3340	3380	3230	3260	3307	97	16	22
2009-02-04	3307	3350	3350	3270	3270	3318	11	36	30
2009-02-05	3318	3340	3420	3320	3350	3366	48	22	38
2009-02-06	3366	3440	3440	3340	3360	3385	19	24	38
2009-02-09	3385	3380	3437	3380	3429	3418	33	22	38
2009-02-10	3418	3450	3450	3410	3410	3430	12	6	36
2009-02-11	3430	3422	3423	3333	3333	3390	-40	16	42
2009-02-12	3390	-	-	-	3390	3390	0	0	42
2009-02-13	3390	-	-	-	3390	3390	0	0	42
2009-02-16	3390	3401	3401	3333	3335	3371	-19	18	38
2009-02-17	3371	3330	3330	3330	3330	3330	-41	2	38
2009-02-18	3330	3250	3250	3197	3197	3214	-116	14	38
2009-02-19	3214	3188	3188	3160	3160	3174	-40	4	38
2009-02-20	3174	-	-	-	3174	3174	0	0	38
2009-02-23	3174	3280	3280	3252	3252	3266	92	4	38
2009-02-24	3266	3230	3279	3180	3230	3232	-34	20	34
2009-02-25	3232	3350	3350	3250	3289	3300	68	38	34
2009-02-26	3300	3289	3290	3260	3290	3285	-15	32	22
2009-02-27	3285	3200	3229	3162	3190	3191	-94	26	22
2009-03-02	3191	3290	3290	3177	3190	3197	6	22	26
2009-03-03	3197	-	-	-	3197	3197	0	0	26
2009-03-04	3197	3172	3231	3172	3231	3201	4	4	26
2009-03-05	3201	3290	3290	3230	3230	3251	50	6	28
2009-03-06	3251	-	-	-	3251	3251	0	0	28
2009-03-09	3251	3320	3320	3232	3232	3259	8	24	32
2009-03-10	3259	3260	3260	3235	3235	3247	-12	4	32
2009-03-11	3247	3208	3254	3190	3222	3230	-17	42	50
2009-03-12	3230	3230	3230	3178	3178	3206	-24	6	50
2009-03-13	3206	3190	3240	3190	3240	3233	27	312	176
2009-03-16	3233	3245	3263	3234	3244	3236	3	172	42
2009-03-17	3236	-	-	-	3236	3236	0	0	42
2009-03-18	3236	3289	3289	3241	3273	3268	32	18	44
2009-03-19	3268	3234	3310	3234	3310	3278	10	28	34
2009-03-20	3278	-	-	-	3278	3278	0	0	34
2009-03-23	3278	3405	3405	3405	3405	3405	127	4	34
2009-03-24	3405	-	-	-	3405	3405	0	0	34
2009-03-25	3405	3360	3362	3360	3362	3361	-44	10	32
2009-03-26	3361	3360	3365	3357	3362	3361	0	36	28
2009-03-27	3361	3350	3350	3350	3350	3350	-11	6	28
2009-03-30	3350	3330	3330	3290	3292	3298	-52	10	26
2009-03-31	3298	3323	3323	3300	3300	3309	11	6	28
2009-04-01	3309	3355	3355	3355	3355	3355	46	4	24
2009-04-02	3355	3388	3388	3360	3360	3373	18	40	34
2009-04-03	3373	3380	3422	3360	3360	3384	11	52	50
2009-04-07	3384	3382	3382	3382	3382	3382	-2	2	50
2009-04-08	3382	3395	3405	3380	3390	3392	10	640	98
2009-04-09	3392	3439	3450	3400	3435	3422	30	158	38
2009-04-10	3422	3481	3495	3460	3495	3482	60	12	32
2009-04-13	3482	3490	3550	3440	3440	3509	27	72	34
2009-04-14	3509	3485	3485	3460	3460	3461	-48	64	90
2009-04-15	3461	3510	3525	3491	3496	3511	50	276	86
2009-04-16	3511	3546	3585	3523	3530	3532	21	68	72
2009-04-17	3532	3556	3560	3523	3550	3543	11	88	118
2009-04-20	3543	3535	3575	3445	3450	3505	-38	196	74
2009-04-21	3505	3412	3447	3411	3442	3433	-72	48	68
2009-04-22	3433	3480	3480	3460	3460	3467	34	54	54
2009-04-23	3467	3451	3468	3420	3463	3445	-22	52	72
2009-04-24	3445	3452	3470	3431	3445	3450	5	28	74
2009-04-27	3450	3325	3325	3312	3312	3313	-137	20	82
2009-04-28	3313	3287	3313	3265	3280	3282	-31	130	54
2009-04-29	3282	3250	3318	3250	3302	3294	12	46	60
2009-04-30	3294	3360	3379	3350	3375	3368	74	34	36
2009-05-04	3368	3502	3502	3502	3502	3502	134	24	40
2009-05-05	3502	3471	3471	3471	3471	3471	-31	4	40
2009-05-06	3471	3485	3520	3463	3515	3488	17	38	44
2009-05-07	3488	3510	3550	3470	3498	3497	9	126	58
2009-05-08	3497	3445	3509	3445	3495	3485	-12	84	56
2009-05-11	3485	3482	3482	3410	3440	3446	-39	46	52
2009-05-12	3446	3478	3480	3462	3469	3468	22	26	56
2009-05-13	3468	3472	3486	3472	3486	3476	8	14	48
2009-05-14	3476	3485	3485	3436	3456	3451	-25	50	48
2009-05-15	3451	3463	3530	3463	3490	3500	49	38	44
2009-05-18	3500	3410	3410	3410	3410	3410	-90	2	44
2009-05-19	3410	3469	3475	3469	3475	3471	61	16	42
2009-05-20	3471	3495	3607	3495	3578	3591	120	600	366
2009-05-21	3591	3665	3665	3530	3560	3577	-14	848	456
2009-05-22	3577	3608	3640	3608	3616	3621	44	1302	166
2009-05-25	3621	3695	3765	3603	3657	3663	42	562	154
2009-05-26	3663	3669	3669	3622	3622	3646	-17	154	144
2009-05-27	3646	3668	3687	3623	3661	3666	20	332	258
2009-06-01	3666	3680	3758	3680	3748	3715	49	342	222
2009-06-02	3715	3720	3770	3720	3720	3746	31	106	218
2009-06-03	3746	3742	3760	3733	3750	3740	-6	82	214
2009-06-04	3740	3710	3750	3696	3731	3720	-20	80	208
2009-06-05	3720	3789	3789	3754	3754	3776	56	102	214
2009-06-08	3776	3760	3767	3702	3702	3747	-29	164	238
2009-06-09	3747	3701	3730	3650	3703	3691	-56	76	224
2009-06-10	3691	3748	3748	3678	3678	3702	11	220	286
2009-06-11	3702	3697	3730	3682	3685	3693	-9	134	276
2009-06-12	3693	3737	3737	3652	3652	3700	7	130	254
2009-06-15	3700	3611	3670	3611	3660	3645	-55	76	244
2009-06-16	3645	3600	3690	3600	3650	3634	-11	46	242
2009-06-17	3634	3650	3660	3610	3642	3634	0	160	224
2009-06-18	3634	3650	3670	3621	3632	3642	8	66	216
2009-06-19	3642	3650	3660	3625	3634	3637	-5	82	218
2009-06-22	3637	3560	3609	3555	3609	3584	-53	76	212
2009-06-23	3584	3585	3655	3573	3645	3622	38	390	228
2009-06-24	3622	3625	3642	3618	3625	3625	3	150	174
2009-06-25	3625	3603	3638	3592	3627	3627	2	78	168
2009-06-26	3627	3639	3665	3625	3650	3641	14	76	154
2009-06-29	3641	3637	3641	3618	3625	3627	-14	112	140
2009-06-30	3627	3643	3656	3631	3645	3643	16	32	114
2009-07-01	3643	3655	3688	3655	3679	3677	34	76	114
2009-07-02	3677	3749	3749	3676	3688	3714	37	78	102
2009-07-03	3714	3665	3672	3604	3622	3648	-66	26	100
2009-07-06	3648	3636	3636	3597	3601	3607	-41	8	98
2009-07-07	3607	3607	3629	3607	3610	3615	8	24	90
2009-07-08	3615	3532	3532	3481	3515	3514	-101	34	84
2009-07-09	3514	3528	3530	3513	3513	3521	7	40	76
2009-07-10	3521	3511	3550	3480	3531	3516	-5	76	76
2009-07-13	3516	3570	3580	3516	3520	3534	18	22	68
2009-07-14	3534	3512	3529	3512	3529	3516	-18	8	62
2009-07-15	3516	3560	3560	3528	3559	3535	19	112	46
2009-07-16	3535	3550	3550	3502	3540	3528	-7	50	38
2009-07-17	3528	3490	3535	3485	3524	3500	-28	96	34
2009-07-20	3500	3545	3570	3538	3570	3554	54	90	42
2009-07-21	3554	3560	3560	3549	3552	3553	-1	28	42
2009-07-22	3553	3525	3580	3525	3578	3561	8	48	40
2009-07-23	3561	3560	3590	3553	3555	3561	0	60	42
2009-07-24	3561	3557	3568	3542	3542	3558	-3	46	34
2009-07-27	3558	3521	3540	3521	3521	3526	-32	18	34
2009-07-28	3526	3542	3594	3534	3535	3557	31	80	86
2009-07-29	3557	3559	3563	3530	3530	3548	-9	140	54
2009-07-30	3548	3530	3530	3530	3530	3530	-18	10	58
2009-07-31	3530	3610	3650	3592	3650	3611	81	44	48
2009-08-03	3611	3690	3698	3671	3698	3688	77	28	50
2009-08-04	3688	3651	3720	3651	3710	3699	11	38	50
2009-08-05	3699	3727	3750	3726	3750	3730	31	14	50
2009-08-06	3730	-	-	-	3730	3730	0	0	50
2009-08-07	3730	3677	3760	3677	3720	3709	-21	22	50
2009-08-10	3709	3730	3776	3730	3776	3756	47	30	54
2009-08-11	3756	3772	3794	3772	3794	3788	32	8	48
2009-08-12	3788	3858	3888	3843	3860	3851	63	64	42
2009-08-13	3851	3801	3860	3801	3850	3845	-6	28	24
2009-08-14	3845	3802	3802	3802	3802	3802	-43	6	18
2009-08-17	3802	-	-	-	3802	3802	0	0	18
2009-08-18	3802	3682	3748	3682	3748	3715	-87	4	18
2009-08-19	3715	3682	3772	3631	3631	3695	-20	6	16
2009-08-20	3695	3682	3752	3682	3740	3713	18	14	14
2009-08-21	3713	3720	3799	3651	3672	3698	-15	12	12
2009-08-24	3698	3720	3820	3720	3766	3768	70	12	12
2009-08-25	3768	3850	3850	3800	3820	3823	55	6	6
2009-08-26	3823	3730	3830	3730	3830	3780	-43	4	6
2009-08-27	3780	3673	3851	3673	3851	3768	-12	10	6
2009-08-28	3768	3855	3859	3855	3859	3857	89	6	10
2009-08-31	3857	3890	3900	3735	3898	3877	20	40	26
2009-09-01	3877	3888	3939	3841	3877	3866	-11	84	14
2009-09-02	3866	3791	3794	3713	3745	3742	-124	34	14
2009-09-03	3742	3738	3738	3693	3710	3712	-30	18	16
2009-09-04	3712	3708	3708	3670	3672	3689	-23	8	14
2009-09-07	3689	-	-	-	3689	3689	0	0	14
2009-09-08	3689	-	-	-	3689	3689	0	0	14
2009-09-09	3689	3688	3688	3680	3680	3686	-3	10	16
2009-09-10	3686	-	-	-	3686	3686	0	0	16
2009-09-11	3686	-	-	-	3686	3686	0	0	16
2009-09-14	3686	-	-	-	3686	3686	0	0	16
2009-09-15	3686	3650	3650	3650	3650	3650	-36	2	14
2009-09-16	3650	3773	3773	3773	3773	3773	123	2	12
2009-09-17	3773	3800	3800	3800	3800	3800	27	2	12
2009-09-18	3800	3850	3870	3756	3756	3843	43	18	12
2009-09-21	3843	3785	3785	3785	3785	3785	-58	2	10
2009-09-22	3785	-	-	-	3785	3785	0	0	10
2009-09-23	3785	3900	3900	3750	3750	3825	40	4	10
2009-09-24	3825	-	-	-	3825	3825	0	0	10
2009-09-25	3825	3703	3721	3703	3721	3712	-113	4	10
2009-09-28	3712	3792	3792	3670	3670	3731	19	4	12
2009-09-29	3731	3651	3660	3651	3660	3655	-76	4	8
2009-09-30	3655	3541	3750	3541	3665	3686	31	14	10
2009-10-09	3686	3878	3878	3705	3705	3776	90	8	10
2009-10-12	3776	-	-	-	3776	3776	0	0	10
2009-10-13	3776	3736	3819	3736	3819	3777	1	4	10
2009-10-14	3777	-	-	-	3777	3777	0	0	10
2009-10-15	3777	-	-	-	3777	3777	0	0	10
2009-10-16	3777	3832	3832	3780	3780	3806	29	8	10
2009-10-19	3806	3922	3922	3841	3875	3897	91	28	22
2009-10-20	3897	3937	3937	3829	3850	3876	-21	18	24
2009-10-21	3876	3847	3847	3847	3847	3847	-29	2	24
2009-10-22	3847	3880	3880	3835	3857	3865	18	26	14
2009-10-23	3865	3900	3900	3858	3898	3885	20	10	10
2009-10-26	3885	3898	3900	3865	3898	3891	6	10	10
2009-10-27	3891	-	-	-	3891	3891	0	0	10
2009-10-28	3891	-	-	-	3891	3891	0	0	10
2009-10-29	3891	3857	3857	3857	3857	3857	-34	2	8
2009-10-30	3857	-	-	-	3857	3857	0	0	8
2009-11-02	3857	3802	3880	3802	3855	3850	-7	28	12
2009-11-03	3850	3992	3992	3857	3918	3920	70	22	12
2009-11-04	3920	-	-	-	3920	3920	0	0	12
2009-11-05	3920	-	-	-	3920	3920	0	0	12
2009-11-06	3920	-	-	-	3920	3920	0	0	12
2009-11-09	3920	3924	3935	3900	3900	3915	-5	8	12
2009-11-10	3915	3870	3900	3870	3900	3880	-35	6	10
2009-11-11	3880	-	-	-	3880	3880	0	0	10
2009-11-12	3880	-	-	-	3880	3880	0	0	10
2009-11-13	3880	-	-	-	3880	3880	0	0	10
2009-11-16	3880	3960	3960	3912	3912	3939	59	6	12
2009-11-17	3939	3901	3935	3901	3935	3923	-16	6	14
2009-11-18	3923	-	-	-	3923	3923	0	0	14
2009-11-19	3923	3916	3916	3916	3916	3916	-7	2	12
2009-11-20	3916	-	-	-	3916	3916	0	0	12
2009-11-23	3916	-	-	-	3916	3916	0	0	12
2009-11-24	3916	-	-	-	3916	3916	0	0	12
2009-11-25	3916	3916	4000	3916	4000	3958	42	8	12
2009-11-26	3958	3961	4046	3961	4046	4013	55	16	8
2009-11-27	4013	4135	4135	3950	4037	4003	-10	58	8
2009-11-30	4003	-	-	-	4003	4003	0	0	8
2009-12-01	4003	-	-	-	4003	4003	0	0	8
2009-12-02	4003	-	-	-	4003	4003	0	0	8
2009-12-03	4003	-	-	-	4003	4003	0	0	8
2009-12-04	4003	4076	4076	4076	4076	4076	73	2	6
2009-12-07	4076	-	-	-	4076	4076	0	0	6
2009-12-08	4076	4181	4235	4071	4125	4151	75	34	8
2009-12-09	4151	4016	4292	4016	4122	4132	-19	42	4
2009-12-10	4132	4002	4179	4002	4179	4090	-42	12	4
2009-12-11	4090	-	-	-	4090	4090	0	0	4
2009-12-14	4090	-	-	-	4090	4090	0	0	4
2009-12-15	4090	-	-	-	4090	4090	0	0	4
2009-12-16	4090	-	-	-	4090	4090	0	0	4
2009-12-17	4090	-	-	-	4090	4090	0	0	4
2009-12-18	4090	-	-	-	4090	4090	0	0	4
2009-12-21	4090	4050	4050	4050	4050	4050	-40	2	4
2009-12-22	4050	-	-	-	4050	4050	0	0	4
2009-12-23	4050	-	-	-	4050	4050	0	0	4
2009-12-24	4050	-	-	-	4050	4050	0	0	4
2009-12-25	4050	-	-	-	4050	4050	0	0	4
2009-12-28	4050	-	-	-	4050	4050	0	0	4
2009-12-29	4050	-	-	-	4050	4050	0	0	4
2009-12-30	4050	4150	4150	4150	4150	4150	100	2	2
2009-12-31	4150	4316	4316	4316	4316	4316	166	2	0
2010-01-04	4316	-	-	-	4316	4316	0	0	0
2010-01-05	4316	-	-	-	4316	4316	0	0	0
2010-01-06	4316	-	-	-	4316	4316	0	0	0
2010-01-07	4316	-	-	-	4316	4316	0	0	0
2010-01-08	4316	-	-	-	4316	4316	0	0	0
2010-01-11	4316	-	-	-	4316	4316	0	0	0
2010-01-12	4316	-	-	-	4316	4316	0	0	0
2010-01-13	4316	-	-	-	4316	4316	0	0	0
2010-01-14	4316	-	-	-	4316	4316	0	0	0
2010-01-15	4316	-	-	-	4316	4316	0	0	0
