2010-01-04	1992	1977	1977	1977	1977	1977	-15	4	102
2010-01-05	1977	0	0	0	0	1980	-1977	0	102
2010-01-06	1980	1982	1998	1982	1998	1990	18	4	102
2010-01-07	1990	0	0	0	0	1990	-1990	0	102
2010-01-08	1990	1981	1997	1981	1997	1989	7	4	102
2010-01-11	1989	0	0	0	0	1989	-1989	0	102
2010-01-12	1989	2007	2007	1982	1982	1995	-7	4	100
2010-01-13	1995	1980	1980	1980	1980	1980	-15	2	100
2010-01-14	1980	1977	1977	1977	1977	1977	-3	4	96
2010-01-15	1977	1971	1990	1971	1971	1974	-6	30	78
2010-01-18	1974	1957	1985	1957	1972	1966	-2	18	76
2010-01-19	1966	1945	1980	1945	1980	1963	14	4	76
2010-01-20	1963	1985	1985	1931	1960	1963	-3	14	80
2010-01-21	1963	1975	1975	1953	1975	1965	12	12	80
2010-01-22	1965	0	0	0	0	1965	-1965	0	80
2010-01-25	1965	1984	1984	1969	1969	1978	4	6	78
2010-01-26	1978	1960	1960	1960	1960	1960	-18	2	78
2010-01-27	1960	1906	1958	1906	1946	1929	-14	14	80
2010-01-28	1929	1975	1975	1904	1956	1943	27	24	80
2010-01-29	1943	1928	1960	1928	1950	1943	7	14	80
2010-02-01	1943	0	0	0	0	1943	-1943	0	80
2010-02-02	1943	0	0	0	0	1943	-1943	0	80
2010-02-03	1943	1939	1939	1939	1939	1939	-4	2	80
2010-02-04	1939	0	0	0	0	1939	-1939	0	80
2010-02-05	1939	1912	1954	1912	1934	1934	-5	10	78
2010-02-08	1934	1930	1930	1930	1930	1930	-4	2	76
2010-02-09	1930	0	0	0	0	1930	-1930	0	76
2010-02-10	1930	0	0	0	0	1930	-1930	0	76
2010-02-11	1930	1940	1964	1931	1960	1955	30	84	32
2010-02-12	1955	1950	1950	1950	1950	1950	-5	6	30
2010-02-22	1950	1957	1957	1956	1956	1956	6	6	26
2010-02-23	1956	1991	1991	1958	1960	1966	4	10	20
2010-02-24	1966	1953	1953	1953	1953	1953	-13	2	20
2010-02-25	1953	1968	1968	1943	1943	1956	-10	4	20
2010-02-26	1956	1940	1963	1940	1963	1952	7	4	20
2010-03-01	1952	1954	1954	1954	1954	1954	2	2	20
2010-03-02	1954	1944	1961	1944	1961	1953	7	8	20
2010-03-03	1953	0	0	0	0	1953	-1953	0	20
2010-03-04	1953	0	0	0	0	1953	-1953	0	20
2010-03-05	1953	0	0	0	0	1953	-1953	0	20
2010-03-08	1953	1914	1970	1914	1949	1941	-4	18	22
2010-03-09	1941	1967	1967	1950	1961	1961	20	14	18
2010-03-10	1961	1954	1960	1952	1953	1956	-8	12	18
2010-03-11	1956	1946	1946	1946	1946	1946	-10	4	14
2010-03-12	1946	1943	1943	1938	1938	1941	-8	16	24
2010-03-15	1941	1934	1934	1934	1934	1934	-7	6	24
2010-03-16	1934	1938	1938	1938	1938	1938	4	2	26
2010-03-17	1938	0	0	0	0	1938	-1938	0	26
2010-03-18	1938	1922	1943	1922	1943	1936	5	6	28
2010-03-19	1936	1943	1943	1932	1932	1938	-4	8	28
2010-03-22	1938	1941	1941	1935	1935	1940	-3	10	34
2010-03-23	1940	1944	1944	1935	1935	1940	-5	6	34
2010-03-24	1940	1954	1954	1935	1935	1941	-5	6	36
2010-03-25	1941	1969	1969	1935	1937	1951	-4	8	34
2010-03-26	1951	1936	1943	1936	1943	1939	-8	10	34
2010-03-29	1939	0	0	0	0	1939	-1939	0	34
2010-03-30	1939	1967	1977	1935	1945	1954	6	14	34
2010-03-31	1954	1951	1951	1936	1949	1944	-5	10	32
2010-04-01	1944	1936	1948	1932	1943	1940	-1	28	32
2010-04-02	1940	1932	1932	1932	1932	1932	-8	2	34
2010-04-06	1932	1933	1933	1932	1932	1932	0	6	36
2010-04-07	1932	1932	1932	1931	1931	1932	-1	4	36
2010-04-08	1932	1929	1929	1929	1929	1929	-3	2	38
2010-04-09	1929	0	0	0	0	1929	-1929	0	38
2010-04-12	1929	1927	1928	1926	1926	1927	-3	8	38
2010-04-13	1927	1945	1945	1900	1922	1923	-5	70	60
2010-04-14	1923	1918	1921	1916	1916	1919	-7	14	60
2010-04-15	1919	1915	1915	1895	1901	1906	-18	18	70
2010-04-16	1906	1893	1894	1889	1889	1892	-17	14	68
2010-04-19	1892	1887	1892	1881	1883	1885	-9	26	66
2010-04-20	1885	1832	1884	1832	1883	1862	-2	34	66
2010-04-21	1862	1880	1881	1877	1881	1879	19	10	62
2010-04-22	1879	1880	1885	1875	1875	1879	-4	50	66
2010-04-23	1879	1882	1882	1875	1881	1879	2	58	72
2010-04-26	1879	1877	1887	1877	1884	1884	5	30	76
2010-04-27	1884	1860	1886	1860	1877	1872	-7	12	74
2010-04-28	1872	1861	1889	1861	1872	1872	0	62	72
2010-04-29	1872	1883	1883	1868	1877	1875	5	12	72
2010-04-30	1875	1877	1877	1871	1875	1873	0	14	70
2010-05-04	1873	1878	1878	1868	1868	1875	-5	6	70
2010-05-05	1875	1865	1874	1865	1874	1871	-1	10	74
2010-05-06	1871	1871	1880	1870	1870	1873	-1	20	74
2010-05-07	1873	1872	1872	1858	1859	1864	-14	20	74
2010-05-10	1864	1860	1863	1860	1863	1862	-1	6	74
2010-05-11	1862	1870	1871	1870	1870	1870	8	14	72
2010-05-12	1870	0	0	0	0	1871	-1870	0	72
2010-05-13	1871	1880	1880	1878	1878	1879	7	6	70
2010-05-14	1879	0	0	0	0	1879	-1879	0	70
2010-05-17	1879	1869	1871	1869	1871	1870	-8	28	68
2010-05-18	1870	1871	1873	1870	1870	1872	0	12	70
2010-05-19	1872	1876	1876	1868	1868	1871	-4	12	68
2010-05-20	1871	1865	1886	1858	1858	1870	-13	6	70
2010-05-21	1870	0	0	0	0	1870	-1870	0	70
2010-05-24	1870	1912	1912	1870	1870	1879	0	30	74
2010-05-25	1879	1879	1879	1869	1869	1874	-10	4	74
2010-05-26	1874	1853	1880	1853	1869	1865	-5	18	76
2010-05-27	1865	1853	1867	1853	1867	1860	2	4	76
2010-05-28	1860	1878	1881	1878	1881	1880	21	14	84
2010-05-31	1880	1868	1885	1868	1884	1880	4	14	78
2010-06-01	1880	1877	1888	1865	1888	1881	8	16	70
2010-06-02	1881	1870	1870	1870	1870	1870	-11	2	70
2010-06-03	1870	1870	1881	1869	1869	1872	-1	10	70
2010-06-04	1872	0	0	0	0	1874	-1872	0	70
2010-06-07	1874	1884	1884	1884	1884	1884	10	2	72
2010-06-08	1884	1872	1872	1872	1872	1872	-12	2	72
2010-06-09	1872	1866	1867	1866	1867	1867	-5	4	72
2010-06-10	1867	1877	1885	1870	1870	1873	3	14	70
2010-06-11	1873	1870	1870	1806	1806	1814	-67	46	64
2010-06-17	1814	1798	1840	1798	1828	1824	14	44	68
2010-06-18	1824	1829	1829	1829	1829	1829	5	4	70
2010-06-22	1826	1840	1863	1771	1857	1840	31	26	74
2010-06-23	1840	1845	1845	1845	1845	1845	5	2	72
2010-06-24	1845	1833	1833	1833	1833	1833	-12	2	72
2010-06-25	1833	0	0	0	0	1838	-1833	0	72
2010-06-28	1838	1824	1824	1824	1824	1824	-14	2	72
2010-06-29	1824	0	0	0	0	1824	-1824	0	72
2010-06-30	1824	1771	1879	1771	1879	1876	55	76	72
2010-07-02	1960	0	0	0	0	1960	-1960	0	72
2010-07-05	1960	0	0	0	0	1960	-1960	0	72
2010-07-06	1960	0	0	0	0	1960	-1960	0	72
2010-07-07	1960	0	0	0	0	1960	-1960	0	72
2010-07-08	1960	0	0	0	0	1960	-1960	0	72
2010-07-09	1960	0	0	0	0	1960	-1960	0	72
2010-07-12	1960	0	0	0	0	1960	-1960	0	64
2010-07-13	1960	0	0	0	0	1960	-1960	0	64
2010-07-14	1960	0	0	0	0	1960	-1960	0	64
2010-07-15	1960	0	0	0	0	1960	-1960	0	64
2010-07-16	1960	0	0	0	0	1960	-1960	0	64
2010-07-19	1960	0	0	0	0	1960	-1960	0	64
2010-07-20	1960	0	0	0	0	1960	-1960	0	64
2010-07-21	1960	0	0	0	0	1960	-1960	0	64
