2011-09-23	2251	2269	2378	2269	2306	2308	55	76	52
2011-09-26	2308	2390	2390	2265	2266	2295	-42	288	214
2011-09-27	2295	2291	2291	2275	2287	2283	-8	106	232
2011-09-28	2283	2280	2284	2267	2279	2275	-4	94	182
2011-09-29	2275	2261	2276	2260	2267	2267	-8	58	170
2011-09-30	2267	2276	2292	2273	2292	2283	25	16	166
2011-10-10	2283	2303	2303	2276	2278	2284	-5	24	160
2011-10-11	2284	2296	2296	2266	2266	2274	-18	32	154
2011-10-12	2274	2266	2272	2266	2272	2270	-2	36	174
2011-10-13	2270	2263	2272	2262	2272	2266	2	36	200
2011-10-14	2266	2273	2283	2268	2283	2273	17	346	478
2011-10-17	2273	2283	2296	2280	2281	2287	8	236	640
2011-10-18	2287	2285	2285	2260	2268	2268	-19	174	598
2011-10-19	2268	2273	2273	2272	2272	2272	4	14	612
2011-10-20	2272	2254	2255	2250	2254	2252	-18	148	730
2011-10-21	2252	2253	2270	2253	2263	2265	11	164	854
2011-10-24	2265	2260	2263	2243	2259	2251	-6	926	1330
2011-10-25	2251	2260	2262	2242	2254	2247	3	696	1538
2011-10-26	2247	2247	2278	2243	2268	2264	21	2070	1372
2011-10-27	2264	2268	2277	2263	2273	2273	9	534	1430
2011-10-28	2273	2278	2278	2268	2268	2274	-5	258	1428
2011-10-31	2274	2274	2275	2247	2249	2257	-25	898	1388
2011-11-01	2257	2247	2253	2234	2239	2243	-18	706	1556
2011-11-02	2243	2242	2257	2231	2256	2244	13	840	1638
2011-11-03	2244	2248	2250	2233	2233	2240	-11	680	1760
2011-11-04	2240	2243	2245	2233	2236	2236	-4	196	1842
2011-11-07	2236	2238	2240	2228	2233	2235	-3	636	1816
2011-11-08	2235	2231	2243	2223	2237	2231	2	950	1708
2011-11-09	2231	2241	2241	2221	2236	2231	5	986	1734
2011-11-10	2231	2227	2233	2213	2230	2220	-1	1736	1698
2011-11-11	2220	2223	2243	2219	2230	2234	10	1378	1772
2011-11-14	2234	2224	2234	2217	2234	2224	0	1596	1658
2011-11-15	2224	2226	2237	2221	2232	2230	8	660	1594
2011-11-16	2230	2226	2233	2221	2223	2224	-7	916	1758
2011-11-17	2224	2221	2228	2216	2223	2223	-1	850	1646
2011-11-18	2223	2217	2222	2213	2222	2218	-1	752	1672
2011-11-21	2218	2215	2221	2213	2215	2217	-3	818	1608
2011-11-22	2217	2214	2215	2205	2213	2210	-4	1180	1622
2011-11-23	2210	2207	2217	2204	2207	2209	-3	1418	1552
2011-11-24	2209	2202	2206	2192	2198	2199	-11	1404	1290
2011-11-25	2199	2193	2198	2184	2185	2189	-14	1652	1292
2011-11-28	2189	2183	2199	2183	2198	2195	9	644	1196
2011-11-29	2195	2194	2215	2194	2215	2199	20	238	1172
2011-11-30	2199	2203	2210	2200	2203	2203	4	74	1152
2011-12-01	2203	2208	2215	2198	2204	2210	1	160	1072
2011-12-02	2210	2200	2207	2197	2205	2204	-5	124	992
2011-12-05	2204	2206	2206	2200	2202	2203	-2	88	916
2011-12-06	2203	2199	2203	2196	2200	2199	-3	158	850
2011-12-07	2199	2197	2210	2180	2202	2195	3	296	666
2011-12-08	2195	2200	2205	2198	2201	2202	6	58	626
2011-12-09	2202	2198	2210	2198	2208	2208	6	52	630
2011-12-12	2208	2206	2206	2202	2204	2203	-4	26	628
2011-12-13	2203	2206	2209	2204	2204	2207	1	24	624
2011-12-14	2207	2202	2208	2202	2205	2205	-2	16	624
2011-12-15	2205	2202	2204	2200	2204	2202	-1	54	610
2011-12-16	2202	2206	2208	2202	2203	2204	1	26	606
2011-12-19	2204	2201	2206	2200	2201	2203	-3	26	600
2011-12-20	2203	2207	2208	2203	2203	2205	0	22	602
2011-12-21	2205	2206	2206	2202	2202	2203	-3	20	612
2011-12-22	2203	2205	2206	2203	2206	2205	3	72	606
2011-12-23	2205	2205	2206	2204	2206	2205	1	12	606
2011-12-26	2205	2207	2208	2204	2204	2206	-1	40	602
2011-12-27	2206	2207	2209	2205	2205	2207	-1	32	606
2011-12-28	2207	2208	2209	2205	2206	2208	-1	40	584
2011-12-29	2208	2207	2209	2204	2204	2205	-4	52	584
2011-12-30	2205	2208	2208	2201	2204	2204	-1	34	582
2012-01-04	2204	2208	2210	2206	2209	2208	5	132	524
2012-01-05	2208	2206	2208	2206	2207	2207	-1	14	518
2012-01-06	2207	2207	2211	2207	2209	2209	2	18	524
2012-01-09	2209	2212	2213	2208	2212	2211	3	30	524
2012-01-10	2211	2209	2211	2206	2207	2208	-4	46	518
2012-01-11	2208	2206	2209	2201	2206	2206	-2	14	516
2012-01-12	2206	2208	2208	2205	2207	2207	1	10	516
2012-01-13	2207	2205	2205	2193	2193	2197	-14	126	472
2012-01-16	2197	2193	2197	2186	2186	2190	-11	152	356
2012-01-17	2190	2185	2208	2182	2205	2195	15	280	294
2012-01-18	2195	2195	2201	2193	2193	2198	-2	42	284
2012-01-19	2198	2188	2204	2187	2191	2194	-7	50	288
2012-01-20	2194	2193	2206	2193	2195	2200	1	110	310
2012-01-30	2200	2191	2197	2189	2196	2192	-4	82	318
2012-01-31	2192	2196	2200	2192	2199	2197	7	206	406
2012-02-01	2197	2210	2222	2206	2211	2212	14	188	446
2012-02-02	2212	2206	2211	2195	2207	2204	-5	176	456
2012-02-03	2204	2216	2218	2206	2214	2213	10	150	454
2012-02-06	2213	2217	2225	2214	2220	2219	7	220	486
2012-02-07	2219	2225	2229	2215	2220	2224	1	150	522
2012-02-08	2224	2216	2222	2215	2222	2218	-2	90	526
2012-02-09	2218	2220	2221	2211	2216	2215	-2	108	512
2012-02-10	2215	2212	2212	2192	2200	2202	-15	166	472
2012-02-13	2202	2202	2208	2195	2207	2203	5	164	476
2012-02-14	2203	2205	2209	2189	2198	2195	-5	398	562
2012-02-15	2195	2193	2194	2181	2189	2185	-6	976	690
2012-02-16	2185	2189	2198	2179	2189	2184	4	924	616
2012-02-17	2184	2194	2198	2185	2195	2193	11	752	648
2012-02-20	2193	2205	2208	2193	2204	2200	11	716	644
2012-02-21	2200	2207	2207	2195	2203	2201	3	1010	622
2012-02-22	2201	2200	2210	2196	2204	2205	3	594	628
2012-02-23	2205	2203	2207	2201	2207	2204	2	170	658
2012-02-24	2204	2205	2207	2198	2201	2202	-3	196	670
2012-02-27	2202	2201	2205	2201	2201	2203	-1	328	740
2012-02-28	2203	2205	2211	2201	2209	2207	6	678	966
2012-02-29	2207	2211	2230	2208	2230	2220	23	1228	1268
2012-03-01	2220	2226	2229	2217	2218	2223	-2	1296	1522
2012-03-02	2223	2223	2232	2217	2230	2225	7	1552	1436
2012-03-05	2225	2238	2240	2226	2229	2233	4	1026	1404
2012-03-06	2233	2230	2230	2216	2219	2221	-14	608	1526
2012-03-07	2221	2210	2217	2201	2201	2209	-20	882	1826
2012-03-08	2209	2195	2207	2193	2200	2202	-9	828	1798
2012-03-09	2202	2201	2218	2201	2217	2208	15	1048	1860
2012-03-12	2208	2216	2219	2204	2213	2210	5	776	1976
2012-03-13	2210	2213	2227	2213	2221	2220	11	1162	2002
2012-03-14	2220	2218	2228	2205	2209	2216	-11	2162	2270
2012-03-15	2216	2212	2216	2204	2210	2209	-6	974	2328
2012-03-16	2209	2218	2222	2211	2220	2216	11	1280	2568
2012-03-19	2216	2223	2236	2221	2234	2231	18	1418	2712
2012-03-20	2231	2229	2237	2225	2229	2232	-2	988	2782
2012-03-21	2232	2228	2238	2227	2232	2233	0	918	2860
2012-03-22	2233	2229	2241	2229	2241	2237	8	866	2874
2012-03-23	2237	2243	2267	2237	2264	2255	27	2478	3764
2012-03-26	2255	2261	2278	2257	2273	2271	18	2378	4466
2012-03-27	2271	2275	2280	2266	2271	2273	0	1296	4702
2012-03-28	2273	2268	2272	2258	2271	2265	-2	1146	4412
2012-03-29	2265	2269	2272	2264	2265	2267	0	1114	4450
2012-03-30	2267	2260	2275	2260	2270	2270	3	1810	4680
2012-04-05	2270	2272	2279	2266	2269	2272	-1	2124	5362
2012-04-06	2272	2268	2272	2265	2270	2270	-2	1596	5784
2012-04-09	2270	2268	2272	2261	2263	2265	-7	724	5772
2012-04-10	2265	2263	2267	2259	2264	2264	-1	856	5808
2012-04-11	2264	2260	2260	2235	2239	2245	-25	1428	5406
2012-04-12	2245	2240	2241	2226	2233	2234	-12	2224	4914
2012-04-13	2234	2238	2238	2231	2234	2235	0	318	4858
2012-04-16	2235	2226	2242	2226	2236	2236	1	894	4634
2012-04-17	2236	2236	2249	2235	2242	2241	6	964	4358
2012-04-18	2241	2244	2252	2239	2248	2246	7	1328	4536
2012-04-19	2246	2246	2256	2240	2245	2247	-1	1266	4714
2012-04-20	2247	2248	2248	2223	2226	2233	-21	2836	5056
2012-04-23	2233	2235	2235	2215	2219	2221	-14	1296	5184
2012-04-24	2221	2219	2226	2213	2221	2218	0	1272	5090
2012-04-25	2218	2226	2230	2218	2228	2226	10	812	5122
2012-04-26	2226	2225	2228	2215	2221	2220	-5	1582	5246
2012-04-27	2220	2221	2228	2213	2216	2220	-4	1754	5464
2012-05-02	2220	2218	2222	2204	2205	2208	-15	1434	5610
2012-05-03	2208	2196	2197	2176	2186	2188	-22	3640	5718
2012-05-04	2188	2184	2195	2180	2195	2188	7	1290	5552
2012-05-07	2188	2186	2192	2180	2182	2184	-6	848	5616
2012-05-08	2184	2182	2187	2175	2177	2181	-7	462	5630
2012-05-09	2181	2176	2179	2168	2171	2172	-10	650	5578
2012-05-10	2172	2169	2177	2166	2170	2172	-2	894	5790
2012-05-11	2172	2165	2169	2145	2148	2156	-24	1776	6190
2012-05-14	2156	2146	2147	2096	2105	2115	-51	3376	5950
2012-05-15	2115	2101	2101	2070	2097	2086	-18	2460	5940
2012-05-16	2086	2097	2105	2084	2084	2093	-2	998	5728
2012-05-17	2093	2100	2105	2081	2100	2094	7	1604	5928
2012-05-18	2094	2104	2104	2082	2097	2092	3	906	5956
2012-05-21	2092	2112	2130	2112	2129	2122	37	1542	6164
2012-05-22	2122	2126	2126	2094	2097	2107	-25	2534	6662
2012-05-23	2107	2091	2102	2083	2098	2094	-9	1660	6108
2012-05-24	2094	2102	2116	2097	2111	2106	17	1620	5348
2012-05-25	2106	2114	2118	2075	2088	2092	-18	4294	6740
2012-05-28	2092	2083	2102	2080	2098	2092	6	1366	6914
2012-05-29	2092	2090	2106	2088	2103	2099	11	708	6788
2012-05-30	2099	2100	2110	2091	2101	2102	2	2590	6844
2012-05-31	2102	2101	2148	2101	2115	2116	13	1414	6302
2012-06-01	2116	2111	2119	2103	2104	2107	-12	878	6132
2012-06-04	2107	2100	2108	2094	2105	2103	-2	3530	4710
2012-06-06	2150	2160	2173	2150	2160	2159	10	762	4848
2012-06-07	2159	2166	2168	2157	2162	2163	3	724	4696
2012-06-08	2163	2163	2170	2155	2162	2162	-1	1142	4530
2012-06-11	2162	2163	2175	2162	2170	2168	8	1732	3788
2012-06-12	2168	2169	2172	2164	2171	2167	3	730	3630
2012-06-13	2167	2165	2176	2164	2174	2172	7	1106	3320
2012-06-14	2172	2170	2178	2166	2170	2170	-2	1350	2634
2012-06-15	2170	2168	2175	2164	2174	2169	4	690	2448
2012-06-18	2169	2176	2178	2170	2176	2174	7	514	2474
2012-06-19	2174	2178	2180	2166	2175	2173	1	1032	2832
2012-06-20	2173	2185	2189	2148	2149	2164	-24	1320	2742
2012-06-21	2164	2143	2166	2142	2155	2157	-9	1624	2270
2012-06-25	2157	2168	2172	2161	2165	2166	8	1386	2022
2012-06-26	2166	2175	2177	2166	2173	2170	7	1050	1984
2012-06-27	2170	2174	2174	2149	2155	2158	-15	876	2400
2012-06-28	2158	2161	2165	2124	2157	2150	-1	478	2576
2012-06-29	2150	2154	2170	2150	2158	2159	8	1130	2698
2012-07-02	2159	2161	2164	2139	2140	2145	-19	1776	2432
2012-07-03	2145	2141	2162	2141	2160	2150	15	1406	2232
2012-07-04	2150	2162	2179	2162	2177	2173	27	706	2432
2012-07-05	2173	2178	2185	2172	2184	2177	11	642	2638
2012-07-06	2177	2184	2184	2175	2177	2179	0	394	2740
2012-07-09	2179	2173	2201	2162	2201	2187	22	1980	2586
2012-07-10	2187	2200	2200	2186	2187	2193	0	626	2626
2012-07-11	2193	2187	2188	2167	2173	2177	-20	568	2660
2012-07-12	2177	2171	2179	2169	2172	2173	-5	248	2680
2012-07-13	2173	2177	2194	2172	2194	2183	21	300	2604
2012-07-16	2183	2195	2206	2190	2200	2198	17	1210	2698
2012-07-17	2198	2203	2203	2169	2175	2180	-23	1110	2788
2012-07-18	2180	2177	2185	2176	2183	2182	3	440	2858
2012-07-19	2182	2183	2203	2183	2188	2195	6	808	2758
2012-07-20	2195	2187	2189	2162	2165	2169	-30	1436	3046
2012-07-23	2169	2160	2170	2150	2165	2161	-4	1506	2404
2012-07-24	2161	2155	2170	2143	2163	2159	2	272	2378
2012-07-25	2159	2161	2168	2159	2160	2164	1	124	2424
2012-07-26	2164	2163	2165	2162	2163	2163	-1	48	2432
2012-07-27	2163	2163	2170	2163	2170	2167	7	102	2420
2012-07-30	2167	2173	2188	2173	2178	2179	11	380	2276
2012-07-31	2179	2181	2181	2172	2176	2176	-3	274	2046
2012-08-01	2176	2171	2183	2171	2183	2180	7	394	2138
2012-08-02	2180	2180	2184	2175	2181	2179	1	124	2196
2012-08-03	2179	2178	2180	2175	2178	2178	-1	82	2164
2012-08-06	2178	2179	2183	2177	2182	2179	4	42	2130
2012-08-07	2179	2182	2186	2181	2186	2183	7	48	2102
2012-08-08	2183	2179	2182	2178	2182	2181	-1	236	1894
2012-08-09	2181	2182	2187	2181	2182	2185	1	122	1874
2012-08-10	2185	2183	2184	2179	2180	2181	-5	102	1856
2012-08-13	2181	2181	2198	2180	2183	2184	2	402	1776
2012-08-14	2184	2178	2181	2178	2180	2179	-4	36	1744
2012-08-15	2179	2179	2185	2178	2185	2183	6	500	1464
2012-08-16	2183	2188	2188	2171	2180	2183	-3	114	1396
2012-08-17	2183	2179	2189	2143	2183	2180	0	92	1402
2012-08-20	2180	2180	2196	2180	2196	2193	16	142	1438
2012-08-21	2193	2196	2199	2190	2199	2193	6	368	1172
2012-08-22	2193	2192	2195	2187	2188	2193	-5	98	1102
2012-08-23	2193	2195	2204	2195	2201	2202	8	200	1072
2012-08-24	2202	2202	2205	2202	2205	2204	3	212	1130
2012-08-27	2204	2201	2204	2201	2204	2202	0	8	1124
2012-08-28	2202	2201	2203	2192	2202	2194	0	752	1122
2012-08-29	2194	2203	2203	2193	2193	2196	-1	6	1126
2012-08-30	2196	2190	2270	2190	2269	2243	73	6	1126
2012-08-31	2243	2279	2331	2248	2250	2262	7	26	1106
2012-09-03	2262	0	0	0	0	2262	0	0	1106
2012-09-04	2262	0	0	0	0	2262	0	0	1106
2012-09-05	2262	0	0	0	0	2262	0	0	1106
2012-09-06	2262	0	0	0	0	2262	0	0	1106
2012-09-07	2262	0	0	0	0	2262	0	0	1106
2012-09-10	2262	0	0	0	0	2262	0	0	1106
2012-09-11	2262	0	0	0	0	2262	0	0	1106
2012-09-12	2262	0	0	0	0	2262	0	0	1106
2012-09-13	2262	0	0	0	0	2262	0	0	1106
2012-09-14	2262	0	0	0	0	2262	0	0	1106
2012-09-17	2262	0	0	0	0	2262	0	0	1106
2012-09-18	2262	0	0	0	0	2262	0	0	1106
2012-09-19	2262	0	0	0	0	2262	0	426	680
2012-09-20	2262	0	0	0	0	2262	0	0	0
