2012-01-18	2944	0	0	0	0	2944	0	0	0
2012-01-19	2944	0	0	0	0	2944	0	0	0
2012-01-20	2944	0	0	0	0	2967	23	0	0
2012-01-30	2967	0	0	0	0	2967	0	0	0
2012-01-31	2967	0	0	0	0	2968	1	0	0
2012-02-01	2968	0	0	0	0	2968	0	0	0
2012-02-02	2968	0	0	0	0	2971	3	0	0
2012-02-03	2971	0	0	0	0	2974	3	0	0
2012-02-06	2974	0	0	0	0	3073	99	0	0
2012-02-07	3073	0	0	0	0	3073	0	0	0
2012-02-08	3073	0	0	0	0	3069	-4	0	0
2012-02-09	3069	0	0	0	0	3069	0	0	0
2012-02-10	3069	0	0	0	0	3069	0	0	0
2012-02-13	3069	0	0	0	0	3069	0	0	0
2012-02-14	3069	0	0	0	0	3069	0	0	0
2012-02-15	3069	0	0	0	0	3022	-47	0	0
2012-02-16	3022	0	0	0	0	3022	0	0	0
2012-02-17	3022	0	0	0	0	3022	0	0	0
2012-02-20	3022	0	0	0	0	3022	0	0	0
2012-02-21	3022	0	0	0	0	3022	0	0	0
2012-02-22	3022	0	0	0	0	3022	0	0	0
2012-02-23	3022	0	0	0	0	3022	0	0	0
2012-02-24	3022	0	0	0	0	3022	0	0	0
2012-02-27	3022	0	0	0	0	3011	-11	0	0
2012-02-28	3011	0	0	0	0	3011	0	0	0
2012-02-29	3011	0	0	0	0	3011	0	0	0
2012-03-01	3011	0	0	0	0	3027	16	0	0
2012-03-02	3027	0	0	0	0	3081	54	0	0
2012-03-05	3081	0	0	0	0	3081	0	0	0
2012-03-06	3081	0	0	0	0	3081	0	0	0
2012-03-07	3081	0	0	0	0	3081	0	0	0
2012-03-08	3081	0	0	0	0	3081	0	0	0
2012-03-09	3081	0	0	0	0	3081	0	0	0
2012-03-12	3081	0	0	0	0	3081	0	0	0
2012-03-13	3081	0	0	0	0	3089	8	0	0
2012-03-14	3089	3222	3222	3094	3134	3142	45	8	0
2012-03-15	3142	3073	3113	3073	3107	3095	-35	50	36
2012-03-16	3095	3091	3091	3074	3074	3080	-21	8	30
2012-03-19	3080	3098	3098	3081	3090	3088	10	22	42
2012-03-20	3088	3094	3112	3089	3112	3103	24	10	46
2012-03-21	3103	3100	3100	3094	3098	3098	-5	12	50
2012-03-22	3098	3086	3086	3049	3052	3057	-46	24	48
2012-03-23	3057	3158	3158	3047	3061	3066	4	14	44
2012-03-26	3066	3078	3090	3078	3082	3085	16	10	46
2012-03-27	3085	3077	3087	3073	3087	3081	2	12	42
2012-03-28	3081	3090	3090	3060	3060	3070	-21	26	40
2012-03-29	3070	3071	3076	3063	3064	3072	-6	24	42
2012-03-30	3072	3067	3067	3058	3058	3064	-14	6	42
2012-04-05	3064	3044	3057	3044	3057	3052	-7	8	40
2012-04-06	3052	3060	3060	3060	3060	3060	8	4	44
2012-04-09	3060	3074	3095	3074	3090	3087	30	10	46
2012-04-10	3087	3074	3085	3074	3083	3082	-4	16	54
2012-04-11	3082	3076	3076	3072	3075	3074	-7	16	52
2012-04-12	3074	3086	3125	3086	3125	3108	51	66	76
2012-04-13	3108	3130	3132	3121	3128	3127	20	82	124
2012-04-16	3127	3114	3148	3107	3141	3134	14	144	186
2012-04-17	3134	3141	3144	3125	3129	3130	-5	86	230
2012-04-18	3130	3143	3153	3124	3145	3138	15	148	290
2012-04-19	3138	3138	3155	3131	3143	3143	5	96	328
2012-04-20	3143	3124	3153	3124	3145	3145	2	94	356
2012-04-23	3145	3142	3144	3130	3130	3136	-15	74	322
2012-04-24	3136	3133	3145	3128	3137	3134	1	90	330
2012-04-25	3134	3150	3165	3120	3128	3138	-6	210	326
2012-04-26	3138	3012	3128	3012	3121	3093	-17	152	330
2012-04-27	3093	3125	3125	3109	3119	3117	26	68	366
2012-05-02	3117	3125	3150	3125	3150	3141	33	198	424
2012-05-03	3141	3145	3148	3135	3142	3142	1	118	428
2012-05-04	3142	3137	3137	3121	3126	3130	-16	94	384
2012-05-07	3130	3101	3104	3092	3097	3099	-33	148	324
2012-05-08	3099	3099	3111	3097	3101	3102	2	96	308
2012-05-09	3102	3085	3100	3068	3078	3082	-24	128	320
2012-05-10	3082	3086	3086	3068	3077	3075	-5	24	320
2012-05-11	3075	3080	3168	3052	3052	3096	-23	158	312
2012-05-14	3096	3060	3060	2972	2972	3007	-124	188	276
2012-05-15	3007	2951	2951	2895	2928	2916	-79	172	262
2012-05-16	2916	2916	2919	2890	2890	2906	-26	84	262
2012-05-17	2906	2923	2923	2856	2902	2877	-4	190	224
2012-05-18	2877	2863	2893	2863	2886	2881	9	46	224
2012-05-21	2881	2893	2914	2888	2907	2907	26	80	224
2012-05-22	2907	2919	2919	2902	2907	2910	0	36	226
2012-05-23	2910	2861	2880	2861	2880	2872	-30	86	240
2012-05-24	2872	2870	2898	2870	2898	2879	26	66	258
2012-05-25	2879	2885	2895	2882	2895	2889	16	66	268
2012-05-28	2889	2882	2915	2882	2915	2908	26	72	258
2012-05-29	2908	2900	2922	2900	2921	2911	13	60	256
2012-05-30	2911	2908	2908	2881	2886	2896	-25	50	258
2012-05-31	2896	2869	2890	2869	2883	2877	-13	40	258
2012-06-01	2877	2869	2878	2859	2859	2865	-18	106	268
2012-06-04	2865	2826	2831	2768	2774	2782	-91	154	238
2012-06-06	2805	2811	2844	2811	2815	2826	10	126	290
2012-06-07	2826	2838	2842	2795	2802	2822	-24	94	294
2012-06-08	2822	2787	2792	2767	2778	2783	-44	138	272
2012-06-11	2783	2811	2832	2769	2803	2792	20	280	280
2012-06-12	2792	2790	2790	2763	2781	2776	-11	92	320
2012-06-13	2776	2766	2773	2737	2745	2750	-31	140	364
2012-06-14	2750	2712	2740	2704	2724	2715	-26	310	384
2012-06-15	2715	2730	2754	2720	2754	2738	39	122	380
2012-06-18	2738	2785	2786	2762	2765	2772	27	92	358
2012-06-19	2772	2760	2786	2756	2776	2774	4	134	360
2012-06-20	2774	2797	2815	2790	2815	2799	41	220	360
2012-06-21	2799	2778	2798	2778	2788	2785	-11	150	368
2012-06-25	2785	2780	2808	2779	2783	2792	-2	188	384
2012-06-26	2792	2738	2797	2738	2741	2756	-51	424	492
2012-06-27	2756	2732	2746	2721	2724	2731	-32	294	534
2012-06-28	2731	2738	2739	2705	2725	2718	-6	946	782
2012-06-29	2718	2718	2754	2698	2752	2722	34	802	822
2012-07-02	2722	2801	2819	2756	2803	2794	81	1286	794
2012-07-03	2794	2799	2841	2796	2835	2821	41	988	766
2012-07-04	2821	2849	2881	2841	2843	2859	22	1008	768
2012-07-05	2859	2838	2862	2838	2862	2850	3	772	736
2012-07-06	2850	2863	2863	2841	2849	2850	-1	448	716
2012-07-09	2850	2830	2839	2824	2832	2832	-18	420	736
2012-07-10	2832	2828	2838	2811	2813	2822	-19	336	774
2012-07-11	2822	2804	2809	2790	2799	2797	-23	476	706
2012-07-12	2797	2802	2834	2793	2809	2807	12	624	886
2012-07-13	2807	2801	2848	2799	2848	2827	41	496	852
2012-07-16	2827	2843	2860	2838	2850	2851	23	386	990
2012-07-17	2851	2858	2882	2841	2845	2865	-6	986	958
2012-07-18	2865	2850	2855	2811	2827	2833	-38	782	892
2012-07-19	2833	2840	2848	2832	2847	2843	14	390	894
2012-07-20	2843	2848	2855	2749	2775	2786	-68	2322	1354
2012-07-23	2786	2761	2775	2725	2746	2748	-40	3264	1990
2012-07-24	2748	2720	2759	2720	2755	2750	7	2198	2134
2012-07-25	2750	2748	2778	2742	2751	2756	1	2772	2184
2012-07-26	2756	2759	2784	2725	2778	2755	22	6036	2416
2012-07-27	2755	2785	2817	2766	2817	2795	62	3470	2556
2012-07-30	2795	2821	2835	2800	2829	2816	34	4366	2902
2012-07-31	2816	2830	2840	2796	2808	2817	-8	7280	4404
2012-08-01	2817	2791	2818	2785	2795	2801	-22	5338	5022
2012-08-02	2801	2790	2813	2785	2791	2795	-10	6614	5728
2012-08-03	2795	2781	2787	2751	2767	2766	-28	8264	7138
2012-08-06	2766	2801	2813	2788	2806	2801	40	9506	7616
2012-08-07	2801	2813	2859	2808	2840	2840	39	27026	10532
2012-08-08	2840	2839	2865	2822	2828	2843	-12	23526	11616
2012-08-09	2843	2835	2843	2808	2828	2825	-15	27578	15092
2012-08-10	2825	2830	2833	2781	2785	2805	-40	34542	16916
2012-08-13	2805	2785	2795	2770	2771	2783	-34	16572	15970
2012-08-14	2783	2769	2783	2702	2775	2749	-8	46194	16756
2012-08-15	2749	2770	2779	2738	2742	2757	-7	39334	18692
2012-08-16	2757	2750	2754	2711	2728	2733	-29	41042	21710
2012-08-17	2733	2740	2755	2734	2749	2744	16	20572	19622
2012-08-20	2744	2756	2757	2720	2729	2735	-15	20924	19228
2012-08-21	2735	2725	2730	2683	2710	2704	-25	44304	21554
2012-08-22	2704	2710	2723	2686	2713	2707	9	31558	22024
2012-08-23	2707	2716	2737	2713	2737	2727	30	27918	19104
2012-08-24	2727	2729	2729	2683	2689	2702	-38	34094	24078
2012-08-27	2702	2695	2730	2691	2724	2714	22	35444	20836
2012-08-28	2714	2709	2748	2706	2738	2733	24	48524	22364
2012-08-29	2733	2733	2739	2635	2691	2683	-42	127380	23982
2012-08-30	2683	2690	2693	2603	2635	2641	-48	107904	31316
2012-08-31	2641	2628	2659	2622	2647	2645	6	40160	27170
2012-09-03	2645	2653	2677	2648	2671	2665	26	30082	25508
2012-09-04	2665	2677	2685	2606	2621	2634	-44	73406	32098
2012-09-05	2634	2611	2614	2532	2553	2557	-81	128824	45884
2012-09-06	2557	2568	2650	2565	2635	2613	78	122186	34488
2012-09-07	2613	2625	2706	2613	2684	2668	71	111890	25734
2012-09-10	2668	2692	2727	2671	2717	2706	49	72648	21274
2012-09-11	2706	2706	2719	2681	2708	2698	2	61588	21032
2012-09-12	2698	2712	2745	2706	2730	2729	32	74740	19904
2012-09-13	2729	2733	2733	2689	2702	2705	-27	59026	21264
2012-09-14	2705	2752	2814	2752	2814	2794	109	57544	15052
2012-09-17	2794	2817	2842	2788	2824	2815	30	59938	15782
2012-09-18	2815	2791	2830	2784	2813	2812	-2	44588	14476
2012-09-19	2812	2811	2843	2803	2820	2821	8	63278	14776
2012-09-20	2821	2790	2809	2775	2787	2793	-34	46850	14716
2012-09-21	2793	2800	2804	2772	2791	2788	-2	37080	11992
2012-09-24	2788	2776	2785	2753	2777	2768	-11	29396	11574
2012-09-25	2768	2782	2821	2772	2802	2799	34	45956	11952
2012-09-26	2799	2788	2807	2769	2777	2789	-22	27218	9562
2012-09-27	2789	2767	2799	2756	2777	2777	-12	19932	8262
2012-09-28	2777	2790	2815	2787	2812	2803	35	18376	7708
2012-10-08	2803	2803	2824	2788	2790	2803	-13	14590	8070
2012-10-10	2763	2763	2868	2763	2831	2821	68	85122	15706
2012-10-11	2821	2831	2859	2815	2834	2834	13	47006	15310
2012-10-15	2869	2838	2855	2791	2811	2820	-58	50064	15164
2012-10-16	2820	2819	2827	2788	2812	2807	-8	36782	15430
2012-10-17	2807	2816	2848	2812	2834	2830	27	39448	16138
2012-10-19	2845	2845	2852	2805	2810	2820	-35	37858	15706
2012-10-22	2820	2792	2819	2782	2815	2803	-5	27610	16254
2012-10-23	2803	2810	2843	2805	2812	2824	9	51274	17472
2012-10-24	2824	2798	2820	2778	2819	2798	-5	48618	18042
2012-10-25	2798	2818	2831	2798	2814	2813	16	39176	16484
2012-10-26	2813	2806	2830	2798	2813	2813	0	35308	15688
2012-10-29	2813	2820	2829	2775	2799	2800	-14	50000	16686
2012-10-30	2800	2794	2833	2783	2824	2814	24	68784	19072
2012-10-31	2814	2829	2835	2815	2826	2822	12	29932	16040
2012-11-01	2822	2822	2845	2820	2832	2832	10	38612	16804
2012-11-02	2832	2830	2836	2812	2823	2825	-9	23226	14066
