2008-08-15	7562	7500	7500	7498	7498	7498	-64	4	0
2008-08-18	7498	-	-	-	7498	7498	0	0	0
2008-08-19	7498	-	-	-	7498	7498	0	0	0
2008-08-20	7498	-	-	-	7498	7498	0	0	0
2008-08-21	7498	-	-	-	7498	7498	0	0	0
2008-08-22	7498	7872	7872	7140	7774	7682	184	196	6
2008-08-25	7682	7900	8050	7900	8050	7974	292	4	4
2008-08-26	7974	-	-	-	7974	7974	0	0	4
2008-08-27	7974	-	-	-	7974	7974	0	0	4
2008-08-28	7974	7580	7580	7580	7580	7580	-394	2	6
2008-08-29	7580	-	-	-	7580	7580	0	0	6
2008-09-01	7580	7390	7660	7390	7660	7524	-56	8	6
2008-09-02	7524	-	-	-	7524	7524	0	0	6
2008-09-03	7524	7296	7674	7296	7674	7484	-40	12	6
2008-09-04	7484	7650	7650	7344	7552	7528	44	10	10
2008-09-05	7528	7342	7540	7342	7500	7414	-114	340	344
2008-09-08	7414	-	-	-	7414	7414	0	0	344
2008-09-09	7414	7044	7168	7044	7168	7050	-364	36	308
2008-09-10	7050	6800	7098	6800	7000	6936	-114	24	306
2008-09-11	6936	-	-	-	6936	6936	0	0	306
2008-09-12	6936	6810	6850	6810	6850	6820	-116	8	306
2008-09-16	6820	-	-	-	6820	6820	0	0	306
2008-09-17	6820	6480	6480	6480	6480	6480	-340	2	308
2008-09-18	6480	6156	6156	6156	6156	6156	-324	2	308
2008-09-19	6156	5912	5912	5912	5912	5912	-244	2	308
2008-09-22	5912	-	-	-	5912	5912	0	0	308
2008-09-23	5912	-	-	-	5912	5912	0	0	308
2008-09-24	5912	-	-	-	5912	5912	0	2	306
2008-09-25	5912	-	-	-	5912	5912	0	0	306
2008-09-26	5912	-	-	-	5912	5912	0	0	306
2008-10-06	5912	5626	5730	5618	5618	5626	-286	670	930
2008-10-07	5626	5600	5864	5600	5792	5752	126	298	864
2008-10-08	5752	5758	6018	5758	5798	5928	176	460	520
2008-10-09	5928	5648	5798	5648	5728	5722	-206	216	726
2008-10-10	5722	5480	5648	5436	5436	5486	-236	128	706
2008-10-13	5486	5230	5388	5212	5222	5228	-258	78	644
2008-10-14	5228	5488	5488	5488	5488	5488	260	18	640
2008-10-15	5488	5250	5360	5214	5312	5264	-224	52	640
2008-10-16	5264	5312	5312	5002	5002	5084	-180	32	638
2008-10-17	5084	5218	5218	4960	5070	5092	8	22	638
2008-10-20	5092	5330	5330	5230	5302	5300	208	18	634
2008-10-21	5300	5164	5250	5054	5178	5170	-130	28	632
2008-10-22	5170	5000	5000	4916	4932	4958	-212	12	632
2008-10-23	4958	4724	5160	4724	5160	4866	-92	20	630
2008-10-24	4866	4900	4900	4722	4722	4848	-18	16	630
2008-10-27	4848	4700	4700	4700	4700	4700	-148	8	630
2008-10-28	4700	-	-	-	4700	4700	0	0	630
2008-10-29	4700	4688	4690	4650	4650	4680	-20	10	630
2008-10-30	4680	4850	4850	4850	4850	4850	170	4	630
2008-10-31	4850	4650	5048	4650	4876	4834	-16	120	632
2008-11-03	4834	4840	5038	4840	5038	4946	112	120	632
2008-11-04	4946	4852	4900	4800	4800	4850	-96	6	632
2008-11-05	4850	5090	5092	5090	5090	5090	240	10	632
2008-11-06	5090	4900	4948	4900	4948	4924	-166	6	632
2008-11-07	4924	4812	4812	4810	4810	4810	-114	6	628
2008-11-10	4810	5050	5050	5050	5050	5050	240	2	630
2008-11-11	5050	4952	5072	4952	5050	5014	-36	8	632
2008-11-12	5014	5034	5034	4816	4850	4948	-66	12	632
2008-11-13	4948	4706	4944	4706	4944	4766	-182	18	638
2008-11-14	4766	4898	4898	4752	4886	4822	56	18	636
2008-11-17	4822	4888	4898	4872	4872	4888	66	8	636
2008-11-18	4888	4752	4848	4752	4848	4816	-72	6	636
2008-11-19	4816	4800	4850	4800	4850	4824	8	8	634
2008-11-20	4824	4702	4798	4702	4798	4750	-74	4	634
2008-11-21	4750	4514	4698	4514	4650	4604	-146	10	638
2008-11-24	4604	4650	4698	4650	4698	4666	62	6	638
2008-11-25	4666	4820	4850	4820	4850	4838	172	10	640
2008-11-26	4838	4720	5020	4720	4970	4904	66	42	640
2008-11-27	4904	5050	5050	4910	4910	4974	70	26	642
2008-11-28	4974	4806	4880	4806	4880	4858	-116	8	642
2008-12-01	4858	4870	4970	4870	4908	4920	62	16	638
2008-12-02	4920	4880	4880	4762	4762	4824	-96	6	638
2008-12-03	4824	4828	4828	4792	4792	4810	-14	4	640
2008-12-04	4810	4746	4746	4600	4600	4648	-162	210	442
2008-12-05	4648	4416	4454	4416	4416	4424	-224	8	438
2008-12-08	4424	4498	4644	4498	4644	4630	206	54	476
2008-12-09	4630	4650	4688	4650	4660	4656	26	26	484
2008-12-10	4656	4748	4824	4702	4824	4748	92	78	484
2008-12-11	4748	4880	4880	4824	4852	4852	104	6	486
2008-12-12	4852	4996	4996	4810	4810	4910	58	52	500
2008-12-15	4910	4950	4998	4924	4998	4966	56	32	494
2008-12-16	4966	4836	4860	4836	4842	4850	-116	26	492
2008-12-17	4850	4924	4924	4896	4896	4912	62	8	492
2008-12-18	4912	4832	4836	4824	4836	4830	-82	88	492
2008-12-19	4830	4802	4856	4802	4834	4818	-12	14	496
2008-12-22	4818	5036	5036	5012	5030	5022	204	12	488
2008-12-23	5022	5060	5060	5020	5020	5048	26	14	488
2008-12-24	5048	5018	5018	5018	5018	5018	-30	2	488
2008-12-25	5018	5200	5268	5200	5264	5204	186	88	490
2008-12-26	5204	5260	5260	5212	5212	5256	52	42	488
2008-12-29	5256	5280	5380	5280	5366	5322	66	148	440
2008-12-30	5322	5320	5420	5296	5296	5322	0	14	444
2008-12-31	5322	5060	5250	5060	5250	5176	-146	20	446
2009-01-05	5176	5284	5430	5284	5430	5406	230	164	288
2009-01-06	5406	5460	5670	5460	5670	5558	152	14	288
2009-01-07	5558	5834	5834	5564	5564	5754	196	216	86
2009-01-08	5754	5520	5520	5474	5474	5496	-258	4	86
2009-01-09	5496	5600	5610	5600	5600	5604	108	42	86
2009-01-12	5604	5760	5840	5700	5700	5770	166	16	86
2009-01-13	5770	5550	5550	5482	5482	5498	-272	8	86
2009-01-14	5498	5490	5526	5448	5474	5512	14	84	78
2009-01-15	5512	5370	5370	5334	5334	5354	-158	86	80
2009-01-16	5354	5380	5380	5314	5314	5358	4	94	78
2009-01-19	5358	5356	5356	5280	5280	5318	-40	86	80
2009-01-20	5318	5228	5280	5226	5280	5248	-70	102	78
2009-01-21	5248	5200	5296	5200	5260	5230	-18	94	138
2009-01-22	5230	5210	5258	5210	5258	5254	24	86	138
2009-01-23	5254	5210	5230	5210	5230	5220	-34	80	138
2009-02-02	5220	5150	5160	5120	5120	5148	-72	92	138
2009-02-03	5148	5100	5250	5060	5208	5178	30	418	138
2009-02-04	5178	5280	5280	5280	5280	5280	102	82	138
2009-02-05	5280	5250	5250	5250	5250	5250	-30	80	138
2009-02-06	5250	5272	5272	5272	5272	5272	22	80	138
2009-02-09	5272	5534	5534	5534	5534	5534	262	2	138
2009-02-10	5534	5540	5550	5540	5550	5544	10	80	138
2009-02-11	5544	5510	5534	5374	5374	5508	-36	86	140
2009-02-12	5508	5330	5376	5330	5376	5350	-158	142	78
2009-02-13	5350	5430	5430	5430	5430	5430	80	80	78
2009-02-16	5430	5460	5460	5460	5460	5460	30	80	78
2009-02-17	5460	5460	5460	5460	5460	5460	0	80	78
2009-02-18	5460	5188	5188	5188	5188	5188	-272	10	74
2009-02-19	5188	5090	5174	5090	5174	5096	-92	82	74
2009-02-20	5096	5222	5222	5200	5200	5200	104	86	74
2009-02-23	5200	5200	5200	5200	5200	5200	0	80	74
2009-02-24	5200	5000	5100	5000	5100	5050	-150	80	74
2009-02-25	5050	5200	5200	5200	5200	5200	150	92	74
2009-02-26	5200	5108	5258	5108	5258	5182	-18	4	74
2009-02-27	5182	5188	5196	5188	5196	5192	10	12	74
2009-03-02	5192	5290	5290	5200	5200	5206	14	72	52
2009-03-03	5206	5138	5138	5138	5138	5138	-68	2	50
2009-03-04	5138	5080	5100	5080	5100	5086	-52	22	50
2009-03-05	5086	5274	5274	5160	5160	5170	84	22	50
2009-03-06	5170	5198	5198	5110	5180	5162	-8	16	46
2009-03-09	5162	5250	5330	5224	5224	5256	94	98	50
2009-03-10	5256	5350	5350	5322	5322	5348	92	84	50
2009-03-11	5348	5320	5320	5230	5230	5280	-68	16	50
2009-03-12	5280	5200	5256	5150	5196	5194	-86	28	40
2009-03-13	5194	5200	5250	5050	5200	5178	-16	12	38
2009-03-16	5178	5200	5256	5200	5256	5206	28	402	38
2009-03-17	5206	5296	5466	5266	5466	5278	72	2006	38
2009-03-18	5278	5330	5330	5256	5300	5280	2	2120	178
2009-03-19	5280	5304	5360	5304	5350	5350	70	2014	178
2009-03-20	5350	5460	5460	5420	5430	5448	98	2022	158
2009-03-23	5448	5500	5678	5480	5578	5546	98	2078	156
2009-03-24	5546	5426	5592	5426	5488	5504	-42	2016	156
2009-03-25	5504	5438	5480	5424	5424	5454	-50	2120	36
2009-03-26	5454	5474	5536	5472	5536	5506	52	2616	636
2009-03-27	5506	5612	5612	5440	5440	5544	38	2004	636
2009-03-30	5544	5422	5478	5400	5400	5426	-118	2022	642
2009-03-31	5426	5382	5458	5382	5422	5422	-4	1770	752
2009-04-01	5422	5524	5598	5484	5540	5560	138	2852	2414
2009-04-02	5560	5562	5644	5562	5644	5602	42	5788	2416
2009-04-03	5602	5726	5736	5614	5614	5688	86	2042	2396
2009-04-07	5688	5686	5882	5670	5746	5730	42	2530	2294
2009-04-08	5730	5744	5784	5680	5680	5728	-2	2356	2436
2009-04-09	5728	5728	5860	5728	5830	5778	50	4742	2984
2009-04-10	5778	5850	5948	5702	5944	5888	110	2838	3502
2009-04-13	5888	5840	6180	5840	6108	6040	152	9830	3480
2009-04-14	6040	6150	6166	6080	6144	6136	96	8276	3470
2009-04-15	6136	6280	6388	6280	6348	6318	182	6406	3572
2009-04-16	6318	6380	6460	6330	6360	6364	46	6480	3558
2009-04-17	6364	6240	6348	6240	6348	6258	-106	7118	3462
2009-04-20	6258	6340	6460	6340	6380	6364	106	11346	3564
2009-04-21	6364	6210	6210	6046	6102	6056	-308	3264	3570
2009-04-22	6056	6214	6300	6152	6240	6244	188	4862	3564
2009-04-23	6244	6268	6290	6172	6284	6222	-22	5864	3158
2009-04-24	6222	6360	6378	6238	6246	6270	48	788	2598
2009-04-27	6270	6132	6210	5958	5968	6034	-236	9898	3002
2009-04-28	6034	6042	6056	5852	5990	6010	-24	10474	2994
2009-04-29	6010	6000	6140	5920	6052	5990	-20	9656	2992
2009-04-30	5990	6150	6288	6150	6288	6230	240	9086	3580
2009-05-04	6230	6500	6540	6500	6540	6512	282	126	3498
2009-05-05	6512	6630	6668	6562	6600	6600	88	11654	3046
2009-05-06	6600	6640	6788	6514	6770	6670	70	10404	3076
2009-05-07	6670	6906	6910	6726	6740	6840	170	10292	2992
2009-05-08	6840	6806	6898	6732	6832	6818	-22	10348	3882
2009-05-11	6818	6800	6868	6666	6720	6768	-50	9256	3118
2009-05-12	6768	6752	6954	6752	6950	6790	22	9840	3230
2009-05-13	6790	6952	7044	6900	6996	6948	158	6954	3238
2009-05-14	6948	6936	6936	6768	6782	6792	-156	6296	3234
2009-05-15	6792	6890	6890	6734	6776	6864	72	7934	3230
2009-05-18	6864	6680	6680	6522	6528	6532	-332	2098	2208
2009-05-19	6532	6646	6750	6590	6702	6620	88	2078	1840
2009-05-20	6620	6670	6784	6670	6706	6724	104	144	1740
2009-05-21	6724	6728	6742	6640	6640	6714	-10	166	1626
2009-05-22	6714	6704	6778	6660	6700	6708	-6	74	1630
2009-05-25	6708	6784	6784	6654	6690	6680	-28	3558	1528
2009-05-26	6680	6650	6674	6564	6564	6638	-42	3026	1068
2009-05-27	6638	6640	6640	6582	6622	6600	-38	1804	882
2009-06-01	6600	6766	6962	6766	6962	6852	252	18	876
2009-06-02	6852	6932	7000	6930	6982	6952	100	32	868
2009-06-03	6952	6956	6956	6916	6920	6922	-30	40	858
2009-06-04	6922	6800	6830	6786	6820	6804	-118	64	858
2009-06-05	6804	6950	6950	6920	6920	6882	78	1504	956
2009-06-08	6882	6834	6834	6806	6806	6880	-2	1606	958
2009-06-09	6880	6816	6816	6748	6768	6782	-98	1208	956
2009-06-10	6782	6700	6788	6520	6600	6680	-102	714	298
2009-06-11	6680	6542	6632	6542	6622	6646	-34	1124	208
2009-06-12	6646	6614	6614	6614	6614	6624	-22	808	204
2009-06-15	6624	6470	6476	6470	6474	6472	-152	10	198
2009-06-16	6472	6452	6568	6452	6480	6488	16	1010	200
2009-06-17	6488	6526	6526	6452	6468	6502	14	816	192
2009-06-18	6502	6422	6422	6420	6420	6420	-82	16	176
2009-06-19	6420	-	-	-	6420	6420	0	0	176
2009-06-22	6420	6300	6300	6220	6220	6328	-92	604	176
2009-06-23	6328	6174	6174	6174	6174	6174	-154	2	174
2009-06-24	6174	6152	6152	6152	6152	6152	-22	2	172
2009-06-25	6152	-	-	-	6152	6152	0	0	172
2009-06-26	6152	-	-	-	6152	6152	0	0	172
2009-06-29	6152	6160	6218	6054	6198	6156	4	24	162
2009-06-30	6156	6222	6222	6222	6222	6222	66	4	158
2009-07-01	6222	6346	6346	6200	6200	6272	50	40	158
2009-07-02	6272	6200	6292	6004	6292	6184	-88	56	152
2009-07-03	6184	6040	6040	6040	6040	6040	-144	2	152
2009-07-06	6040	5906	5906	5860	5882	6044	4	124	52
2009-07-07	6044	5802	5840	5750	5750	5788	-256	38	70
2009-07-08	5788	5650	5694	5542	5560	5604	-184	74	58
2009-07-09	5604	5324	5646	5324	5646	5488	-116	10	54
2009-07-10	5488	5486	5700	5486	5696	5584	96	14	54
2009-07-13	5584	5410	5574	5410	5556	5482	-102	14	54
2009-07-14	5482	-	-	-	5482	5482	0	0	54
2009-07-15	5482	5626	5730	5390	5730	5620	138	20	60
2009-07-16	5620	-	-	-	5620	5620	0	0	60
2009-07-17	5620	5722	5722	5426	5670	5640	20	28	50
2009-07-20	5640	-	-	-	5640	5640	0	0	50
2009-07-21	5640	-	-	-	5640	5640	0	0	50
2009-07-22	5640	-	-	-	5640	5640	0	0	50
2009-07-23	5640	5700	5700	5650	5700	5684	44	10	44
2009-07-24	5684	5488	5736	5480	5660	5620	-64	10	44
2009-07-27	5620	5620	5620	5620	5620	5620	0	2	44
2009-07-28	5620	-	-	-	5620	5620	0	0	44
2009-07-29	5620	5868	5868	5868	5868	5868	248	2	44
2009-07-30	5868	5652	5652	5600	5602	5636	-232	36	10
2009-07-31	5636	-	-	-	5636	5636	0	0	10
2009-08-03	5636	-	-	-	5636	5636	0	0	10
2009-08-04	5636	-	-	-	5636	5636	0	0	10
2009-08-05	5636	-	-	-	5636	5636	0	0	10
2009-08-06	5636	-	-	-	5636	5636	0	0	10
2009-08-07	5636	-	-	-	5636	5636	0	0	10
2009-08-10	5636	-	-	-	5636	5636	0	0	10
2009-08-11	5636	-	-	-	5636	5636	0	0	10
2009-08-12	5636	-	-	-	5636	5636	0	0	10
2009-08-13	5636	-	-	-	5636	5636	0	0	10
2009-08-14	5636	-	-	-	5636	5636	0	0	0
