2008-09-16	6890	-	-	-	6890	6890	0	0	0
2008-09-17	6890	-	-	-	6890	6890	0	0	0
2008-09-18	6890	-	-	-	6890	6890	0	0	0
2008-09-19	6890	6892	6892	6892	6892	6892	2	2	2
2008-09-22	6892	-	-	-	6892	6892	0	0	2
2008-09-23	6892	6890	6900	6890	6900	6896	4	6	4
2008-09-24	6896	6660	6660	6660	6660	6660	-236	2	6
2008-09-25	6660	6552	6552	6552	6552	6552	-108	10	14
2008-09-26	6552	6742	6742	6742	6742	6742	190	2	12
2008-10-06	6742	-	-	-	6742	6742	0	0	12
2008-10-07	6742	-	-	-	6742	6742	0	0	12
2008-10-08	6742	-	-	-	6742	6742	0	0	12
2008-10-09	6742	6406	6406	6406	6406	6406	-336	2	10
2008-10-10	6406	6086	6086	6086	6086	6086	-320	2	8
2008-10-13	6086	5782	5782	5782	5782	5782	-304	6	6
2008-10-14	5782	5900	5950	5518	5600	5656	-126	222	216
2008-10-15	5656	5374	5380	5374	5380	5378	-278	12	208
2008-10-16	5378	5110	5120	5110	5110	5118	-260	106	104
2008-10-17	5118	4930	5364	4926	5080	5116	-2	952	4
2008-10-20	5116	5008	5292	5008	5292	5126	10	6	6
2008-10-21	5126	4930	5370	4930	5078	5258	132	212	116
2008-10-22	5258	5000	5050	4996	4996	5036	-222	170	104
2008-10-23	5036	4802	4984	4788	4790	4796	-240	86	22
2008-10-24	4796	4980	4980	4980	4980	4980	184	18	4
2008-10-27	4980	5210	5210	4750	4898	4904	-76	30	14
2008-10-28	4904	4900	4900	4770	4820	4824	-80	40	22
2008-10-29	4824	4722	4726	4680	4680	4690	-134	30	22
2008-10-30	4690	4710	4900	4710	4800	4818	128	48	24
2008-10-31	4818	4730	4850	4580	4798	4738	-80	90	30
2008-11-03	4738	4950	4972	4860	4920	4946	208	66	52
2008-11-04	4946	4880	4958	4820	4934	4866	-80	56	36
2008-11-05	4866	5048	5108	4950	4950	5028	162	104	80
2008-11-06	5028	4800	4900	4800	4850	4872	-156	56	82
2008-11-07	4872	4802	4990	4802	4842	4908	36	56	80
2008-11-10	4908	5050	5118	5050	5082	5090	182	70	92
2008-11-11	5090	5040	5100	5038	5090	5080	-10	66	100
2008-11-12	5080	4990	5076	4916	5030	5040	-40	82	84
2008-11-13	5040	4852	4994	4800	4870	4856	-184	78	84
2008-11-14	4856	4948	4966	4882	4930	4926	70	144	132
2008-11-17	4926	4980	5014	4960	4960	4980	54	62	140
2008-11-18	4980	4960	4960	4870	4876	4890	-90	72	132
2008-11-19	4890	4910	4930	4862	4930	4890	0	50	124
2008-11-20	4890	4800	4830	4800	4830	4802	-88	16	120
2008-11-21	4802	4600	4658	4562	4658	4588	-214	98	94
2008-11-24	4588	4610	4700	4602	4700	4654	66	46	94
2008-11-25	4654	4820	4848	4710	4770	4796	142	106	112
2008-11-26	4796	4780	4950	4780	4950	4856	60	70	128
2008-11-27	4856	5048	5048	4902	4902	4950	94	56	124
2008-11-28	4950	4982	4982	4852	4916	4886	-64	36	126
2008-12-01	4886	4866	4958	4830	4944	4896	10	32	126
2008-12-02	4896	4780	4834	4770	4802	4792	-104	86	168
2008-12-03	4792	4774	4836	4752	4788	4786	-6	88	194
2008-12-04	4786	4756	4766	4608	4628	4684	-102	128	184
2008-12-05	4684	4498	4498	4450	4450	4456	-228	20	168
2008-12-08	4456	4494	4670	4480	4644	4616	160	102	180
2008-12-09	4616	4650	4676	4600	4624	4634	18	110	150
2008-12-10	4634	4730	4864	4730	4830	4796	162	86	124
2008-12-11	4796	4804	4944	4800	4904	4880	84	246	156
2008-12-12	4880	5002	5002	4780	4800	4910	30	34	156
2008-12-15	4910	4988	5028	4920	5022	4998	88	654	336
2008-12-16	4998	4958	4958	4824	4852	4848	-150	248	310
2008-12-17	4848	4908	4934	4882	4900	4912	64	174	242
2008-12-18	4912	4804	4826	4804	4814	4810	-102	30	244
2008-12-19	4810	4814	4900	4810	4830	4838	28	258	186
2008-12-22	4838	4948	5078	4948	5078	5056	218	576	556
2008-12-23	5056	5036	5080	5016	5016	5054	-2	156	576
2008-12-24	5054	5068	5072	5046	5046	5060	6	44	558
2008-12-25	5060	5034	5268	5034	5242	5190	130	160	618
2008-12-26	5190	5206	5282	5206	5236	5246	56	154	712
2008-12-29	5246	5430	5430	5300	5328	5358	112	98	722
2008-12-30	5358	5286	5372	5260	5276	5296	-62	138	740
2008-12-31	5296	5248	5278	5190	5242	5234	-62	234	838
2009-01-05	5234	5422	5446	5330	5432	5386	152	140	844
2009-01-06	5386	5434	5650	5430	5618	5522	136	2330	1534
2009-01-07	5522	5660	5798	5598	5664	5716	194	420	1600
2009-01-08	5716	5468	5544	5432	5460	5456	-260	1752	2268
2009-01-09	5456	5520	5640	5520	5610	5576	120	460	2388
2009-01-12	5576	5700	5806	5662	5662	5758	182	2274	2442
2009-01-13	5758	5472	5472	5472	5472	5472	-286	70	2398
2009-01-14	5472	5472	5530	5388	5498	5464	-8	3216	3074
2009-01-15	5464	5360	5380	5282	5294	5340	-124	2436	3338
2009-01-16	5340	5326	5368	5270	5290	5318	-22	15676	8764
2009-01-19	5318	5300	5334	5236	5256	5300	-18	6786	9884
2009-01-20	5300	5270	5270	5190	5222	5224	-76	3520	9826
2009-01-21	5224	5166	5256	5152	5240	5218	-6	4474	10220
2009-01-22	5218	5270	5300	5206	5266	5254	36	3234	10096
2009-01-23	5254	5230	5234	5190	5218	5208	-46	2930	11436
2009-02-02	5208	5200	5200	5056	5064	5102	-106	840	11590
2009-02-03	5102	5040	5168	5040	5156	5134	32	4888	13830
2009-02-04	5134	5158	5254	5142	5246	5220	86	2290	13976
2009-02-05	5220	5220	5290	5140	5186	5228	8	8362	17444
2009-02-06	5228	5236	5310	5236	5274	5274	46	15552	23256
2009-02-09	5274	5288	5536	5268	5510	5460	186	11838	23588
2009-02-10	5460	5528	5572	5440	5530	5516	56	8300	24838
2009-02-11	5516	5400	5530	5254	5358	5442	-74	10620	25288
2009-02-12	5442	5398	5420	5300	5374	5362	-80	8300	26692
2009-02-13	5362	5350	5468	5350	5466	5410	48	8702	26796
2009-02-16	5410	5500	5520	5366	5464	5444	34	19900	31834
2009-02-17	5444	5400	5514	5400	5418	5454	10	19136	34642
2009-02-18	5454	5184	5220	5182	5182	5184	-270	3216	33592
2009-02-19	5184	5132	5184	5044	5044	5102	-82	13010	33394
2009-02-20	5102	5014	5158	5014	5116	5124	22	10240	34186
2009-02-23	5124	5092	5230	5062	5218	5156	32	9464	34422
2009-02-24	5156	5140	5180	5010	5092	5092	-64	15610	35606
2009-02-25	5092	5200	5248	5166	5180	5198	106	11886	35426
2009-02-26	5198	5300	5300	5152	5160	5238	40	22158	35892
2009-02-27	5238	5180	5180	5040	5116	5112	-126	21880	37988
2009-03-02	5112	5130	5220	5100	5156	5160	48	35100	39962
2009-03-03	5160	5050	5090	5024	5060	5062	-98	49296	47248
2009-03-04	5062	5040	5120	5040	5120	5080	18	47776	51480
2009-03-05	5080	5220	5220	5090	5096	5150	70	53802	54328
2009-03-06	5150	5080	5162	5070	5158	5126	-24	67828	59340
2009-03-09	5126	5226	5288	5182	5230	5246	120	133066	62630
2009-03-10	5246	5230	5380	5210	5342	5316	70	201366	80200
2009-03-11	5316	5340	5354	5244	5252	5292	-24	133530	86360
2009-03-12	5292	5176	5216	5154	5170	5182	-110	100190	87150
2009-03-13	5182	5220	5246	5136	5156	5186	4	113712	91854
2009-03-16	5186	5146	5226	5126	5190	5188	2	110758	89750
2009-03-17	5188	5220	5278	5220	5252	5254	66	95596	91894
2009-03-18	5254	5272	5282	5242	5244	5260	6	99420	94462
2009-03-19	5260	5280	5354	5274	5346	5322	62	143974	103642
2009-03-20	5322	5370	5440	5350	5404	5402	80	143614	115976
2009-03-23	5402	5478	5618	5444	5550	5520	118	195138	121872
2009-03-24	5520	5520	5560	5414	5420	5468	-52	101472	118262
2009-03-25	5468	5458	5464	5366	5370	5412	-56	99466	119768
2009-03-26	5412	5410	5524	5380	5504	5464	52	192566	132584
2009-03-27	5464	5494	5582	5402	5428	5500	36	203414	125904
2009-03-30	5500	5400	5432	5354	5382	5400	-100	122544	120978
2009-03-31	5400	5380	5500	5360	5470	5458	58	202000	126242
2009-04-01	5458	5510	5650	5510	5584	5598	140	252010	139462
2009-04-02	5598	5650	5700	5628	5700	5660	62	240632	150988
2009-04-03	5660	5790	5798	5688	5720	5748	88	238780	149440
2009-04-07	5748	5738	5882	5704	5874	5802	54	230026	155592
2009-04-08	5802	5850	5850	5708	5716	5776	-26	251690	143288
2009-04-09	5776	5800	5866	5782	5860	5824	48	228672	141358
2009-04-10	5824	5888	5996	5866	5978	5944	120	227724	146358
2009-04-13	5944	5970	6240	5946	6158	6132	188	428478	161520
2009-04-14	6132	6200	6264	6126	6242	6200	68	478258	170314
2009-04-15	6200	6380	6500	6322	6490	6402	202	379292	176180
2009-04-16	6402	6490	6546	6422	6446	6468	66	360848	172500
2009-04-17	6468	6440	6478	6280	6474	6396	-72	470686	167266
2009-04-20	6396	6448	6570	6420	6444	6494	98	544282	164324
2009-04-21	6494	6280	6312	6170	6170	6206	-288	301882	145210
2009-04-22	6206	6300	6394	6204	6240	6306	100	485710	148860
2009-04-23	6306	6276	6350	6228	6336	6290	-16	629878	153526
2009-04-24	6290	6400	6458	6250	6254	6358	68	604946	151778
2009-04-27	6358	6200	6228	6042	6042	6106	-252	309446	138062
2009-04-28	6106	6102	6136	5990	6042	6046	-60	465378	129960
2009-04-29	6046	6052	6120	5972	6118	6038	-8	358680	126080
2009-04-30	6038	6200	6338	6178	6338	6270	232	348308	114828
2009-05-04	6270	6582	6582	6574	6582	6580	310	10726	111410
2009-05-05	6580	6628	6706	6604	6656	6662	82	495490	120942
2009-05-06	6662	6646	6826	6610	6824	6710	48	566616	139484
2009-05-07	6710	6900	6950	6808	6816	6884	174	613114	143786
2009-05-08	6884	6868	6946	6788	6936	6868	-16	584244	146924
2009-05-11	6868	6930	6930	6736	6760	6812	-56	496794	133162
2009-05-12	6812	6840	7002	6804	6972	6890	78	506134	145712
2009-05-13	6890	7030	7086	6962	7026	7028	138	575070	144068
2009-05-14	7028	6892	6900	6810	6826	6850	-178	362264	127662
2009-05-15	6850	6890	6944	6790	6818	6874	24	415888	125108
2009-05-18	6874	6580	6630	6532	6552	6554	-320	195664	103912
2009-05-19	6554	6666	6790	6626	6766	6706	152	364316	112198
2009-05-20	6706	6720	6810	6700	6702	6760	54	408708	108174
2009-05-21	6760	6696	6774	6656	6662	6716	-44	301400	101034
2009-05-22	6716	6650	6754	6632	6694	6700	-16	321128	102212
2009-05-25	6700	6708	6732	6644	6666	6672	-28	244646	102988
2009-05-26	6672	6666	6678	6514	6530	6600	-72	286966	100508
2009-05-27	6600	6600	6622	6546	6584	6578	-22	229336	85828
2009-06-01	6578	6800	6960	6782	6926	6862	284	163722	68068
2009-06-02	6862	7026	7026	6892	6906	6956	94	108318	70080
2009-06-03	6956	6920	6948	6866	6920	6906	-50	101282	68606
2009-06-04	6906	6646	6792	6646	6790	6756	-150	75282	70156
2009-06-05	6756	6890	6936	6830	6840	6882	126	49574	68196
2009-06-08	6882	6808	6850	6742	6748	6808	-74	41608	65114
2009-06-09	6808	6788	6788	6678	6748	6732	-76	58858	66978
2009-06-10	6732	6798	6798	6600	6620	6674	-58	112636	83772
2009-06-11	6674	6600	6606	6520	6568	6554	-120	86956	84308
2009-06-12	6554	6566	6620	6524	6544	6562	8	64780	76608
2009-06-15	6562	6490	6492	6412	6446	6448	-114	48466	72074
2009-06-16	6448	6418	6476	6412	6464	6448	0	41376	70438
2009-06-17	6448	6464	6464	6412	6432	6430	-18	18014	69586
2009-06-18	6430	6442	6458	6338	6348	6404	-26	41824	66180
2009-06-19	6404	6350	6362	6272	6286	6306	-98	47062	68488
2009-06-22	6306	6202	6222	6154	6176	6202	-104	30658	68210
2009-06-23	6202	6102	6146	6042	6142	6096	-106	32436	63064
2009-06-24	6096	6192	6192	6104	6122	6128	32	22378	62480
2009-06-25	6128	6120	6254	6096	6242	6202	74	25040	58064
2009-06-26	6202	6248	6308	6242	6290	6288	86	16150	54106
2009-06-29	6288	6258	6260	6158	6160	6206	-82	18646	53594
2009-06-30	6206	6194	6226	6170	6216	6202	-4	17928	50344
2009-07-01	6202	6200	6234	6184	6216	6216	14	17870	48222
2009-07-02	6216	6228	6238	6080	6084	6134	-82	21720	47712
2009-07-03	6134	6036	6066	5828	5870	5932	-202	20362	42480
2009-07-06	5932	5884	5900	5830	5860	5882	-50	16816	39040
2009-07-07	5882	5880	5900	5810	5842	5848	-34	8418	39052
2009-07-08	5848	5680	5686	5560	5576	5608	-240	12218	37884
2009-07-09	5608	5600	5620	5550	5594	5596	-12	16128	35566
2009-07-10	5596	5450	5670	5450	5616	5604	8	9822	32582
2009-07-13	5604	5642	5648	5570	5576	5608	4	6702	30416
2009-07-14	5608	5620	5664	5604	5650	5644	36	8456	26850
2009-07-15	5644	5660	5726	5654	5718	5688	44	14688	27420
2009-07-16	5688	5706	5720	5656	5696	5684	-4	9254	22992
2009-07-17	5684	5640	5734	5640	5726	5714	30	6442	20360
2009-07-20	5714	5788	5816	5788	5812	5800	86	4808	18650
2009-07-21	5800	5800	5836	5750	5758	5794	-6	3690	16492
2009-07-22	5794	5748	5794	5700	5746	5754	-40	4012	14838
2009-07-23	5754	5774	5780	5746	5762	5764	10	1686	13830
2009-07-24	5764	5786	5790	5700	5700	5740	-24	1516	12822
2009-07-27	5740	5694	5696	5626	5682	5672	-68	2516	11544
2009-07-28	5672	5690	5830	5690	5816	5776	104	4310	8788
2009-07-29	5776	5800	5830	5766	5784	5788	12	1620	7876
2009-07-30	5788	5796	5800	5768	5790	5780	-8	1606	7014
2009-07-31	5780	5880	5960	5860	5930	5926	146	3170	4694
2009-08-03	5926	5950	6100	5950	6100	6058	132	1104	3984
2009-08-04	6058	6100	6188	6100	6138	6140	82	1022	3586
2009-08-05	6140	6166	6218	6138	6138	6166	26	886	2866
2009-08-06	6166	6148	6148	5994	6060	6046	-120	518	2546
2009-08-07	6046	6060	6150	6008	6102	6112	66	946	1694
2009-08-10	6112	6100	6250	6100	6250	6176	64	450	1466
2009-08-11	6176	6200	6202	6120	6168	6156	-20	212	1426
2009-08-12	6156	6236	6450	6236	6332	6394	238	686	1480
2009-08-13	6394	6454	6498	6384	6420	6430	36	154	1432
2009-08-14	6430	6430	6430	6302	6308	6346	-84	172	1348
2009-08-17	6346	6100	6120	6030	6030	6082	-264	50	1330
2009-08-18	6082	5968	6160	5968	6118	6084	2	86	1326
2009-08-19	6084	6106	6138	5996	6022	6078	-6	94	1272
2009-08-20	6078	6016	6370	5960	6190	6200	122	200	1294
2009-08-21	6200	6004	6146	6000	6100	6048	-152	130	1252
2009-08-24	6048	6138	6286	6138	6280	6210	162	62	1246
2009-08-25	6210	6334	6334	6202	6260	6250	40	72	1244
2009-08-26	6250	6288	6288	6230	6254	6250	0	258	1004
2009-08-27	6250	6212	6250	6196	6196	6206	-44	18	1000
2009-08-28	6206	6138	6234	6138	6146	6166	-40	44	1000
2009-08-31	6166	6120	6130	6080	6080	6104	-62	92	1000
2009-09-01	6104	6050	6050	6010	6010	6044	-60	102	1000
2009-09-02	6044	5900	5900	5850	5850	5876	-168	18	1000
2009-09-03	5876	5800	5800	5800	5800	5800	-76	24	1000
2009-09-04	5800	-	-	-	5800	5800	0	0	1000
2009-09-07	5800	-	-	-	5800	5800	0	0	1000
2009-09-08	5800	-	-	-	5800	5800	0	0	1000
2009-09-09	5800	-	-	-	5800	5800	0	0	1000
2009-09-10	5800	-	-	-	5800	5800	0	0	1000
2009-09-11	5800	-	-	-	5800	5800	0	0	1000
2009-09-14	5800	-	-	-	5800	5982	182	0	0
