2011-02-22	9600	-	-	-	9600	9600	0	0	0
2011-02-23	9600	-	-	-	9600	9600	0	0	0
2011-02-24	9600	-	-	-	9600	9600	0	0	0
2011-02-25	9600	8964	9346	8962	9220	9116	-484	38	8
2011-02-28	9116	9300	9300	9300	9300	9300	184	2	6
2011-03-01	9300	-	-	-	9300	9300	0	0	6
2011-03-02	9300	-	-	-	9300	9300	0	0	6
2011-03-03	9300	9388	9468	9388	9468	9428	128	4	6
2011-03-04	9428	9458	9458	9458	9458	9458	30	4	6
2011-03-07	9458	9512	9512	9512	9512	9512	54	2	4
2011-03-08	9512	-	-	-	9512	9512	0	0	4
2011-03-09	9512	-	-	-	9512	9512	0	0	4
2011-03-10	9512	-	-	-	9512	9512	0	0	4
2011-03-11	9512	-	-	-	9512	9512	0	0	4
2011-03-14	9512	9150	9150	9100	9100	9132	-380	6	2
2011-03-15	9132	9056	9056	9056	9056	9056	-76	20	22
2011-03-16	9056	-	-	-	9056	9056	0	0	22
2011-03-17	9056	8960	8990	8940	8970	8966	-90	14	24
2011-03-18	8966	9106	9106	9106	9106	9106	140	2	22
2011-03-21	9106	9272	9272	9272	9272	9272	166	2	20
2011-03-22	9272	-	-	-	9272	9272	0	0	20
2011-03-23	9272	-	-	-	9272	9272	0	0	20
2011-03-24	9272	-	-	-	9272	9272	0	0	20
2011-03-25	9272	-	-	-	9272	9272	0	0	20
2011-03-28	9272	9230	9230	9134	9160	9174	-98	12	20
2011-03-29	9174	-	-	-	9174	9174	0	0	20
2011-03-30	9174	9260	9260	9184	9200	9214	40	12	20
2011-03-31	9214	-	-	-	9214	9214	0	0	20
2011-04-01	9214	-	-	-	9214	9214	0	0	20
2011-04-06	9214	-	-	-	9214	9214	0	0	20
2011-04-07	9214	-	-	-	9214	9214	0	0	20
2011-04-08	9214	-	-	-	9214	9214	0	0	20
2011-04-11	9214	9674	9674	9674	9674	9674	460	6	20
2011-04-12	9674	-	-	-	9674	9674	0	0	20
2011-04-13	9674	-	-	-	9674	9674	0	0	20
2011-04-14	9674	9270	9498	9260	9260	9342	-332	6	20
2011-04-15	9342	-	-	-	9342	9342	0	0	20
2011-04-18	9342	9186	9248	9084	9248	9164	-178	12	20
2011-04-19	9164	-	-	-	9164	9164	0	0	20
2011-04-20	9164	-	-	-	9164	9164	0	0	20
2011-04-21	9164	-	-	-	9164	9164	0	0	20
2011-04-22	9164	9306	9474	9306	9442	9410	246	48	22
2011-04-25	9410	-	-	-	9410	9410	0	0	22
2011-04-26	9410	9322	9322	9300	9300	9310	-100	4	22
2011-04-27	9310	9290	9290	9290	9290	9290	-20	2	22
2011-04-28	9290	9280	9280	9280	9280	9280	-10	2	20
2011-04-29	9280	9120	9120	9120	9120	9120	-160	4	20
2011-05-03	9120	9166	9320	9166	9230	9248	128	18	20
2011-05-04	9248	-	-	-	9248	9248	0	0	20
2011-05-05	9248	-	-	-	9248	9248	0	0	20
2011-05-06	9248	8902	8902	8828	8828	8846	-402	46	48
2011-05-09	8846	9216	9216	8902	8970	8950	104	34	60
2011-05-10	8950	8952	9048	8866	9010	8980	30	18	60
2011-05-11	8980	-	-	-	8980	8980	0	0	60
2011-05-12	8980	8960	9056	8852	8930	8976	-4	40	62
2011-05-13	8976	9018	9018	9018	9018	9018	42	2	62
2011-05-16	9018	-	-	-	9018	9018	0	0	62
2011-05-17	9018	8872	8872	8822	8822	8856	-162	14	56
2011-05-18	8856	-	-	-	8856	8856	0	0	56
2011-05-19	8856	9118	9118	9100	9100	9108	252	8	52
2011-05-20	9108	8924	9210	8924	9210	9066	-42	4	54
2011-05-23	9066	-	-	-	9066	9066	0	0	54
2011-05-24	9066	9152	9228	9152	9156	9188	122	14	54
2011-05-25	9188	9214	9230	9122	9198	9184	-4	22	54
2011-05-26	9184	9290	9290	9290	9290	9290	106	4	54
2011-05-27	9290	-	-	-	9290	9290	0	0	54
2011-05-30	9290	9340	9388	9340	9388	9368	78	10	54
2011-05-31	9368	9376	9376	9376	9376	9376	8	22	70
2011-06-01	9376	9320	9320	9282	9300	9314	-62	36	52
2011-06-02	9314	9242	9360	9242	9360	9300	-14	4	52
2011-06-03	9300	-	-	-	9300	9300	0	0	52
2011-06-07	9300	9340	9340	9340	9340	9340	40	2	54
2011-06-08	9340	9334	9340	9300	9340	9322	-18	8	54
2011-06-09	9322	9378	9378	9330	9330	9348	26	16	48
2011-06-10	9348	9300	9300	9300	9300	9300	-48	2	46
2011-06-13	9300	9142	9246	9142	9200	9186	-114	10	48
2011-06-14	9186	9300	9300	9194	9240	9240	54	58	28
2011-06-15	9240	9242	9242	9242	9242	9242	2	2	28
2011-06-16	9242	9220	9230	9160	9160	9216	-26	32	26
2011-06-17	9216	9142	9142	9142	9142	9142	-74	4	26
2011-06-20	9142	-	-	-	9142	9142	0	0	26
2011-06-21	9142	9132	9186	9108	9146	9140	-2	16	20
2011-06-22	9140	9150	9150	9150	9150	9150	10	2	20
2011-06-23	9150	9052	9052	9000	9000	9024	-126	6	20
2011-06-24	9024	-	-	-	9024	9024	0	0	20
2011-06-27	9024	8892	8892	8892	8892	8892	-132	2	20
2011-06-28	8892	8802	8802	8802	8802	8802	-90	2	20
2011-06-29	8802	-	-	-	8802	8802	0	0	20
2011-06-30	8802	-	-	-	8802	8802	0	0	20
2011-07-01	8802	8820	8820	8820	8820	8820	18	2	20
2011-07-04	8820	-	-	-	8820	8820	0	0	20
2011-07-05	8820	9160	9160	8910	8910	9000	180	18	22
2011-07-06	9000	8890	8916	8890	8890	8898	-102	6	20
2011-07-07	8898	-	-	-	8898	8898	0	0	20
2011-07-08	8898	9052	9052	8968	9010	9006	108	10	20
2011-07-11	9006	-	-	-	9006	9006	0	0	20
2011-07-12	9006	8980	8980	8950	8950	8964	-42	8	20
2011-07-13	8964	-	-	-	8964	8964	0	0	20
2011-07-14	8964	-	-	-	8964	8964	0	0	20
2011-07-15	8964	-	-	-	8964	8964	0	0	20
2011-07-18	8964	-	-	-	8964	8964	0	0	20
2011-07-19	8964	9024	9024	9024	9024	9024	60	4	20
2011-07-20	9024	9054	9082	9032	9082	9058	34	18	20
2011-07-21	9058	9180	9200	9140	9140	9184	126	10	20
2011-07-22	9184	-	-	-	9184	9184	0	0	20
2011-07-25	9184	9060	9060	9060	9060	9060	-124	6	20
2011-07-26	9060	-	-	-	9060	9060	0	0	20
2011-07-27	9060	9180	9180	9122	9122	9150	90	4	20
2011-07-28	9150	-	-	-	9150	9150	0	0	20
2011-07-29	9150	-	-	-	9150	9150	0	0	20
2011-08-01	9150	-	-	-	9150	9150	0	0	20
2011-08-02	9150	-	-	-	9150	9150	0	0	20
2011-08-03	9150	-	-	-	9150	9150	0	0	20
2011-08-04	9150	-	-	-	9150	9150	0	0	20
2011-08-05	9150	8874	8874	8802	8822	8830	-320	24	8
2011-08-08	8830	8698	8916	8696	8780	8800	-30	20	6
2011-08-09	8800	8590	8700	8464	8600	8588	-212	8	6
2011-08-10	8588	-	-	-	8588	8588	0	0	6
2011-08-11	8588	-	-	-	8588	8588	0	0	6
2011-08-12	8588	8740	8740	8740	8740	8740	152	2	6
2011-08-15	8740	-	-	-	8740	8740	0	0	6
2011-08-16	8740	-	-	-	8740	8740	0	0	6
2011-08-17	8740	-	-	-	8740	8740	0	0	6
2011-08-18	8740	-	-	-	8740	8740	0	0	6
2011-08-19	8740	-	-	-	8740	8740	0	0	6
2011-08-22	8740	-	-	-	8740	8740	0	0	6
2011-08-23	8740	8790	8900	8790	8900	8844	104	4	8
2011-08-24	8844	8876	8876	8876	8876	8876	32	2	6
2011-08-25	8876	-	-	-	8876	8876	0	0	6
2011-08-26	8876	-	-	-	8876	8876	0	0	6
2011-08-29	8876	-	-	-	8876	8876	0	0	6
2011-08-30	8876	-	-	-	8876	8876	0	0	6
2011-08-31	8876	-	-	-	8876	8876	0	0	6
2011-09-01	8876	-	-	-	8876	8876	0	0	6
2011-09-02	8876	-	-	-	8876	8876	0	0	6
2011-09-05	8876	-	-	-	8876	8876	0	0	6
2011-09-06	8876	-	-	-	8876	8876	0	0	6
2011-09-07	8876	-	-	-	8876	8876	0	0	6
2011-09-08	8876	8876	9180	8876	9180	9028	152	4	8
2011-09-09	9028	9030	9030	9030	9030	9030	2	2	6
2011-09-13	9030	8956	8956	8956	8956	8956	-74	2	6
2011-09-14	8956	-	-	-	8956	8956	0	0	6
2011-09-15	8956	-	-	-	8956	8956	0	0	6
2011-09-16	8956	-	-	-	8956	8956	0	0	6
2011-09-19	8956	8706	8760	8706	8760	8732	-224	8	6
2011-09-20	8732	-	-	-	8732	8732	0	0	6
2011-09-21	8732	-	-	-	8732	8732	0	0	6
2011-09-22	8732	-	-	-	8732	8732	0	0	6
2011-09-23	8732	-	-	-	8732	8732	0	0	6
2011-09-26	8732	-	-	-	8732	8732	0	0	6
2011-09-27	8732	-	-	-	8732	8732	0	0	6
2011-09-28	8732	-	-	-	8732	8732	0	0	6
2011-09-29	8732	-	-	-	8732	8732	0	0	6
2011-09-30	8732	-	-	-	8732	8732	0	0	6
2011-10-10	8732	-	-	-	8732	8732	0	0	6
2011-10-11	8732	-	-	-	8732	8732	0	0	6
2011-10-12	8732	8034	8034	8034	8034	8034	-698	2	6
2011-10-13	8034	8168	8168	7980	7980	8074	40	4	8
2011-10-14	8074	-	-	-	8074	8074	0	0	8
2011-10-17	8074	-	-	-	8074	8074	0	0	8
2011-10-18	8074	7970	7970	7970	7970	7970	-104	2	6
2011-10-19	7970	-	-	-	7970	7970	0	0	6
2011-10-20	7970	-	-	-	7970	7970	0	0	6
2011-10-21	7970	-	-	-	7970	7970	0	0	6
2011-10-24	7970	-	-	-	7970	7970	0	0	6
2011-10-25	7970	-	-	-	7970	7970	0	0	6
2011-10-26	7970	-	-	-	7970	7970	0	0	6
2011-10-27	7970	-	-	-	7970	7970	0	0	6
2011-10-28	7970	8088	8088	8088	8088	8088	118	4	2
2011-10-31	8088	-	-	-	8088	8088	0	0	2
2011-11-01	8088	7850	8048	7850	8048	7948	-140	12	4
2011-11-02	7948	-	-	-	7948	7948	0	0	4
2011-11-03	7948	7838	7930	7838	7930	7886	-62	6	2
2011-11-04	7886	-	-	-	7886	7886	0	0	2
2011-11-07	7886	-	-	-	7886	7886	0	0	2
2011-11-08	7886	7968	7968	7968	7968	7968	82	2	0
2011-11-09	7968	-	-	-	7968	7968	0	0	0
2011-11-10	7968	-	-	-	7968	7968	0	0	0
2011-11-11	7968	8364	8364	8016	8132	8184	216	22	6
2011-11-14	8184	8050	8050	8050	8050	8050	-134	2	4
2011-11-15	8050	-	-	-	8050	8050	0	0	4
2011-11-16	8050	-	-	-	8050	8050	0	0	4
2011-11-17	8050	8250	8290	8180	8264	8250	200	38	4
2011-11-18	8250	-	-	-	8250	8250	0	0	4
2011-11-21	8250	-	-	-	8250	8250	0	0	4
2011-11-22	8250	-	-	-	8250	8250	0	0	4
2011-11-23	8250	-	-	-	8250	8250	0	0	4
2011-11-24	8250	-	-	-	8250	8250	0	0	4
2011-11-25	8250	-	-	-	8250	8250	0	0	4
2011-11-28	8250	-	-	-	8250	8250	0	0	4
2011-11-29	8250	-	-	-	8250	8250	0	0	4
2011-11-30	8250	-	-	-	8250	8250	0	0	4
2011-12-01	8250	7962	8046	7900	7900	8008	-242	14	10
2011-12-02	8008	-	-	-	8008	8008	0	0	10
2011-12-05	8008	7910	7910	7910	7910	7910	-98	4	10
2011-12-06	7910	8068	8068	7746	8004	7940	30	20	8
2011-12-07	7940	8076	8076	7970	7970	8022	82	4	4
2011-12-08	8022	-	-	-	8022	8022	0	0	4
2011-12-09	8022	-	-	-	8022	8022	0	0	4
2011-12-12	8022	-	-	-	8022	8022	0	0	4
2011-12-13	8022	-	-	-	8022	8022	0	0	4
2011-12-14	8022	-	-	-	8022	8022	0	0	4
2011-12-15	8022	-	-	-	8022	8022	0	0	4
2011-12-16	8022	-	-	-	8022	8022	0	0	4
2011-12-19	8022	8076	8076	8076	8076	8076	54	4	4
2011-12-20	8076	-	-	-	8076	8076	0	0	4
2011-12-21	8076	-	-	-	8076	8076	0	0	4
2011-12-22	8076	-	-	-	8076	8076	0	0	4
2011-12-23	8076	-	-	-	8076	8076	0	0	4
2011-12-26	8076	-	-	-	8076	8076	0	0	4
2011-12-27	8076	7676	7678	7674	7674	7674	-402	24	18
2011-12-28	7674	7728	7728	7728	7728	7728	54	2	18
2011-12-29	7728	-	-	-	7728	7728	0	0	18
2011-12-30	7728	-	-	-	7728	7728	0	0	18
2012-01-04	7728	7700	7700	7700	7700	7700	-28	2	18
2012-01-05	7700	7650	7650	7650	7650	7650	-50	2	18
2012-01-06	7650	7686	7686	7686	7686	7686	36	2	18
2012-01-09	7686	7602	7602	7602	7602	7602	-84	2	18
2012-01-10	7602	7618	7618	7618	7618	7618	16	2	18
2012-01-11	7618	7666	7666	7666	7666	7666	48	2	18
2012-01-12	7666	-	-	-	7666	7666	0	0	18
2012-01-13	7666	-	-	-	7666	7666	0	0	18
2012-01-16	7666	-	-	-	7666	7666	0	0	18
2012-01-17	7666	-	-	-	7666	7666	0	0	18
2012-01-18	7666	7284	7288	7284	7284	7284	-382	16	18
2012-01-19	7284	-	-	-	7284	7284	0	0	18
2012-01-20	7284	7198	7198	6844	6864	6922	-362	12	18
2012-01-30	6922	7008	7008	6990	6990	6998	76	6	20
2012-01-31	6998	7278	7278	6650	6650	6858	-140	6	18
2012-02-01	6858	-	-	-	6858	6858	0	0	18
2012-02-02	6858	-	-	-	6858	6858	0	0	18
2012-02-03	6858	-	-	-	6858	6858	0	0	18
2012-02-06	6858	6998	7000	6998	7000	6998	140	14	18
2012-02-07	6998	-	-	-	6998	6998	0	0	18
2012-02-08	6998	-	-	-	6998	6998	0	0	18
2012-02-09	6998	-	-	-	6998	6998	0	0	18
2012-02-10	6998	-	-	-	6998	6998	0	0	18
2012-02-13	6998	-	-	-	6998	6998	0	0	18
2012-02-14	6998	-	-	-	6998	6998	0	0	0
