2012-02-15	8280	-	-	-	8280	8280	0	0	0
2012-02-16	8280	-	-	-	8280	8280	0	0	0
2012-02-17	8280	-	-	-	8280	8280	0	0	0
2012-02-20	8280	-	-	-	8280	8280	0	0	0
2012-02-21	8280	-	-	-	8280	8280	0	0	0
2012-02-22	8280	-	-	-	8280	8280	0	0	0
2012-02-23	8280	-	-	-	8280	8280	0	0	0
2012-02-24	8280	-	-	-	8280	8280	0	0	0
2012-02-27	8280	-	-	-	8280	8280	0	0	0
2012-02-28	8280	-	-	-	8280	8280	0	0	0
2012-02-29	8280	-	-	-	8280	8280	0	0	0
2012-03-01	8280	-	-	-	8280	8280	0	0	0
2012-03-02	8280	-	-	-	8280	8280	0	0	0
2012-03-05	8280	-	-	-	8280	8280	0	0	0
2012-03-06	8280	-	-	-	8280	8280	0	0	0
2012-03-07	8280	-	-	-	8280	8280	0	0	0
2012-03-08	8280	-	-	-	8280	8280	0	0	0
2012-03-09	8280	-	-	-	8280	8280	0	0	0
2012-03-12	8280	-	-	-	8280	8280	0	0	0
2012-03-13	8280	-	-	-	8280	8280	0	0	0
2012-03-14	8280	-	-	-	8280	8280	0	0	0
2012-03-15	8280	-	-	-	8280	8280	0	0	0
2012-03-16	8280	8732	8732	8730	8730	8730	450	4	4
2012-03-19	8730	-	-	-	8730	8730	0	0	4
2012-03-20	8730	8690	8690	8690	8690	8690	-40	4	2
2012-03-21	8690	-	-	-	8690	8690	0	0	2
2012-03-22	8690	-	-	-	8690	8690	0	0	2
2012-03-23	8690	-	-	-	8690	8690	0	0	2
2012-03-26	8690	-	-	-	8690	8690	0	0	2
2012-03-27	8690	8834	8876	8824	8876	8840	150	16	8
2012-03-28	8840	-	-	-	8840	8840	0	0	8
2012-03-29	8840	8780	8780	8768	8768	8776	-64	6	8
2012-03-30	8776	-	-	-	8776	8776	0	0	8
2012-04-05	8776	8910	8950	8910	8950	8922	146	8	10
2012-04-06	8922	9040	9040	9040	9040	9040	118	2	12
2012-04-09	9040	-	-	-	9040	9040	0	0	12
2012-04-10	9040	-	-	-	9040	9040	0	0	12
2012-04-11	9040	9018	9018	9010	9018	9014	-26	6	8
2012-04-12	9014	-	-	-	9014	9014	0	0	8
2012-04-13	9014	-	-	-	9014	9014	0	0	8
2012-04-16	9014	-	-	-	9014	9014	0	0	8
2012-04-17	9014	-	-	-	9014	9014	0	0	8
2012-04-18	9014	8960	8960	8888	8888	8924	-90	4	6
2012-04-19	8924	8868	8872	8866	8872	8868	-56	6	2
2012-04-20	8868	-	-	-	8868	8868	0	0	2
2012-04-23	8868	-	-	-	8868	8868	0	0	2
2012-04-24	8868	-	-	-	8868	8868	0	0	2
2012-04-25	8868	8808	8808	8808	8808	8808	-60	2	2
2012-04-26	8808	-	-	-	8808	8808	0	0	2
2012-04-27	8808	-	-	-	8808	8808	0	0	2
2012-05-02	8808	-	-	-	8808	8808	0	0	2
2012-05-03	8808	-	-	-	8808	8808	0	0	2
2012-05-04	8808	8870	8870	8870	8870	8870	62	2	4
2012-05-07	8870	8518	8518	8518	8518	8518	-352	2	4
2012-05-08	8518	8560	8560	8560	8560	8560	42	2	4
2012-05-09	8560	8562	8562	8562	8562	8562	2	2	2
2012-05-10	8562	-	-	-	8562	8562	0	0	2
2012-05-11	8562	-	-	-	8562	8562	0	0	2
2012-05-14	8562	-	-	-	8562	8562	0	0	2
2012-05-15	8562	8250	8250	8250	8250	8250	-312	2	2
2012-05-16	8250	-	-	-	8250	8250	0	0	2
2012-05-17	8250	8078	8198	8078	8102	8126	-124	6	2
2012-05-18	8126	-	-	-	8126	8126	0	0	2
2012-05-21	8126	-	-	-	8126	8126	0	0	2
2012-05-22	8126	-	-	-	8126	8126	0	0	2
2012-05-23	8126	-	-	-	8126	8126	0	0	2
2012-05-24	8126	-	-	-	8126	8126	0	0	2
2012-05-25	8126	-	-	-	8126	8126	0	0	2
2012-05-28	8126	-	-	-	8126	8126	0	0	2
2012-05-29	8126	-	-	-	8126	8126	0	0	2
2012-05-30	8126	-	-	-	8126	8126	0	0	2
2012-05-31	8126	-	-	-	8126	8126	0	0	2
2012-06-01	8126	-	-	-	8126	8126	0	0	2
2012-06-04	8126	-	-	-	8126	8126	0	0	2
2012-06-05	8126	7730	7800	7730	7784	7784	-342	14	10
2012-06-06	7784	7800	7822	7800	7810	7810	26	16	4
2012-06-07	7810	-	-	-	7810	7810	0	0	4
2012-06-08	7810	-	-	-	7810	7810	0	0	4
2012-06-11	7810	-	-	-	7810	7810	0	0	4
2012-06-12	7810	-	-	-	7810	7810	0	0	4
2012-06-13	7810	-	-	-	7810	7810	0	0	4
2012-06-14	7810	-	-	-	7810	7810	0	0	4
2012-06-15	7810	7650	7650	7650	7650	7650	-160	2	4
2012-06-18	7650	-	-	-	7650	7650	0	0	4
2012-06-19	7650	-	-	-	7650	7650	0	0	4
2012-06-20	7650	7956	7956	7956	7956	7956	306	2	4
2012-06-21	7956	-	-	-	7956	7956	0	0	4
2012-06-25	7956	8102	8102	8102	8102	8102	146	2	6
2012-06-26	8102	8046	8046	8046	8046	8046	-56	2	4
2012-06-27	8046	-	-	-	8046	8046	0	0	4
2012-06-28	8046	7990	8046	7990	7990	8008	-38	12	4
2012-06-29	8008	-	-	-	8008	8008	0	0	4
2012-07-02	8008	8116	8116	8116	8116	8116	108	2	6
2012-07-03	8116	8134	8186	8134	8186	8168	52	6	8
2012-07-04	8168	-	-	-	8168	8168	0	0	8
2012-07-05	8168	8340	8394	8172	8394	8282	114	12	6
2012-07-06	8282	8176	8398	8152	8312	8276	-6	18	4
2012-07-09	8276	8202	8348	8202	8290	8280	4	6	4
2012-07-10	8280	-	-	-	8280	8280	0	0	4
2012-07-11	8280	8500	8502	8168	8168	8310	30	32	4
2012-07-12	8310	-	-	-	8310	8310	0	0	4
2012-07-13	8310	-	-	-	8310	8310	0	0	4
2012-07-16	8310	8242	8242	8242	8242	8242	-68	2	4
2012-07-17	8242	8246	8246	8230	8230	8238	-4	16	4
2012-07-18	8238	-	-	-	8238	8238	0	0	4
2012-07-19	8238	-	-	-	8238	8238	0	0	4
2012-07-20	8238	8184	8184	8088	8088	8136	-102	4	4
2012-07-23	8136	8108	8108	7828	7992	7976	-160	6	4
2012-07-24	7976	-	-	-	7976	7976	0	0	4
2012-07-25	7976	7758	7758	7700	7700	7722	-254	6	2
2012-07-26	7722	-	-	-	7722	7722	0	0	2
2012-07-27	7722	-	-	-	7722	7722	0	0	2
2012-07-30	7722	-	-	-	7722	7722	0	0	2
2012-07-31	7722	-	-	-	7722	7722	0	0	2
2012-08-01	7722	-	-	-	7722	7722	0	0	2
2012-08-02	7722	7754	7754	7754	7754	7754	32	4	4
2012-08-03	7754	-	-	-	7754	7754	0	0	4
2012-08-06	7754	7870	7874	7746	7850	7822	68	12	4
2012-08-07	7822	-	-	-	7822	7822	0	0	4
2012-08-08	7822	-	-	-	7822	7822	0	0	4
2012-08-09	7822	-	-	-	7822	7822	0	0	4
2012-08-10	7822	-	-	-	7822	7822	0	0	4
2012-08-13	7822	7764	7830	7764	7800	7798	-24	6	4
2012-08-14	7798	7676	7742	7676	7742	7708	-90	4	6
2012-08-15	7708	7710	7750	7708	7750	7722	14	6	4
2012-08-16	7722	-	-	-	7722	7722	0	0	4
2012-08-17	7722	7892	7892	7816	7850	7852	130	6	4
2012-08-20	7852	-	-	-	7852	7852	0	0	4
2012-08-21	7852	-	-	-	7852	7852	0	0	4
2012-08-22	7852	7964	8110	7964	8110	8100	248	80	74
2012-08-23	8100	8148	8254	8148	8200	8200	100	6	74
2012-08-24	8200	8286	8286	8220	8260	8224	24	84	8
2012-08-27	8224	8288	8382	8282	8282	8328	104	12	8
2012-08-28	8328	8306	8306	8306	8306	8306	-22	2	8
2012-08-29	8306	-	-	-	8306	8306	0	0	8
2012-08-30	8306	8270	8270	8200	8200	8230	-76	50	8
2012-08-31	8230	8188	8188	8110	8110	8140	-90	6	6
2012-09-03	8140	8222	8222	8222	8222	8222	82	2	8
2012-09-04	8222	8404	8404	8270	8318	8342	120	28	10
2012-09-05	8342	8244	8320	8244	8250	8264	-78	8	6
2012-09-06	8264	8124	8124	8124	8124	8124	-140	2	8
2012-09-07	8124	8150	8150	8010	8072	8086	-38	24	8
2012-09-10	8086	8040	8240	8032	8240	8158	72	10	6
2012-09-11	8158	7920	8018	7920	8018	7968	-190	4	6
2012-09-12	7968	-	-	-	7968	7968	0	0	6
2012-09-13	7968	-	-	-	7968	7968	0	0	6
2012-09-14	7968	-	-	-	7968	7968	0	0	6
2012-09-17	7968	8258	8258	8036	8036	8158	190	38	8
2012-09-18	8158	7978	7988	7976	7988	7980	-178	6	6
2012-09-19	7980	-	-	-	7980	7980	0	0	6
2012-09-20	7980	7950	7980	7950	7980	7972	-8	8	12
2012-09-21	7972	-	-	-	7972	7972	0	0	12
2012-09-24	7972	7654	7654	7654	7654	7654	-318	2	14
2012-09-25	7654	7320	7478	7320	7370	7410	-244	40	8
2012-09-26	7410	-	-	-	7410	7410	0	0	8
2012-09-27	7410	7340	7358	7272	7300	7316	-94	8	6
2012-09-28	7316	7314	7404	7314	7404	7358	42	4	6
2012-10-08	7358	-	-	-	7358	7358	0	0	6
2012-10-10	7162	7194	7194	7194	7194	7194	32	2	12
2012-10-11	7194	7156	7170	7108	7162	7140	-54	16	12
2012-10-12	7140	7164	7338	7164	7190	7212	72	10	12
2012-10-15	7212	7000	7000	7000	7000	7000	-212	4	10
2012-10-16	7000	-	-	-	7000	7000	0	0	10
2012-10-17	7000	-	-	-	7000	7000	0	0	10
2012-10-18	7000	7140	7140	7084	7084	7104	104	10	14
2012-10-19	7104	7038	7144	7038	7100	7094	-10	12	14
2012-10-22	7094	7110	7122	7110	7122	7118	24	6	14
2012-10-23	7118	7130	7130	7114	7120	7118	0	16	20
2012-10-24	7118	7078	7080	7050	7050	7068	-50	30	48
2012-10-25	7068	-	-	-	7068	7068	0	0	48
2012-10-26	7068	6906	6994	6846	6846	6936	-132	12	48
2012-10-29	6936	6740	6850	6740	6816	6812	-124	62	14
2012-10-30	6812	-	-	-	6812	6812	0	0	14
2012-10-31	6812	-	-	-	6812	6812	0	0	14
2012-11-01	6812	-	-	-	6812	6812	0	0	14
2012-11-02	6812	6938	6938	6796	6796	6866	54	4	14
