2009-11-16	6380	6400	6690	6400	6516	6500	120	200	4
2009-11-17	6500	6450	6516	6406	6406	6472	-28	14	10
2009-11-18	6472	6520	6566	6484	6566	6526	54	14	8
2009-11-19	6526	6610	6634	6550	6634	6600	74	8	6
2009-11-20	6600	6516	6680	6504	6600	6580	-20	32	6
2009-11-23	6580	6620	6836	6620	6836	6724	144	8	10
2009-11-24	6724	6890	6890	6658	6758	6746	22	12	12
2009-11-25	6746	6874	6874	6662	6774	6762	16	12	10
2009-11-26	6762	7036	7036	6750	6750	6868	106	102	12
2009-11-27	6868	6680	6680	6680	6680	6680	-188	4	16
2009-11-30	6680	6700	6788	6700	6788	6770	90	10	20
2009-12-01	6770	6784	6792	6784	6792	6788	18	4	16
2009-12-02	6788	6516	6962	6516	6886	6850	62	88	48
2009-12-03	6850	6844	6872	6844	6872	6856	6	10	48
2009-12-04	6856	6880	6934	6856	6856	6866	10	22	34
2009-12-07	6866	7194	7208	7152	7158	7164	298	30	36
2009-12-08	7164	7158	7206	7158	7206	7174	10	6	38
2009-12-09	7174	7066	7098	7022	7022	7052	-122	12	38
2009-12-10	7052	6886	6886	6886	6886	6886	-166	2	38
2009-12-11	6886	-	-	-	6886	6886	0	0	38
2009-12-14	6886	-	-	-	6886	6886	0	0	38
2009-12-15	6886	-	-	-	6886	6886	0	0	38
2009-12-16	6886	7120	7120	7120	7120	7120	234	4	42
2009-12-17	7120	-	-	-	7120	7120	0	0	42
2009-12-18	7120	-	-	-	7120	7120	0	0	42
2009-12-21	7120	-	-	-	7120	7120	0	0	42
2009-12-22	7120	-	-	-	7120	7120	0	0	42
2009-12-23	7120	-	-	-	7120	7120	0	0	42
2009-12-24	7120	-	-	-	7120	7120	0	0	42
2009-12-25	7120	-	-	-	7120	7120	0	0	42
2009-12-28	7120	7232	7232	7104	7136	7132	12	108	132
2009-12-29	7132	7248	7336	7208	7208	7274	142	100	74
2009-12-30	7274	7096	7096	7096	7096	7096	-178	2	74
2009-12-31	7096	7328	7330	7292	7302	7268	172	16	76
2010-01-04	7268	7336	7430	7336	7430	7398	130	6	78
2010-01-05	7398	-	-	-	7398	7398	0	0	78
2010-01-06	7398	7290	7496	7290	7496	7440	42	8	74
2010-01-07	7440	7584	7584	7250	7292	7400	-40	12	76
2010-01-08	7400	7200	7200	7030	7030	7086	-314	6	74
2010-01-11	7086	7252	7252	7252	7252	7252	166	2	72
2010-01-12	7252	-	-	-	7252	7252	0	0	72
2010-01-13	7252	6892	6892	6892	6892	6892	-360	2	72
2010-01-14	6892	7050	7050	6888	6888	6968	76	8	72
2010-01-15	6968	-	-	-	6968	6968	0	0	72
2010-01-18	6968	6780	6888	6780	6888	6800	-168	50	54
2010-01-19	6800	6890	6890	6844	6860	6866	66	34	62
2010-01-20	6866	6860	6860	6700	6730	6740	-126	156	190
2010-01-21	6740	6730	6820	6694	6820	6742	2	12	186
2010-01-22	6742	6686	6686	6674	6674	6680	-62	6	184
2010-01-25	6680	6876	6876	6770	6796	6820	140	148	68
2010-01-26	6820	6774	6856	6722	6750	6774	-46	8	68
2010-01-27	6774	-	-	-	6774	6658	-116	2	68
2010-01-28	6658	6708	6708	6708	6708	6708	50	2	68
2010-01-29	6708	6750	6750	6610	6610	6614	-94	68	132
2010-02-01	6614	6512	6512	6510	6510	6510	-104	4	134
2010-02-02	6510	6598	6600	6570	6570	6572	62	32	162
2010-02-03	6572	6602	6732	6602	6666	6696	124	16	170
2010-02-04	6696	6692	6758	6622	6706	6664	-32	266	294
2010-02-05	6664	6660	6714	6660	6698	6690	26	22	292
2010-02-08	6690	6766	6780	6750	6750	6768	78	12	296
2010-02-09	6768	6680	6820	6680	6820	6762	-6	358	292
2010-02-10	6762	6800	6800	6800	6800	6766	4	6	288
2010-02-11	6766	-	-	-	6766	6766	0	0	288
2010-02-12	6766	-	-	-	6766	6766	0	0	288
2010-02-22	6766	6900	6900	6900	6900	6900	134	2	286
2010-02-23	6900	-	-	-	6900	6900	0	0	286
2010-02-24	6900	7026	7026	7022	7022	7024	124	6	290
2010-02-25	7024	6950	6968	6938	6968	6952	-72	12	294
2010-02-26	6952	-	-	-	6952	6952	0	0	294
2010-03-01	6952	6920	7030	6920	6960	6974	22	30	294
2010-03-02	6974	7040	7056	6990	6990	7032	58	118	294
2010-03-03	7032	-	-	-	7032	7032	0	0	294
2010-03-04	7032	-	-	-	7032	7032	0	0	294
2010-03-05	7032	-	-	-	7032	7032	0	0	294
2010-03-08	7032	7130	7130	7054	7054	7104	72	6	296
2010-03-09	7104	7154	7192	7154	7192	7172	68	4	294
2010-03-10	7172	7192	7192	7102	7168	7162	-10	14	304
2010-03-11	7162	7118	7186	7042	7042	7078	-84	46	314
2010-03-12	7078	7010	7048	7008	7048	7018	-60	36	322
2010-03-15	7018	6922	6948	6910	6948	6926	-92	6	322
2010-03-16	6926	6880	6976	6880	6944	6916	-10	12	330
2010-03-17	6916	7016	7016	6950	6950	6966	50	8	332
2010-03-18	6966	6936	6936	6936	6936	6936	-30	2	332
2010-03-19	6936	6946	6966	6916	6964	6944	8	14	330
2010-03-22	6944	6964	6964	6960	6960	6958	14	6	328
2010-03-23	6958	6980	6980	6980	6980	6972	14	10	328
2010-03-24	6972	7002	7002	7002	7002	6968	-4	6	326
2010-03-25	6968	6988	6994	6986	6994	6988	20	8	330
2010-03-26	6988	6904	6904	6852	6904	6908	-80	140	266
2010-03-29	6908	6944	6956	6906	6940	6930	22	26	264
2010-03-30	6930	6912	6988	6824	6942	6900	-30	46	264
2010-03-31	6900	6948	6948	6948	6948	6934	34	4	262
2010-04-01	6934	6844	6904	6844	6880	6876	-58	8	266
2010-04-02	6876	6950	6950	6950	6950	6950	74	2	266
2010-04-06	6950	6882	6948	6750	6938	6884	-66	220	280
2010-04-07	6884	6996	7004	6994	6994	6998	114	14	278
2010-04-08	6998	-	-	-	6998	6998	0	0	278
2010-04-09	6998	7028	7028	6948	6948	6998	0	6	274
2010-04-12	6998	7030	7054	7030	7054	7042	44	28	266
2010-04-13	7042	7032	7032	6956	7008	7008	-34	12	262
2010-04-14	7008	7062	7064	7026	7026	7050	42	18	268
2010-04-15	7050	-	-	-	7050	7050	0	0	268
2010-04-16	7050	7024	7034	6930	7008	7004	-46	84	266
2010-04-19	7004	7004	7004	7004	7004	6980	-24	8	266
2010-04-20	6980	6988	6988	6872	6936	6940	-40	120	288
2010-04-21	6940	6962	6988	6922	6956	6962	22	60	268
2010-04-22	6962	6976	6976	6928	6928	6952	-10	4	268
2010-04-23	6952	6990	7032	6984	7000	7006	54	14	270
2010-04-26	7006	7006	7078	7006	7006	7030	24	100	270
2010-04-27	7030	7004	7066	7004	7054	7048	18	290	406
2010-04-28	7048	6944	6966	6934	6934	6944	-104	138	342
2010-04-29	6944	6940	6964	6930	6932	6946	2	26	342
2010-04-30	6946	6944	6978	6888	6978	6936	-10	114	360
2010-05-04	6936	6910	7136	6910	6930	6956	20	64	364
2010-05-05	6956	6900	6954	6890	6932	6928	-28	268	574
2010-05-06	6928	6798	7000	6798	6910	6928	0	32	572
2010-05-07	6928	6726	6790	6720	6726	6742	-186	74	570
2010-05-10	6742	6768	6846	6766	6846	6820	78	26	570
2010-05-11	6820	6784	6864	6782	6798	6816	-4	30	566
2010-05-12	6816	6830	6840	6830	6840	6832	16	6	560
2010-05-13	6832	6858	6876	6680	6756	6758	-74	118	550
2010-05-14	6758	6750	6750	6686	6730	6718	-40	50	564
2010-05-17	6718	6620	6678	6474	6522	6582	-136	148	560
2010-05-18	6582	6426	6608	6426	6608	6576	-6	24	554
2010-05-19	6576	6594	6648	6588	6588	6640	64	52	590
2010-05-20	6640	6652	6698	6652	6680	6682	42	28	578
2010-05-21	6682	6612	6700	6470	6660	6640	-42	148	582
2010-05-24	6640	6714	6728	6674	6728	6714	74	60	576
2010-05-25	6714	6602	6710	6582	6582	6614	-100	108	582
2010-05-26	6614	6634	6634	6598	6598	6612	-2	6	586
2010-05-27	6612	6692	6744	6670	6688	6684	72	64	560
2010-05-28	6684	6744	6744	6698	6698	6708	24	16	562
2010-05-31	6708	6652	6652	6626	6640	6642	-66	24	558
2010-06-01	6642	6660	6660	6574	6574	6618	-24	8	556
2010-06-02	6618	6620	6656	6592	6648	6626	8	138	564
2010-06-03	6626	6640	6640	6640	6640	6640	14	2	564
2010-06-04	6640	6630	6688	6630	6662	6662	22	30	550
2010-06-07	6662	6592	6592	6458	6490	6480	-182	468	572
2010-06-08	6480	6512	6512	6488	6488	6490	10	34	566
2010-06-09	6490	6468	6514	6348	6464	6426	-64	254	566
2010-06-10	6426	6408	6452	6380	6414	6420	-6	64	548
2010-06-11	6420	6410	6410	6410	6410	6410	-10	10	538
2010-06-17	6410	6430	6430	6430	6430	6430	20	2	540
2010-06-18	6430	6436	6500	6430	6430	6444	14	84	594
2010-06-21	6444	6474	6574	6474	6552	6504	60	252	578
2010-06-22	6504	6522	6524	6502	6524	6520	16	34	554
2010-06-23	6520	6506	6546	6484	6500	6516	-4	38	548
2010-06-24	6516	6552	6552	6500	6534	6532	16	52	536
2010-06-25	6532	6518	6520	6518	6520	6518	-14	42	514
2010-06-28	6518	6520	6526	6494	6494	6512	-6	12	518
2010-06-29	6512	6500	6514	6322	6404	6406	-106	144	596
2010-06-30	6406	6368	6390	6336	6382	6384	-22	132	532
2010-07-01	6384	6384	6384	6350	6350	6366	-18	4	530
2010-07-02	6366	6304	6340	6278	6308	6314	-52	16	526
2010-07-05	6314	6332	6332	6302	6302	6326	12	26	530
2010-07-06	6326	6238	6274	6202	6268	6242	-84	248	562
2010-07-07	6242	6256	6262	6256	6262	6258	16	4	558
2010-07-08	6258	6398	6398	6312	6330	6322	64	170	526
2010-07-09	6322	6274	6384	6274	6384	6344	22	28	520
2010-07-12	6344	6388	6454	6340	6340	6402	58	104	532
2010-07-13	6402	6386	6416	6250	6354	6364	-38	36	526
2010-07-14	6364	6400	6434	6400	6412	6408	44	42	542
2010-07-15	6408	6442	6442	6388	6420	6414	6	48	578
2010-07-16	6414	6500	6508	6446	6470	6476	62	328	646
2010-07-19	6476	-	-	-	6476	6476	0	0	646
2010-07-20	6476	6488	6488	6424	6474	6464	-12	144	640
2010-07-21	6464	6546	6546	6470	6470	6494	30	18	638
2010-07-22	6494	6476	6552	6452	6552	6502	8	70	640
2010-07-23	6502	6638	6638	6562	6586	6576	74	122	700
2010-07-26	6576	6584	6666	6584	6624	6620	44	86	670
2010-07-27	6620	6612	6612	6508	6540	6560	-60	94	658
2010-07-28	6560	6540	6598	6540	6568	6564	4	46	650
2010-07-29	6564	6636	6688	6636	6686	6666	102	50	682
2010-07-30	6666	6672	6752	6670	6698	6716	50	176	700
2010-08-02	6716	6752	6850	6742	6850	6812	96	36	700
2010-08-03	6812	6824	6922	6824	6876	6884	72	160	696
2010-08-04	6884	6938	6946	6872	6946	6914	30	28	698
2010-08-05	6914	6946	6966	6850	6858	6906	-8	84	694
2010-08-06	6906	6906	7050	6850	7050	6938	32	224	702
2010-08-09	6938	7010	7170	6960	7128	7072	134	220	750
2010-08-10	7072	7122	7136	7012	7014	7046	-26	714	1312
2010-08-11	7046	7042	7050	7000	7000	7036	-10	22	1312
2010-08-12	7036	6986	7008	6986	7000	6998	-38	606	708
2010-08-13	6998	7076	7168	7050	7168	7096	98	64	708
2010-08-16	7096	7284	7366	7196	7196	7240	144	14	708
2010-08-17	7240	7100	7176	7100	7152	7140	-100	10	708
2010-08-18	7140	7172	7172	7080	7118	7132	-8	360	724
2010-08-19	7132	7084	7114	7030	7090	7074	-58	1228	726
2010-08-20	7074	7050	7098	6872	6992	6996	-78	146	740
2010-08-23	6996	6974	6988	6904	6970	6954	-42	18	734
2010-08-24	6954	6942	6982	6874	6874	6948	-6	20	734
2010-08-25	6948	6898	6898	6858	6858	6878	-70	12	734
2010-08-26	6878	6880	6890	6876	6890	6880	2	8	732
2010-08-27	6880	6926	6972	6926	6960	6952	72	6	732
2010-08-30	6952	7008	7060	7008	7050	7050	98	60	732
2010-08-31	7050	6990	6990	6924	6948	6954	-96	50	752
2010-09-01	6954	6874	6980	6872	6910	6948	-6	80	706
2010-09-02	6948	6940	6990	6932	6932	6972	24	62	680
2010-09-03	6972	7010	7012	7002	7012	7010	38	66	664
2010-09-06	7010	7032	7120	7032	7068	7064	54	44	660
2010-09-07	7064	7106	7106	7032	7032	7056	-8	12	662
2010-09-08	7056	7096	7096	7096	7096	7096	40	4	662
2010-09-09	7096	7040	7050	7000	7050	7024	-72	148	724
2010-09-10	7024	-	-	-	7024	7024	0	0	724
2010-09-13	7024	7078	7096	7018	7028	7046	22	100	722
2010-09-14	7046	7048	7054	6972	7024	7016	-30	164	656
2010-09-15	7016	7032	7056	7032	7056	7048	32	6	658
2010-09-16	7048	7024	7052	6932	6998	7000	-48	40	624
2010-09-17	7000	-	-	-	7000	7000	0	0	624
2010-09-20	7000	7200	7288	7180	7242	7226	226	86	618
2010-09-21	7226	7240	7268	7174	7268	7250	24	134	612
2010-09-27	7250	7614	7614	7500	7500	7538	288	12	612
2010-09-28	7538	7310	7558	7310	7558	7458	-80	50	612
2010-09-29	7458	7360	7488	7360	7468	7448	-10	40	592
2010-09-30	7448	7458	7580	7458	7580	7472	24	16	594
2010-10-08	7472	7370	7994	7370	7374	7578	106	6	592
2010-10-11	7578	7896	7956	7896	7956	7936	358	6	588
2010-10-12	7936	8138	8138	8134	8134	8134	198	6	592
2010-10-13	8134	7980	8042	7970	8042	7982	-152	26	572
2010-10-14	7982	8120	8150	8100	8120	8122	140	8	570
2010-10-15	8122	8150	8194	8150	8160	8180	58	128	474
2010-10-18	8180	8200	8200	7814	8090	8184	4	404	100
2010-10-19	8184	8090	8280	8090	8280	8098	-86	78	26
2010-10-20	8098	-	-	-	8098	8098	0	0	26
2010-10-21	8098	8488	8488	8488	8488	8488	390	4	28
2010-10-22	8488	8210	8210	8064	8210	8144	-344	18	20
2010-10-25	8144	8350	8550	8350	8550	8400	256	14	6
2010-10-26	8400	7990	8560	7990	8560	8274	-126	16	6
2010-10-27	8274	8372	8472	8270	8270	8362	88	24	6
2010-10-28	8362	8250	8780	8250	8780	8382	20	8	2
2010-10-29	8382	8120	8120	8120	8120	8120	-262	2	0
2010-11-01	8120	-	-	-	8120	8120	0	0	0
2010-11-02	8120	-	-	-	8120	8120	0	0	0
2010-11-03	8120	-	-	-	8120	8120	0	0	0
2010-11-04	8120	-	-	-	8120	8120	0	0	0
2010-11-05	8120	-	-	-	8120	8120	0	0	0
2010-11-08	8120	-	-	-	8120	8120	0	0	0
2010-11-09	8120	-	-	-	8120	8120	0	0	0
2010-11-10	8120	-	-	-	8120	8120	0	0	0
2010-11-11	8120	-	-	-	8120	8120	0	0	0
2010-11-12	8120	-	-	-	8120	8120	0	0	0
