2009-10-23	6090	-	-	-	6090	6090	0	0	0
2009-10-26	6090	-	-	-	6090	6090	0	0	0
2009-10-27	6090	-	-	-	6090	6090	0	0	0
2009-10-28	6090	-	-	-	6090	6090	0	0	0
2009-10-29	6090	-	-	-	6090	6090	0	0	0
2009-10-30	6090	-	-	-	6090	6090	0	0	0
2009-11-02	6090	-	-	-	6090	6090	0	0	0
2009-11-03	6090	-	-	-	6090	6090	0	0	0
2009-11-04	6090	-	-	-	6090	6090	0	0	0
2009-11-05	6090	6110	6314	6110	6200	6202	112	90	2
2009-11-06	6202	6236	6236	6236	6236	6236	34	2	0
2009-11-09	6236	6080	6398	6080	6260	6256	20	14	4
2009-11-10	6256	6498	6498	6282	6388	6350	94	26	2
2009-11-11	6350	-	-	-	6350	6350	0	0	2
2009-11-12	6350	6400	6446	6310	6410	6396	46	232	202
2009-11-13	6396	-	-	-	6396	6396	0	0	202
2009-11-16	6396	6400	6550	6400	6548	6474	78	8	202
2009-11-17	6474	-	-	-	6474	6474	0	0	202
2009-11-18	6474	-	-	-	6474	6474	0	0	202
2009-11-19	6474	-	-	-	6474	6474	0	0	202
2009-11-20	6474	6780	6780	6318	6550	6586	112	34	204
2009-11-23	6586	-	-	-	6586	6586	0	0	204
2009-11-24	6586	6740	6740	6628	6680	6682	96	6	204
2009-11-25	6682	6798	6798	6798	6798	6798	116	4	204
2009-11-26	6798	6930	6930	6802	6830	6886	88	30	214
2009-11-27	6886	6630	6848	6546	6554	6688	-198	66	232
2009-11-30	6688	6824	6826	6732	6788	6784	96	74	230
2009-12-01	6784	6744	6800	6744	6800	6772	-12	4	230
2009-12-02	6772	6750	6934	6750	6920	6868	96	142	224
2009-12-03	6868	6926	6926	6854	6870	6900	32	96	282
2009-12-04	6900	6914	6996	6906	6996	6950	50	56	276
2009-12-07	6950	7138	7210	7138	7150	7170	220	40	276
2009-12-08	7170	7208	7450	7106	7160	7252	82	60	290
2009-12-09	7252	7092	7092	7016	7022	7050	-202	56	322
2009-12-10	7050	7180	7180	6988	7058	7030	-20	32	324
2009-12-11	7030	6966	7044	6966	7032	7008	-22	14	322
2009-12-14	7008	6860	6972	6850	6972	6898	-110	54	312
2009-12-15	6898	6930	6930	6930	6930	6930	32	2	312
2009-12-16	6930	7024	7126	7024	7126	7060	130	14	302
2009-12-17	7060	7200	7214	7110	7196	7192	132	110	390
2009-12-18	7192	7090	7090	6970	7050	7050	-142	84	408
2009-12-21	7050	7056	7056	7020	7020	7050	0	12	408
2009-12-22	7050	6912	6988	6912	6988	6948	-102	24	408
2009-12-23	6948	6898	6928	6898	6910	6912	-36	6	408
2009-12-24	6912	6976	7008	6966	7008	7002	90	50	368
2009-12-25	7002	7030	7054	7030	7054	7048	46	8	366
2009-12-28	7048	7066	7140	7066	7114	7116	68	20	372
2009-12-29	7116	7196	7200	7180	7180	7192	76	6	370
2009-12-30	7192	7376	7376	7044	7126	7196	4	62	384
2009-12-31	7196	7256	7334	7250	7334	7270	74	158	380
2010-01-04	7270	7408	7478	7312	7462	7424	154	116	446
2010-01-05	7424	7440	7490	7428	7430	7454	30	42	434
2010-01-06	7454	7430	7538	7430	7440	7482	28	136	366
2010-01-07	7482	7496	7526	7254	7254	7328	-154	74	362
2010-01-08	7328	7194	7200	7174	7174	7192	-136	8	362
2010-01-11	7192	7198	7292	7198	7240	7284	92	86	406
2010-01-12	7284	7178	7178	7090	7120	7110	-174	248	482
2010-01-13	7110	6900	6922	6836	6900	6858	-252	34	474
2010-01-14	6858	6900	6982	6888	6900	6906	48	136	440
2010-01-15	6906	6922	6960	6792	6830	6894	-12	94	428
2010-01-18	6894	6794	6816	6758	6816	6788	-106	186	408
2010-01-19	6788	6886	6886	6834	6834	6844	56	24	408
2010-01-20	6844	6748	6818	6704	6710	6728	-116	668	1022
2010-01-21	6728	6688	6796	6688	6796	6752	24	18	1020
2010-01-22	6752	6776	6794	6688	6794	6762	10	22	1022
2010-01-25	6762	6788	6854	6724	6812	6802	40	954	530
2010-01-26	6802	6850	6850	6762	6772	6786	-16	48	572
2010-01-27	6786	6752	6752	6742	6750	6746	-40	8	566
2010-01-28	6746	6746	6746	6660	6670	6710	-36	418	484
2010-01-29	6710	6766	6766	6680	6680	6702	-8	12	476
2010-02-01	6702	6680	6680	6512	6512	6596	-106	4	478
2010-02-02	6596	6664	6664	6548	6550	6596	0	60	484
2010-02-03	6596	6682	6696	6674	6696	6682	86	28	504
2010-02-04	6682	6642	6708	6642	6708	6666	-16	26	512
2010-02-05	6666	6546	6746	6546	6746	6660	-6	68	516
2010-02-08	6660	6766	6830	6766	6820	6796	136	132	528
2010-02-09	6796	6840	6840	6806	6806	6810	14	56	488
2010-02-10	6810	6832	6832	6832	6832	6832	22	2	486
2010-02-11	6832	6852	6912	6852	6912	6874	42	6	484
2010-02-12	6874	6850	6850	6822	6840	6840	-34	8	480
2010-02-22	6840	6920	7040	6920	6970	7016	176	64	530
2010-02-23	7016	6982	7064	6666	7064	7020	4	142	544
2010-02-24	7020	6990	7020	6990	7012	7012	-8	46	566
2010-02-25	7012	7012	7012	6910	6980	6940	-72	72	542
2010-02-26	6940	6960	6960	6960	6960	6960	20	6	542
2010-03-01	6960	7000	7022	7000	7022	7014	54	6	544
2010-03-02	7014	-	-	-	7014	7014	0	0	544
2010-03-03	7014	7050	7060	7024	7024	7050	36	38	570
2010-03-04	7050	6984	7034	6944	6986	6978	-72	110	620
2010-03-05	6978	7054	7096	7054	7088	7082	104	8	620
2010-03-08	7082	7078	7144	7078	7144	7104	22	80	648
2010-03-09	7104	7150	7194	7122	7194	7166	62	38	666
2010-03-10	7166	7152	7180	7136	7150	7152	-14	34	672
2010-03-11	7152	7160	7194	7000	7038	7084	-68	132	708
2010-03-12	7084	7050	7050	7008	7024	7030	-54	110	804
2010-03-15	7030	7000	7000	6920	6920	6962	-68	78	808
2010-03-16	6962	6912	6986	6912	6966	6946	-16	108	810
2010-03-17	6946	7024	7044	7024	7044	7028	82	8	812
2010-03-18	7028	6984	6992	6962	6964	6972	-56	36	812
2010-03-19	6972	7006	7006	6998	6998	7000	28	8	810
2010-03-22	7000	6998	7018	6998	7018	7002	2	10	802
2010-03-23	7002	7030	7030	7030	7030	7030	28	2	802
2010-03-24	7030	7020	7020	7020	7020	7020	-10	2	802
2010-03-25	7020	7018	7044	7018	7044	7022	2	14	816
2010-03-26	7022	6982	6982	6954	6980	6966	-56	120	776
2010-03-29	6966	6992	6992	6992	6992	6992	26	6	776
2010-03-30	6992	7002	7054	6912	7054	6972	-20	28	778
2010-03-31	6972	7006	7006	7006	7006	7006	34	2	778
2010-04-01	7006	6948	6958	6930	6930	6944	-62	6	778
2010-04-02	6944	6968	7010	6968	6980	6976	32	18	786
2010-04-06	6976	6986	6996	6960	6960	6966	-10	176	684
2010-04-07	6966	7034	7074	7034	7050	7056	90	38	678
2010-04-08	7056	7056	7138	7036	7056	7080	24	26	678
2010-04-09	7080	6992	7054	6992	7054	7008	-72	390	696
2010-04-12	7008	7088	7088	7022	7022	7072	64	18	692
2010-04-13	7072	6994	7012	6980	6992	6990	-82	20	688
2010-04-14	6990	6992	7026	6992	7000	7004	14	126	640
2010-04-15	7004	6982	6982	6982	6982	6982	-22	6	634
2010-04-16	6982	7008	7008	6986	6986	6992	10	6	630
2010-04-19	6992	6918	6918	6914	6914	6916	-76	8	628
2010-04-20	6916	6934	6934	6862	6888	6896	-20	42	626
2010-04-21	6896	6908	6942	6890	6894	6912	16	24	614
2010-04-22	6912	6898	6926	6890	6892	6906	-6	92	598
2010-04-23	6906	6926	6960	6926	6960	6946	40	22	584
2010-04-26	6946	6956	7004	6956	6994	6986	40	52	566
2010-04-27	6986	-	-	-	6986	6986	0	0	566
2010-04-28	6986	6946	6976	6946	6966	6960	-26	22	548
2010-04-29	6960	6996	7020	6912	6918	6954	-6	62	544
2010-04-30	6954	6980	6982	6920	6950	6950	-4	116	532
2010-05-04	6950	6992	6992	6954	6954	6978	28	6	532
2010-05-05	6978	6902	6940	6822	6940	6894	-84	220	452
2010-05-06	6894	7004	7004	6902	6912	6948	54	52	426
2010-05-07	6948	6848	6848	6744	6744	6756	-192	26	412
2010-05-10	6756	6744	6886	6738	6886	6796	40	18	414
2010-05-11	6796	6812	6834	6776	6790	6804	8	16	414
2010-05-12	6804	6782	6796	6464	6782	6668	-136	28	410
2010-05-13	6668	6746	6794	6706	6746	6716	48	86	412
2010-05-14	6716	6612	6762	6612	6668	6686	-30	36	404
2010-05-17	6686	6660	6660	6452	6552	6542	-144	86	358
2010-05-18	6542	6598	6602	6552	6600	6580	38	12	358
2010-05-19	6580	6594	6696	6546	6578	6596	16	180	202
2010-05-20	6596	6622	6622	6608	6608	6610	14	8	202
2010-05-21	6610	6634	6672	6634	6672	6656	46	10	202
2010-05-24	6656	6686	6692	6648	6666	6674	18	12	202
2010-05-25	6674	6604	6680	6604	6680	6642	-32	4	202
2010-05-26	6642	6680	6680	6604	6640	6660	18	12	206
2010-05-27	6660	6680	6680	6678	6678	6678	18	50	236
2010-05-28	6678	6748	6748	6700	6700	6724	46	4	236
2010-05-31	6724	-	-	-	6724	6724	0	0	236
2010-06-01	6724	-	-	-	6724	6724	0	0	236
2010-06-02	6724	-	-	-	6724	6724	0	0	236
2010-06-03	6724	-	-	-	6724	6724	0	0	236
2010-06-04	6724	6606	6688	6604	6636	6646	-78	12	234
2010-06-07	6646	6432	6688	6430	6516	6498	-148	140	264
2010-06-08	6498	6498	6500	6472	6500	6490	-8	42	282
2010-06-09	6490	6432	6474	6406	6446	6418	-72	114	242
2010-06-10	6418	-	-	-	6418	6418	0	0	242
2010-06-11	6418	6418	6418	6418	6418	6418	0	20	222
2010-06-17	6418	6468	6468	6468	6468	6468	50	8	222
2010-06-18	6468	-	-	-	6468	6468	0	0	222
2010-06-21	6468	-	-	-	6468	6468	0	0	222
2010-06-22	6468	6506	6506	6506	6506	6506	38	2	222
2010-06-23	6506	6498	6498	6498	6498	6498	-8	2	220
2010-06-24	6498	6518	6518	6518	6518	6518	20	2	218
2010-06-25	6518	6520	6520	6510	6510	6516	-2	8	210
2010-06-28	6516	6522	6548	6522	6548	6534	18	4	208
2010-06-29	6534	6430	6482	6366	6366	6434	-100	26	208
2010-06-30	6434	6422	6422	6330	6362	6356	-78	16	210
2010-07-01	6356	6480	6480	6314	6360	6382	26	14	214
2010-07-02	6382	6286	6286	6286	6286	6286	-96	6	214
2010-07-05	6286	6292	6314	6292	6314	6302	16	4	214
2010-07-06	6302	6208	6276	6208	6230	6234	-68	10	210
2010-07-07	6234	-	-	-	6234	6234	0	0	210
2010-07-08	6234	-	-	-	6234	6234	0	0	210
2010-07-09	6234	6290	6324	6270	6316	6304	70	10	210
2010-07-12	6304	6396	6396	6396	6396	6396	92	46	230
2010-07-13	6396	6394	6396	6354	6354	6368	-28	16	224
2010-07-14	6368	6388	6388	6388	6388	6388	20	4	224
2010-07-15	6388	6504	6504	6410	6410	6456	68	8	228
2010-07-16	6456	6404	6544	6404	6522	6492	36	32	230
2010-07-19	6492	6368	6502	6368	6486	6464	-28	24	230
2010-07-20	6464	6478	6572	6442	6504	6496	32	14	236
2010-07-21	6496	6500	6520	6462	6498	6494	-2	226	264
2010-07-22	6494	6512	6610	6498	6608	6564	70	244	160
2010-07-23	6564	6612	6650	6612	6648	6638	74	56	138
2010-07-26	6638	6666	6666	6666	6666	6666	28	2	136
2010-07-27	6666	6602	6602	6602	6602	6602	-64	6	132
2010-07-28	6602	6576	6666	6576	6658	6602	0	142	140
2010-07-29	6602	6720	6758	6700	6758	6714	112	54	136
2010-07-30	6714	6850	6850	6788	6790	6838	124	54	174
2010-08-02	6838	6928	6966	6928	6966	6940	102	6	178
2010-08-03	6940	7014	7014	6944	7014	6990	50	6	178
2010-08-04	6990	7092	7094	6970	7036	7042	52	12	182
2010-08-05	7042	7128	7128	6922	6940	6988	-54	28	174
2010-08-06	6988	7044	7118	7002	7118	7086	98	84	180
2010-08-09	7086	7264	7264	7176	7210	7186	100	84	126
2010-08-10	7186	7298	7298	7126	7210	7210	24	56	170
2010-08-11	7210	7114	7170	7114	7170	7146	-64	70	128
2010-08-12	7146	-	-	-	7146	7146	0	0	128
2010-08-13	7146	7286	7316	7286	7316	7300	154	4	128
2010-08-16	7300	-	-	-	7300	7300	0	0	128
2010-08-17	7300	-	-	-	7300	7300	0	0	128
2010-08-18	7300	7282	7294	7262	7262	7268	-32	16	128
2010-08-19	7268	7252	7252	7250	7250	7250	-18	4	126
2010-08-20	7250	7106	7232	7104	7134	7148	-102	46	126
2010-08-23	7148	-	-	-	7148	7148	0	0	126
2010-08-24	7148	-	-	-	7148	7148	0	0	126
2010-08-25	7148	7114	7116	7114	7114	7114	-34	26	102
2010-08-26	7114	-	-	-	7114	7114	0	0	102
2010-08-27	7114	7080	7200	7080	7200	7140	26	4	102
2010-08-30	7140	-	-	-	7140	7140	0	0	102
2010-08-31	7140	-	-	-	7140	7140	0	0	102
2010-09-01	7140	7102	7102	7102	7102	7102	-38	2	100
2010-09-02	7102	7090	7090	7090	7090	7090	-12	2	98
2010-09-03	7090	7140	7140	7140	7140	7140	50	4	94
2010-09-06	7140	7230	7240	7230	7240	7232	92	10	84
2010-09-07	7232	7150	7150	7150	7150	7150	-82	2	84
2010-09-08	7150	7240	7240	7230	7230	7232	82	16	68
2010-09-09	7232	7150	7194	7150	7194	7184	-48	10	70
2010-09-10	7184	7298	7298	7298	7298	7298	114	2	68
2010-09-13	7298	7180	7270	7114	7114	7188	-110	20	64
2010-09-14	7188	7114	7114	7114	7114	7114	-74	24	40
2010-09-15	7114	7132	7132	7132	7132	7132	18	6	34
2010-09-16	7132	7198	7198	7198	7198	7198	66	2	32
2010-09-17	7198	-	-	-	7198	7198	0	0	32
2010-09-20	7198	7552	7552	7302	7302	7426	228	4	30
2010-09-21	7426	7548	7548	7280	7450	7444	18	8	28
2010-09-27	7444	7890	7890	7464	7464	7728	284	10	24
2010-09-28	7728	-	-	-	7728	7728	0	0	24
2010-09-29	7728	7650	7650	7500	7500	7550	-178	6	18
2010-09-30	7550	7500	7500	7480	7480	7484	-66	18	0
2010-10-08	7484	-	-	-	7484	7484	0	0	0
2010-10-11	7484	-	-	-	7484	7484	0	0	0
2010-10-12	7484	-	-	-	7484	7484	0	0	0
2010-10-13	7484	-	-	-	7484	7484	0	0	0
2010-10-14	7484	-	-	-	7484	7484	0	0	0
2010-10-15	7484	-	-	-	7484	7484	0	0	0
2010-10-18	7484	-	-	-	7484	7484	0	0	0
2010-10-19	7484	-	-	-	7484	7484	0	0	0
2010-10-20	7484	-	-	-	7484	7484	0	0	0
2010-10-21	7484	-	-	-	7484	7484	0	0	0
