2009-03-16	5186	5200	5200	5190	5190	5194	8	4	0
2009-03-17	5194	5260	5260	5260	5260	5260	66	20	0
2009-03-18	5260	-	-	-	5260	5260	0	0	0
2009-03-19	5260	-	-	-	5260	5260	0	0	0
2009-03-20	5260	-	-	-	5260	5260	0	0	0
2009-03-23	5260	5384	5520	5384	5520	5452	192	4	0
2009-03-24	5452	5476	5476	5416	5416	5468	16	22	2
2009-03-25	5468	5494	5494	5246	5246	5370	-98	8	2
2009-03-26	5370	5474	5474	5472	5472	5472	102	20	2
2009-03-27	5472	5300	5400	5300	5400	5350	-122	4	4
2009-03-30	5350	5342	5342	5342	5342	5342	-8	2	2
2009-03-31	5342	5318	5518	5318	5518	5418	76	4	2
2009-04-01	5418	5502	5506	5502	5506	5504	86	20	2
2009-04-02	5504	5522	5522	5522	5522	5522	18	20	2
2009-04-03	5522	5730	5784	5566	5784	5692	170	6	2
2009-04-07	5692	5714	5716	5714	5716	5714	22	20	2
2009-04-08	5714	5788	5792	5788	5792	5790	76	20	2
2009-04-09	5790	5548	5800	5548	5800	5776	-14	72	62
2009-04-10	5776	5888	6020	5800	5850	5900	124	28	62
2009-04-13	5900	5948	5952	5948	5952	5950	50	20	62
2009-04-14	5950	5860	6150	5860	6150	6004	54	4	62
2009-04-15	6004	5940	6300	5940	6300	6120	116	4	62
2009-04-16	6120	6220	6400	6220	6400	6310	190	8	62
2009-04-17	6310	6188	6360	6150	6360	6202	-108	24	62
2009-04-20	6202	6254	6254	6202	6202	6228	26	20	62
2009-04-21	6228	5918	5918	5918	5918	5918	-310	2	64
2009-04-22	5918	5650	5830	5650	5830	5740	-178	8	64
2009-04-23	5740	5944	5944	5924	5924	5934	194	20	64
2009-04-24	5934	5962	5974	5962	5974	5968	34	20	64
2009-04-27	5968	5856	5856	5812	5812	5834	-134	20	64
2009-04-28	5834	5726	5744	5726	5744	5734	-100	20	64
2009-04-29	5734	5826	5848	5826	5848	5836	102	20	64
2009-04-30	5836	5878	5888	5878	5888	5882	46	20	64
2009-05-04	5882	-	-	-	5882	5882	0	0	64
2009-05-05	5882	-	-	-	5882	5882	0	0	64
2009-05-06	5882	-	-	-	5882	5882	0	0	64
2009-05-07	5882	6176	6176	6176	6176	6176	294	2	62
2009-05-08	6176	6380	6458	6380	6458	6396	220	22	64
2009-05-11	6396	6428	6428	6428	6428	6428	32	2	64
2009-05-12	6428	6432	6572	6432	6572	6452	24	14	76
2009-05-13	6452	6660	6664	6506	6620	6580	128	86	76
2009-05-14	6580	6430	6518	6430	6518	6474	-106	8	76
2009-05-15	6474	6432	6460	6432	6460	6436	-38	12	76
2009-05-18	6436	6744	6744	6130	6200	6234	-202	34	80
2009-05-19	6234	6412	6412	6412	6412	6412	178	10	80
2009-05-20	6412	6384	6384	6384	6384	6384	-28	2	80
2009-05-21	6384	6384	6384	6356	6356	6364	-20	6	80
2009-05-22	6364	6500	6500	6330	6350	6476	112	72	20
2009-05-25	6476	6344	6400	6342	6400	6362	-114	6	20
2009-05-26	6362	6404	6412	6404	6412	6408	46	20	20
2009-05-27	6408	6380	6454	6338	6352	6372	-36	12	20
2009-06-01	6372	6688	6706	6614	6614	6688	316	22	20
2009-06-02	6688	6842	6842	6624	6708	6718	30	28	22
2009-06-03	6718	6686	6878	6686	6756	6804	86	40	36
2009-06-04	6804	6590	6732	6590	6646	6654	-150	36	50
2009-06-05	6654	6800	6800	6724	6750	6770	116	40	50
2009-06-08	6770	6660	6682	6612	6614	6660	-110	18	40
2009-06-09	6660	6604	6656	6566	6622	6608	-52	10	40
2009-06-10	6608	6580	6600	6502	6544	6548	-60	12	40
2009-06-11	6548	6404	6590	6404	6484	6556	8	26	58
2009-06-12	6556	6510	6582	6484	6510	6518	-38	70	98
2009-06-15	6518	6306	6396	6306	6396	6372	-146	8	98
2009-06-16	6372	6450	6450	6386	6386	6442	70	50	58
2009-06-17	6442	6388	6388	6388	6388	6388	-54	4	58
2009-06-18	6388	6388	6388	6198	6198	6288	-100	8	58
2009-06-19	6288	6296	6296	6268	6268	6282	-6	4	58
2009-06-22	6282	6184	6184	6184	6184	6184	-98	6	58
2009-06-23	6184	6030	6170	6030	6080	6082	-102	14	56
2009-06-24	6082	6042	6194	6042	6112	6100	18	10	56
2009-06-25	6100	6064	6376	6064	6292	6228	128	34	58
2009-06-26	6228	6278	6358	6278	6312	6316	88	6	58
2009-06-29	6316	6380	6380	6206	6242	6278	-38	10	58
2009-06-30	6278	6276	6276	6200	6200	6260	-18	148	198
2009-07-01	6260	6262	6272	6262	6272	6266	6	20	198
2009-07-02	6266	6228	6228	6226	6226	6226	-40	8	202
2009-07-03	6226	6100	6100	5916	5916	6046	-180	8	202
2009-07-06	6046	5886	5900	5884	5900	5886	-160	22	202
2009-07-07	5886	5894	5894	5886	5886	5890	4	20	202
2009-07-08	5890	5664	5664	5616	5620	5628	-262	68	192
2009-07-09	5628	5682	5686	5682	5686	5684	56	20	192
2009-07-10	5684	5576	5756	5576	5686	5676	-8	40	188
2009-07-13	5676	5744	5744	5660	5660	5716	40	6	190
2009-07-14	5716	5738	5746	5656	5734	5706	-10	30	196
2009-07-15	5706	5800	5810	5780	5800	5794	88	100	198
2009-07-16	5794	5800	5836	5754	5806	5804	10	34	200
2009-07-17	5804	5830	5890	5810	5860	5838	34	22	208
2009-07-20	5838	5966	5982	5880	5982	5938	100	22	206
2009-07-21	5938	5912	5920	5912	5912	5916	-22	24	196
2009-07-22	5916	5810	5960	5810	5858	5892	-24	204	238
2009-07-23	5892	6180	6180	5862	5868	6004	112	148	258
2009-07-24	6004	5848	5926	5848	5850	5882	-122	18	262
2009-07-27	5882	5790	5798	5780	5798	5790	-92	8	264
2009-07-28	5790	5820	5970	5820	5912	5918	128	42	258
2009-07-29	5918	6018	6026	5928	5928	5992	74	8	260
2009-07-30	5992	5882	5954	5882	5930	5930	-62	62	272
2009-07-31	5930	6022	6102	6002	6092	6040	110	30	268
2009-08-03	6040	6168	6258	6168	6258	6206	166	18	260
2009-08-04	6206	6290	6290	6250	6260	6264	58	8	260
2009-08-05	6264	6260	6262	6260	6262	6260	-4	4	258
2009-08-06	6260	6250	6266	6052	6210	6170	-90	34	262
2009-08-07	6170	6288	6344	6288	6344	6312	142	14	254
2009-08-10	6312	6462	6486	6462	6486	6464	152	22	252
2009-08-11	6464	6486	6492	6486	6492	6488	24	20	252
2009-08-12	6488	6626	6658	6404	6658	6540	52	116	286
2009-08-13	6540	6532	6590	6532	6590	6550	10	16	276
2009-08-14	6550	6640	6640	6412	6412	6530	-20	78	256
2009-08-17	6530	6250	6350	6250	6274	6282	-248	52	232
2009-08-18	6282	6262	6266	6262	6266	6264	-18	20	232
2009-08-19	6264	6212	6222	6034	6050	6172	-92	32	230
2009-08-20	6172	6184	6244	6184	6244	6214	42	4	230
2009-08-21	6214	6280	6280	6280	6280	6280	66	2	230
2009-08-24	6280	6388	6390	6388	6390	6388	108	4	228
2009-08-25	6388	6362	6366	6362	6366	6364	-24	20	228
2009-08-26	6364	6332	6468	6332	6438	6412	48	6	228
2009-08-27	6412	6356	6362	6356	6362	6358	-54	20	228
2009-08-28	6358	6396	6398	6396	6398	6396	38	20	228
2009-08-31	6396	6290	6290	6228	6228	6258	-138	4	228
2009-09-01	6258	6104	6122	6104	6122	6112	-146	4	228
2009-09-02	6112	6002	6002	5866	5866	5952	-160	6	224
2009-09-03	5952	6032	6036	6032	6036	6034	82	20	224
2009-09-04	6034	5996	6006	5996	6006	6000	-34	20	224
2009-09-07	6000	5970	5970	5820	5820	5894	-106	4	222
2009-09-08	5894	5912	5926	5912	5926	5918	24	20	222
2009-09-09	5918	5930	6066	5930	6066	5998	80	4	222
2009-09-10	5998	6066	6066	5820	6020	5978	-20	8	222
2009-09-11	5978	5912	5922	5912	5922	5916	-62	20	222
2009-09-14	5916	5706	5722	5706	5722	5714	-202	20	222
2009-09-15	5714	5690	5802	5690	5750	5744	30	238	222
2009-09-16	5744	5842	5902	5842	5902	5850	106	152	344
2009-09-17	5850	5958	5958	5864	5864	5908	58	12	344
2009-09-18	5908	5928	5936	5870	5870	5926	18	22	346
2009-09-21	5926	5924	5962	5884	5946	5918	-8	18	346
2009-09-22	5918	5838	5838	5838	5838	5838	-80	32	344
2009-09-23	5838	5860	5874	5860	5874	5866	28	20	344
2009-09-24	5866	5850	5850	5850	5850	5850	-16	100	344
2009-09-25	5850	5716	5800	5716	5800	5778	-72	8	342
2009-09-28	5778	5758	5758	5642	5642	5700	-78	20	336
2009-09-29	5700	5786	5786	5630	5700	5702	2	12	336
2009-09-30	5702	-	-	-	5702	5702	0	0	336
2009-10-09	5702	-	-	-	5702	5702	0	0	336
2009-10-12	5702	5960	5970	5922	5970	5960	258	16	326
2009-10-13	5960	-	-	-	5960	5960	0	0	326
2009-10-14	5960	-	-	-	5960	5960	0	0	326
2009-10-15	5960	-	-	-	5960	5960	0	0	326
2009-10-16	5960	6092	6092	6092	6092	6092	132	6	320
2009-10-19	6092	6160	6160	6130	6130	6152	60	44	320
2009-10-20	6152	6142	6144	6130	6130	6140	-12	8	318
2009-10-21	6140	6100	6100	6068	6068	6082	-58	6	312
2009-10-22	6082	6150	6150	6108	6108	6130	48	8	318
2009-10-23	6130	6274	6274	6236	6236	6254	124	40	314
2009-10-26	6254	6244	6244	6244	6244	6244	-10	2	312
2009-10-27	6244	-	-	-	6244	6244	0	0	312
2009-10-28	6244	6046	6100	6046	6100	6072	-172	4	312
2009-10-29	6072	6050	6050	6050	6050	6050	-22	2	312
2009-10-30	6050	-	-	-	6050	6050	0	0	312
2009-11-02	6050	6046	6046	6046	6046	6046	-4	2	312
2009-11-03	6046	-	-	-	6046	6046	0	0	312
2009-11-04	6046	-	-	-	6046	6046	0	0	312
2009-11-05	6046	-	-	-	6046	6046	0	0	312
2009-11-06	6046	6174	6210	6130	6170	6156	110	66	310
2009-11-09	6156	6230	6230	6150	6202	6192	36	42	304
2009-11-10	6192	6292	6348	6202	6202	6260	68	8	304
2009-11-11	6260	6258	6258	6250	6250	6250	-10	12	296
2009-11-12	6250	-	-	-	6250	6250	0	0	296
2009-11-13	6250	-	-	-	6250	6250	0	0	296
2009-11-16	6250	6350	6350	6350	6350	6350	100	2	296
2009-11-17	6350	6400	6400	6400	6400	6400	50	2	298
2009-11-18	6400	6540	6540	6450	6528	6494	94	8	300
2009-11-19	6494	6442	6514	6442	6510	6488	-6	6	300
2009-11-20	6488	6530	6530	6492	6492	6510	22	4	300
2009-11-23	6510	6600	6680	6600	6680	6612	102	12	290
2009-11-24	6612	6700	6710	6500	6500	6588	-24	68	306
2009-11-25	6588	6686	6686	6686	6686	6686	98	2	308
2009-11-26	6686	6708	6826	6708	6736	6720	34	24	292
2009-11-27	6720	6492	6600	6492	6498	6582	-138	24	296
2009-11-30	6582	6726	6726	6594	6594	6660	78	4	298
2009-12-01	6660	6720	6720	6720	6720	6720	60	2	300
2009-12-02	6720	6592	6840	6592	6752	6748	28	46	316
2009-12-03	6748	6700	6782	6694	6710	6724	-24	46	312
2009-12-04	6724	7042	7044	6718	6768	6800	76	50	306
2009-12-07	6800	6978	7046	6890	7046	6946	146	26	306
2009-12-08	6946	7130	7130	6918	7014	6982	36	48	316
2009-12-09	6982	7014	7014	6802	6802	6872	-110	38	302
2009-12-10	6872	6842	6898	6724	6724	6816	-56	16	300
2009-12-11	6816	6868	6924	6770	6838	6842	26	48	316
2009-12-14	6842	6806	6806	6500	6760	6682	-160	138	318
2009-12-15	6682	-	-	-	6682	6682	0	0	318
2009-12-16	6682	6834	6886	6832	6886	6842	160	20	312
2009-12-17	6842	7028	7028	6762	6888	6932	90	110	300
2009-12-18	6932	6778	6794	6718	6784	6776	-156	56	298
2009-12-21	6776	6784	7114	6550	6700	6730	-46	72	296
2009-12-22	6730	6696	6732	6634	6658	6676	-54	120	298
2009-12-23	6676	6632	6664	6596	6616	6628	-48	88	294
2009-12-24	6628	6828	6828	6688	6724	6728	100	50	298
2009-12-25	6728	6756	6760	6722	6742	6732	4	50	306
2009-12-28	6732	6778	6818	6772	6782	6780	48	172	168
2009-12-29	6780	6842	6848	6800	6800	6832	52	8	168
2009-12-30	6832	6750	6768	6750	6768	6758	-74	8	172
2009-12-31	6758	6846	6846	6838	6844	6842	84	16	164
2010-01-04	6842	7016	7022	6860	6980	6962	120	18	164
2010-01-05	6962	6880	7094	6880	6990	6988	26	50	170
2010-01-06	6988	7020	7020	7020	7020	7020	32	34	136
2010-01-07	7020	6964	6964	6754	6754	6898	-122	22	148
2010-01-08	6898	6800	6800	6800	6800	6800	-98	6	142
2010-01-11	6800	6858	6898	6756	6756	6848	48	14	130
2010-01-12	6848	6680	6798	6656	6798	6752	-96	22	134
2010-01-13	6752	6560	6658	6482	6658	6552	-200	14	126
2010-01-14	6552	6788	6788	6562	6670	6674	122	96	122
2010-01-15	6674	6562	6700	6562	6620	6654	-20	48	120
2010-01-18	6654	-	-	-	6654	6654	0	0	120
2010-01-19	6654	6750	6770	6638	6728	6726	72	44	132
2010-01-20	6726	6650	6708	6582	6582	6638	-88	12	128
2010-01-21	6638	-	-	-	6638	6638	0	0	128
2010-01-22	6638	6560	6608	6560	6608	6574	-64	18	118
2010-01-25	6574	6714	6714	6714	6714	6714	140	2	120
2010-01-26	6714	6580	6580	6580	6580	6580	-134	10	114
2010-01-27	6580	6496	6556	6496	6556	6542	-38	14	102
2010-01-28	6542	6442	6442	6442	6442	6442	-100	2	100
2010-01-29	6442	-	-	-	6442	6442	0	0	100
2010-02-01	6442	-	-	-	6442	6442	0	0	100
2010-02-02	6442	6600	6600	6400	6400	6456	14	8	100
2010-02-03	6456	-	-	-	6456	6456	0	0	100
2010-02-04	6456	6400	6400	6400	6400	6400	-56	26	76
2010-02-05	6400	6254	6538	6254	6538	6396	-4	4	76
2010-02-08	6396	6400	6400	6340	6340	6354	-42	16	60
2010-02-09	6354	6222	6222	6222	6222	6222	-132	4	56
2010-02-10	6222	-	-	-	6222	6222	0	0	56
2010-02-11	6222	-	-	-	6222	6222	0	0	56
2010-02-12	6222	-	-	-	6222	6222	0	0	56
2010-02-22	6222	6600	6600	6600	6600	6600	378	12	44
2010-02-23	6600	6400	6400	6400	6400	6400	-200	2	46
2010-02-24	6400	-	-	-	6400	6400	0	0	46
2010-02-25	6400	6120	6670	6120	6670	6370	-30	44	50
2010-02-26	6370	6370	6688	6350	6688	6542	172	34	26
2010-03-01	6542	-	-	-	6542	6542	0	0	26
2010-03-02	6542	-	-	-	6542	6542	0	0	26
2010-03-03	6542	-	-	-	6542	6542	0	0	26
2010-03-04	6542	6930	6930	6930	6930	6930	388	2	28
2010-03-05	6930	6880	6880	6880	6880	6880	-50	2	28
2010-03-08	6880	6950	6950	6950	6950	6950	70	2	26
2010-03-09	6950	-	-	-	6950	6950	0	0	26
2010-03-10	6950	-	-	-	6950	6950	0	0	26
2010-03-11	6950	-	-	-	6950	6950	0	0	26
2010-03-12	6950	-	-	-	6950	6920	-30	0	0
