2010-03-16	?	4402	4570	4402	4570	4486	?	4	?
2010-03-17	4486	4651	4651	4640	4640	4645	159	4	4
2010-03-18	4645	4626	4626	4626	4626	4626	-19	2	6
2010-03-19	4626	?	?	?	4626	4626	0	?	6
2010-03-22	4626	?	?	?	4626	4626	0	?	6
2010-03-23	4626	?	?	?	4626	4626	0	?	6
2010-03-24	4626	4650	4677	4650	4677	4670	44	8	10
2010-03-25	4670	4675	4675	4675	4675	4675	5	2	12
2010-03-26	4675	4722	4722	4701	4701	4711	36	4	12
2010-03-29	4711	?	?	?	4711	4711	0	?	12
2010-03-30	4711	?	?	?	4711	4711	0	?	12
2010-03-31	4711	4670	4678	4670	4678	4672	-39	6	14
2010-04-01	4672	?	?	?	4672	4672	0	?	14
2010-04-02	4672	4716	4730	4716	4730	4723	51	4	12
2010-04-06	4723	4679	4751	4678	4751	4714	-9	52	12
2010-04-07	4714	4717	4717	4717	4717	4717	3	2	12
2010-04-09	4717	4776	4776	4716	4716	4746	29	4	14
2010-04-12	4746	4800	4800	4800	4800	4800	54	2	14
2010-04-13	4800	?	?	?	4862	4862	62	?	14
2010-04-14	4862	?	?	?	4800	4800	-62	?	14
2010-04-15	4800	4749	4788	4748	4750	4762	-38	88	18
2010-04-16	4762	4748	4778	4742	4776	4761	-1	84	18
2010-04-19	4761	4706	4706	4706	4706	4706	-55	2	18
2010-04-20	4706	4756	4756	4756	4756	4756	50	2	18
2010-04-21	4756	4722	4722	4722	4722	4722	-34	2	18
2010-04-22	4722	4662	4740	4662	4722	4709	-13	84	18
2010-04-23	4709	4690	4728	4690	4728	4709	0	28	18
2010-04-26	4709	4700	4715	4670	4690	4690	-19	54	18
2010-04-27	4690	4653	4653	4640	4640	4646	-44	4	16
2010-04-28	4646	4580	4615	4565	4615	4587	-59	38	16
2010-04-29	4587	4600	4600	4500	4550	4568	-19	66	18
2010-04-30	4568	4575	4665	4575	4665	4635	67	6	16
2010-05-04	4635	4507	4660	4507	4650	4629	-6	66	44
2010-05-05	4629	4607	4620	4607	4620	4615	-14	14	54
2010-05-06	4615	4720	4720	4639	4639	4665	50	10	54
2010-05-07	4665	4585	4585	4575	4575	4577	-88	10	54
2010-05-10	4577	4555	4555	4555	4555	4555	-22	24	38
2010-05-11	4555	?	?	?	4552	4552	-3	?	38
2010-05-12	4552	4475	4475	4475	4475	4475	-77	6	38
2010-05-13	4475	4500	4500	4466	4466	4486	11	8	38
2010-05-14	4486	?	?	?	4468	4468	-18	?	38
2010-05-17	4468	?	?	?	4344	4344	-124	?	38
2010-05-18	4344	4251	4251	4251	4251	4251	-93	2	36
2010-05-19	4251	?	?	?	4251	4251	0	?	36
2010-05-20	4251	?	?	?	4251	4251	0	?	36
2010-05-21	4251	4252	4270	4252	4270	4261	10	4	36
2010-05-24	4261	4343	4343	4343	4343	4343	82	2	36
2010-05-25	4343	4365	4366	4363	4365	4364	21	8	36
2010-05-26	4364	4370	4370	4370	4370	4370	6	2	34
2010-05-27	4370	4361	4361	4361	4361	4361	-9	2	32
2010-05-28	4361	4353	4353	4353	4353	4353	-8	2	32
2010-05-31	4353	?	?	?	4353	4353	0	?	32
2010-06-01	4353	?	?	?	4330	4330	-23	?	32
2010-06-02	4330	?	?	?	4312	4312	-18	?	32
2010-06-03	4312	4300	4300	4300	4300	4300	-12	2	30
2010-06-04	4300	?	?	?	4300	4300	0	?	30
2010-06-07	4300				4255	4255	-45		30
2010-06-08	4255	4171	4171	4091	4091	4131	-124	88	32
2010-06-09	4131	4135	4140	4135	4140	4137	6	4	30
2010-06-10	4137				4137	4137	0		30
2010-06-11	4137				4137	4137	0		30
2010-06-17	4137	4206	4206	4206	4206	4206	69	2	30
2010-06-18	4206	4179	4179	4179	4179	4179	-27	4	30
2010-06-21	4179				4196	4196	17		30
2010-06-22	4196				4196	4196	0		30
2010-06-23	4196				4196	4196	0		30
2010-06-24	4196				4196	4196	0		30
2010-06-25	4196				4196	4196	0		30
2010-06-28	4196				4196	4196	0		30
2010-06-29	4196	4160	4169	4160	4169	4164	-32	4	28
2010-06-30	4164				4164	4164	0		28
2010-07-01	4164	4141	4141	4141	4141	4141	-23	2	26
2010-07-02	4141	4192	4192	4088	4120	4133	-8	6	26
2010-07-05	4133				4133	4133	0		26
2010-07-06	4133				4133	4133	0		26
2010-07-07	4133				4135	4135	2		26
2010-07-08	4135				4135	4135	0		26
2010-07-09	4135				4135	4135	0		26
2010-07-12	4135				4161	4161	26		26
2010-07-13	4161	4187	4241	4187	4241	4224	63	20	46
2010-07-14	4224				4167	4167	-57		46
2010-07-15	4167	4181	4181	4181	4181	4181	14	2	44
2010-07-16	4181				4181	4181	0		44
2010-07-19	4181	4170	4181	4164	4181	4167	-14	22	48
2010-07-20	4167				4167	4167	0		48
2010-07-21	4167	4228	4373	4220	4373	4298	131	8	46
2010-07-22	4298	4283	4283	4244	4245	4263	-35	8	44
2010-07-23	4263	4330	4330	4330	4330	4330	67	2	46
2010-07-26	4330	4300	4393	4283	4285	4299	-31	20	44
2010-07-27	4299				4281	4281	-18		44
2010-07-28	4281				4281	4281	0		44
2010-07-29	4281	4285	4285	4285	4285	4285	4	2	44
2010-07-30	4285				4296	4296	11		44
2010-08-02	4296	4355	4405	4345	4395	4364	68	30	42
2010-08-03	4364	4383	4383	4383	4383	4383	19	2	42
2010-08-04	4383	4383	4383	4383	4383	4383	0	4	42
2010-08-05	4383	4383	4383	4383	4383	4383	0	2	40
2010-08-06	4383	4369	4383	4365	4383	4371	-12	12	38
2010-08-09	4371				4421	4421	50		38
2010-08-10	4421	4480	4480	4447	4447	4463	42	4	36
2010-08-11	4463				4463	4463	0		36
2010-08-12	4463				4463	4463	0		36
2010-08-13	4463				4463	4463	0		36
2010-08-16	4463				4463	4463	0		36
2010-08-17	4463	4495	4495	4443	4443	4469	6	4	38
2010-08-18	4469				4469	4469	0		38
2010-08-19	4469				4469	4469	0		38
2010-08-20	4469	4412	4412	4412	4412	4412	-57	2	38
2010-08-23	4412				4405	4405	-7		38
2010-08-24	4405				4405	4405	0		38
2010-08-25	4405	4399	4399	4399	4399	4399	-6	2	40
2010-08-26	4399				4399	4399	0		40
2010-08-27	4399	4399	4399	4399	4399	4399	0	2	38
2010-08-30	4399	4440	4440	4440	4440	4440	41	2	38
2010-08-31	4440				4440	4440	0		38
2010-09-01	4440				4440	4440	0		38
2010-09-02	4440				4440	4440	0		38
2010-09-03	4440				4440	4440	0		38
2010-09-06	4440	4525	4525	4525	4525	4525	85	2	38
2010-09-07	4525				4581	4581	56		38
2010-09-08	4581				4600	4600	19		38
2010-09-09	4600	4555	4558	4550	4558	4553	-47	12	40
2010-09-10	4553				4553	4553	0		40
2010-09-13	4553	4570	4577	4570	4577	4573	20	4	40
2010-09-14	4573				4551	4551	-22		40
2010-09-15	4551				4522	4522	-29		40
2010-09-16	4522	4450	4450	4450	4450	4450	-72	2	38
2010-09-17	4450	4450	4450	4450	4450	4450	0	4	34
2010-09-20	4450	4440	4440	4440	4440	4440	-10	4	34
2010-09-21	4440				4440	4440	0		34
2010-09-27	4440	4478	4478	4400	4436	4427	-13	14	32
2010-09-28	4427				4427	4427	0		32
2010-09-29	4427				4359	4359	-68		32
2010-09-30	4359				4359	4359	0		32
2010-10-08	4359				4359	4359	0		32
2010-10-11	4359				4430	4430	71		32
2010-10-12	4430				4430	4430	0		32
2010-10-13	4430				4430	4430	0		32
2010-10-14	4430				4430	4430	0		32
2010-10-15	4430	4379	4478	4379	4450	4421	-9	8	32
2010-10-18	4421	4549	4549	4530	4530	4542	121	6	30
2010-10-19	4542	4561	4561	4425	4490	4499	-43	14	36
2010-10-20	4499				4470	4470	-29		36
2010-10-21	4470				4470	4470	0		36
2010-10-22	4470				4470	4470	0		36
2010-10-25	4470	4490	4490	4490	4490	4490	20	4	36
2010-10-26	4490	4414	4414	4414	4414	4414	-76	6	32
2010-10-27	4414				4414	4414	0		32
2010-10-28	4414				4451	4451	37		32
2010-10-29	4451				4451	4451	0		32
2010-11-01	4451				4455	4455	4		32
2010-11-02	4455				4471	4471	16		32
2010-11-03	4471				4471	4471	0		32
2010-11-04	4471				4499	4499	28		32
2010-11-05	4499	4699	4699	4672	4672	4684	185	22	26
2010-11-08	4684	4740	4740	4633	4633	4648	-36	14	16
2010-11-09	4648	4735	4735	4735	4735	4735	87	2	14
2010-11-10	4735	4735	4735	4735	4735	4735	0	10	24
2010-11-11	4735	4759	4760	4757	4760	4759	24	16	16
2010-11-12	4759	4728	4728	4588	4588	4658	-101	4	16
2010-11-15	4658				4657	4657	-1		16
2010-11-16	4657	4657	4657	4657	4657	4657	0	2	18
2010-11-17	4657				4600	4600	-57		18
2010-11-18	4600	4375	4600	4375	4600	4490	-110	42	16
2010-11-19	4490	4440	4700	4440	4700	4570	80	4	16
2010-11-22	4570				4606	4606	36		16
2010-11-23	4606				4606	4606	0		16
2010-11-24	4606	4680	4680	4680	4680	4680	74	2	16
2010-11-25	4680				4680	4680	0		16
2010-11-26	4680	4759	4759	4601	4601	4680	0	4	16
2010-11-29	4680				4680	4680	0		16
2010-11-30	4680	4692	4692	4692	4692	4692	12	2	14
2010-12-01	4692				4692	4692	0		14
2010-12-02	4692				4692	4692	0		14
2010-12-03	4692	4739	4739	4739	4739	4739	47	2	12
2010-12-06	4739				4739	4739	0		12
2010-12-07	4739				4739	4739	0		12
2010-12-08	4739	4651	4651	4651	4651	4651	-88	4	12
2010-12-09	4651				4651	4651	0		12
2010-12-10	4651				4711	4711	60		12
2010-12-13	4711				4711	4711	0		12
2010-12-14	4711	4978	4978	4685	4685	4831	120	20	12
2010-12-15	4831				4764	4764	-67		12
2010-12-16	4764				4764	4764	0		12
2010-12-17	4764	4764	4764	4764	4764	4764	0	2	10
2010-12-20	4764	4878	4878	4878	4878	4878	114	2	12
2010-12-21	4878				4878	4878	0		12
2010-12-22	4878				4878	4878	0		12
2010-12-23	4878				4878	4878	0		12
2010-12-24	4878	4730	4730	4720	4720	4726	-152	6	12
2010-12-27	4726				4726	4726	0		12
2010-12-28	4726				4726	4726	0		12
2010-12-29	4726				4726	4726	0		12
2010-12-30	4726				4726	4726	0		12
2010-12-31	4726	4726	4726	4726	4726	4726	0	6	6
2011-01-04	4726				4726	4726	0		6
2011-01-05	4726				4726	4726	0		6
2011-01-06	4726	4736	4790	4736	4790	4763	37	4	2
2011-01-07	4763				4763	4763	0		2
2011-01-10	4763	5042	5042	4730	4730	4886	123	4	2
2011-01-11	4886				4886	4886	0		2
2011-01-12	4886				4886	4886	0		2
2011-01-13	4886	5100	5179	4601	4751	4871	-15	106	2
2011-01-14	4871				4871	4871	0		2
2011-01-17	4871				4871	4871	0		2
2011-01-18	4871				4871	4871	0		2
2011-01-19	4871				4871	4871	0		2
2011-01-20	4871				4871	4871	0		2
2011-01-21	4871				4871	4871	0		2
2011-01-24	4871				4871	4871	0		2
2011-01-25	4871				4871	4871	0		2
2011-01-26	4871				4871	4871	0		2
2011-01-27	4871	5151	5151	4860	4860	5005	134	4	2
2011-01-28	5005				5005	5005	0		2
2011-01-31	5005				5005	5005	0		2
2011-02-01	5005				5005	5005	0		2
2011-02-09	5005				5005	5005	0		2
2011-02-10	5005				5005	5005	0		2
2011-02-11	5005				5005	5005	0		2
2011-02-14	5005				5005	5005	0		2
2011-02-15	5005				5005	5005	0		2
2011-02-16	5005	5005	5005	5005	5005	5005	0	2	
2011-02-17	5005				5005	5005	0		
2011-02-18	5005				5005	5005	0		
2011-02-21	5005				5005	5005	0		
2011-02-22	5005				5005	5005	0		
2011-02-23	5005				5005	5005	0		
2011-02-24	5005				5005	5005	0		
2011-02-25	5005				5005	5005	0		
2011-02-28	5005				5005	5005	0		
2011-03-01	5005				5005	5005	0		
2011-03-02	5005				5005	5005	0		
2011-03-03	5005				5005	5005	0		
2011-03-04	5005				5005	5005	0		
2011-03-07	5005				5005	5005	0		
2011-03-08	5005				5005	5005	0		
2011-03-09	5005				5005	5005	0		
2011-03-10	5005				5005	5005	0		
2011-03-11	5005				5005	5005	0		
2011-03-14	5005				5005	5005	0		
2011-03-15	5005				5005	5005	0		
