2010-08-31									
2010-09-01									
2010-09-02									
2010-09-03									
2010-09-06									
2010-09-07									
2010-09-08									
2010-09-09									
2010-09-10									
2010-09-13									
2010-09-14									
2010-09-15									
2010-09-16		4740	4740	4600	4600	4695	0	8	
2010-09-17	4695				4673	4673	-22		
2010-09-20	4673				4673	4673	0		
2010-09-21	4673				4673	4673	0		
2010-09-27	4673				4673	4673	0		
2010-09-28	4673	4635	4635	4370	4370	4502	-171	40	
2010-09-29	4502				4502	4502	0		
2010-09-30	4502				4502	4502	0		
2010-10-08	4502				4517	4517	15		
2010-10-11	4517	4600	4600	4600	4600	4600	83	2	2
2010-10-12	4600	4580	4585	4580	4585	4582	-18	4	
2010-10-13	4582				4582	4582	0		
2010-10-14	4582				4582	4582	0		
2010-10-15	4582	4526	4636	4526	4636	4581	-1	4	
2010-10-18	4581				4600	4600	19		
2010-10-19	4600				4601	4601	1		
2010-10-20	4601				4601	4601	0		
2010-10-21	4601				4601	4601	0		
2010-10-22	4601				4601	4601	0		
2010-10-25	4601				4601	4601	0		
2010-10-26	4601				4601	4601	0		
2010-10-27	4601				4601	4601	0		
2010-10-28	4601				4601	4601	0		
2010-10-29	4601				4601	4601	0		
2010-11-01	4601				4601	4601	0		
2010-11-02	4601				4601	4601	0		
2010-11-03	4601				4601	4601	0		
2010-11-04	4601				4601	4601	0		
2010-11-05	4601				4671	4671	70		
2010-11-08	4671	4758	4758	4660	4660	4709	38	4	
2010-11-09	4709	4918	4918	4720	4720	4819	110	4	
2010-11-10	4819				4819	4819	0		
2010-11-11	4819				4819	4819	0		
2010-11-12	4819	4818	4818	4653	4653	4735	-84	4	
2010-11-15	4735				4735	4735	0		
2010-11-16	4735	4788	4788	4788	4788	4788	53	2	2
2010-11-17	4788	4606	4606	4606	4606	4606	-182	2	2
2010-11-18	4606				4606	4606	0		2
2010-11-19	4606	4786	4786	4772	4772	4779	173	4	2
2010-11-22	4779				4779	4779	0		2
2010-11-23	4779				4773	4773	-6		2
2010-11-24	4773				4773	4773	0		2
2010-11-25	4773				4773	4773	0		2
2010-11-26	4773				4773	4773	0		2
2010-11-29	4773				4773	4773	0		2
2010-11-30	4773				4773	4773	0		2
2010-12-01	4773	4793	4793	4793	4793	4793	20	2	4
2010-12-02	4793	4618	4793	4618	4793	4704	-89	6	2
2010-12-03	4704				4704	4704	0		2
2010-12-06	4704	4788	4788	4700	4700	4740	36	8	2
2010-12-07	4740				4740	4740	0		2
2010-12-08	4740				4740	4740	0		2
2010-12-09	4740				4740	4740	0		2
2010-12-10	4740				4740	4740	0		2
2010-12-13	4740				4740	4740	0		2
2010-12-14	4740				4740	4740	0		2
2010-12-15	4740				4740	4740	0		2
2010-12-16	4740				4740	4740	0		2
2010-12-17	4740				4740	4740	0		2
2010-12-20	4740				4740	4740	0		2
2010-12-21	4740				4740	4740	0		2
2010-12-22	4740	4621	4784	4621	4636	4675	-65	10	4
2010-12-23	4675				4675	4675	0		4
2010-12-24	4675				4675	4675	0		4
2010-12-27	4675				4675	4675	0		4
2010-12-28	4675				4675	4675	0		4
2010-12-29	4675				4675	4675	0		4
2010-12-30	4675				4675	4675	0		4
2010-12-31	4675				4675	4675	0		4
2011-01-04	4675	4880	4880	4800	4800	4840	165	4	4
2011-01-05	4840				4836	4836	-4		4
2011-01-06	4836				4836	4836	0		4
2011-01-07	4836				4797	4797	-39		4
2011-01-10	4797				4797	4797	0		4
2011-01-11	4797				4797	4797	0		4
2011-01-12	4797				4797	4797	0		4
2011-01-13	4797				4797	4797	0		4
2011-01-14	4797	4868	4868	4868	4868	4868	71	2	2
2011-01-17	4868				4868	4868	0		2
2011-01-18	4868				4868	4868	0		2
2011-01-19	4868				4868	4868	0		2
2011-01-20	4868				4868	4868	0		2
2011-01-21	4868				4868	4868	0		2
2011-01-24	4868				4868	4868	0		2
2011-01-25	4868	4821	4866	4821	4866	4843	-25	4	2
2011-01-26	4843				4881	4881	38		2
2011-01-27	4881				4833	4833	-48		2
2011-01-28	4833				4869	4869	36		2
2011-01-31	4869				4884	4884	15		2
2011-02-01	4884				4884	4884	0		2
2011-02-09	4884				4884	4884	0		2
2011-02-10	4884	5160	5168	5160	5168	5167	283	108	108
2011-02-11	5167	5050	5169	4960	5070	5062	-105	324	4
2011-02-14	5062				5062	5062	0		4
2011-02-15	5062				5062	5062	0		4
2011-02-16	5062				5049	5049	-13		4
2011-02-17	5049				5049	5049	0		4
2011-02-18	5049				4972	4972	-77		4
2011-02-21	4972				4972	4972	0		4
2011-02-22	4972	4900	5064	4900	5064	4954	-18	6	4
2011-02-23	4954				4954	4954	0		4
2011-02-24	4954				4954	4954	0		4
2011-02-25	4954	4811	4911	4811	4860	4860	-94	6	4
2011-02-28	4860				4860	4860	0		4
2011-03-01	4860				4860	4860	0		4
2011-03-02	4860				4860	4860	0		4
2011-03-03	4860				4860	4860	0		4
2011-03-04	4860				4860	4860	0		4
2011-03-07	4860				4860	4860	0		4
2011-03-08	4860				4834	4834	-26		4
2011-03-09	4834				4834	4834	0		4
2011-03-10	4834				4800	4800	-34		4
2011-03-11	4800				4800	4800	0		4
2011-03-14	4800				4800	4800	0		4
2011-03-15	4800				4800	4800	0		4
2011-03-16	4800				4800	4800	0		4
2011-03-17	4800	4899	4899	4899	4899	4899	99	2	6
2011-03-18	4899	4799	4799	4799	4799	4799	-100	2	6
2011-03-21	4799				4788	4788	-11		6
2011-03-22	4788				4788	4788	0		6
2011-03-23	4788				4788	4788	0		6
2011-03-24	4788				4788	4788	0		6
2011-03-25	4788				4788	4788	0		6
2011-03-28	4788				4808	4808	20		6
2011-03-29	4808	4828	4828	4828	4828	4828	20	2	4
2011-03-30	4828				4828	4828	0		4
2011-03-31	4828	4794	4876	4793	4852	4838	10	10	4
2011-04-01	4838				4838	4838	0		4
2011-04-06	4838				4838	4838	0		4
2011-04-07	4838				4838	4838	0		4
2011-04-08	4838				4838	4838	0		4
2011-04-11	4838				4838	4838	0		4
2011-04-12	4838				4838	4838	0		4
2011-04-13	4838				4838	4838	0		4
2011-04-14	4838	4970	5128	4970	5099	5065	227	6	10
2011-04-15	5065	4919	4919	4790	4876	4860	-205	18	10
2011-04-18	4860	4904	4904	4871	4871	4879	19	8	10
2011-04-19	4879	4850	4850	4727	4727	4807	-72	10	4
2011-04-20	4807				4807	4807	0		4
2011-04-21	4807	4899	4899	4768	4776	4825	18	10	2
2011-04-22	4825	4751	4883	4751	4826	4820	-5	12	2
2011-04-25	4820				4820	4820	0		2
2011-04-26	4820				4838	4838	18		2
2011-04-27	4838	4794	4925	4794	4870	4863	25	6	2
2011-04-28	4863				4863	4863	0		2
2011-04-29	4863				4863	4863	0		2
2011-05-03	4863				4863	4863	0		2
2011-05-04	4863				4863	4863	0		2
2011-05-05	4863				4863	4863	0		2
2011-05-06	4863				4863	4863	0		2
2011-05-09	4863				4863	4863	0		2
2011-05-10	4863				4863	4863	0		2
2011-05-11	4863				4863	4863	0		2
2011-05-12	4863				4862	4862	-1		2
2011-05-13	4862				4862	4862	0		2
2011-05-16	4862				4862	4862	0		2
2011-05-17	4862				4862	4862	0		2
2011-05-18	4862	4749	4879	4749	4879	4814	-48	4	4
2011-05-19	4814	4920	4920	4811	4811	4865	51	16	4
2011-05-20	4865	4678	4678	4678	4678	4678	-187	2	4
2011-05-23	4678	4900	4900	4805	4805	4852	174	32	2
2011-05-24	4852				4852	4852	0		2
2011-05-25	4852				4852	4852	0		2
2011-05-26	4852				4852	4852	0		2
2011-05-27	4852	4761	4761	4761	4761	4761	-91	2	4
2011-05-30	4761	4913	4941	4764	4941	4872	111	6	2
2011-05-31	4872				4872	4872	0		2
2011-06-01	4872				4872	4872	0		2
2011-06-02	4872				4872	4872	0		2
2011-06-03	4872				4872	4872	0		2
2011-06-07	4872				4872	4872	0		2
2011-06-08	4872				4872	4872	0		2
2011-06-09	4872				4872	4872	0		2
2011-06-10	4872				4872	4872	0		2
2011-06-13	4872				4872	4872	0		2
2011-06-14	4872				4872	4872	0		2
2011-06-15	4872				4872	4872	0		2
2011-06-16	4872				4872	4872	0		2
2011-06-17	4872				4866	4866	-6		2
2011-06-20	4866	4954	4954	4637	4723	4771	-95	6	2
2011-06-21	4771	4720	4720	4720	4720	4720	-51	2	2
2011-06-22	4720				4720	4720	0		2
2011-06-23	4720				4720	4720	0		2
2011-06-24	4720				4720	4720	0		2
2011-06-27	4720				4720	4720	0		2
2011-06-28	4720				4720	4720	0		2
2011-06-29	4720				4720	4720	0		2
2011-06-30	4720	4747	4888	4725	4731	4783	63	12	4
2011-07-01	4783	4610	4874	4610	4749	4700	-83	14	2
2011-07-04	4700				4721	4721	21		2
2011-07-05	4721				4721	4721	0		2
2011-07-06	4721				4729	4729	8		2
2011-07-07	4729				4729	4729	0		2
2011-07-08	4729				4729	4729	0		2
2011-07-11	4729				4729	4729	0		2
2011-07-12	4729				4729	4729	0		2
2011-07-13	4729	4751	4751	4751	4751	4751	22	2	
2011-07-14	4751	4666	4898	4666	4898	4782	31	8	
2011-07-15	4782				4782	4782	0		
2011-07-18	4782				4782	4782	0		
2011-07-19	4782				4782	4782	0		
2011-07-20	4782				4782	4782	0		
2011-07-21	4782				4782	4782	0		
2011-07-22	4782				4782	4782	0		
2011-07-25	4782				4782	4782	0		
2011-07-26	4782				4782	4782	0		
2011-07-27	4782				4498	4498	-284		
2011-07-28	4498				4498	4498	0		
2011-07-29	4498				4498	4498	0		
2011-08-01	4498				4498	4498	0		
2011-08-02	4498				4498	4498	0		
2011-08-03	4498				4498	4498	0		
2011-08-04	4498				4498	4498	0		
2011-08-05	4498				4498	4498	0		
2011-08-08	4498				4498	4498	0		
2011-08-09	4498				4498	4498	0		
2011-08-10	4498				4498	4498	0		
2011-08-11	4498	4260	4750	4260	4750	4505	7	68	
2011-08-12	4505				4750	4505	0		
2011-08-15	4505				4750	4505	0		
2011-08-16	4505				4750	4505	0		
2011-08-17	4505	4270	4770	4270	4770	4520	15	80	
2011-08-18	4520				4770	4520	0		
2011-08-19	4520				4770	4520	0		
2011-08-22	4520				4770	4520	0		
2011-08-23	4520	4768	4788	4670	4750	4721	201	20	
2011-08-24	4721				4721	4721	0		
2011-08-25	4721				4721	4721	0		
2011-08-26	4721	4488	4488	4488	4488	4488	-233	2	2
2011-08-29	4488	4600	4600	4600	4600	4600	112	2	
2011-08-30	4600				4600	4600	0		
2011-08-31	4600				4600	4600	0		
2011-09-01	4600				4600	4600	0		
2011-09-02	4600				4600	4600	0		
2011-09-05	4600				4600	4600	0		
2011-09-06	4600				4600	4600	0		
2011-09-07	4600				4600	4600	0		
2011-09-08	4600				4600	4600	0		
2011-09-09	4600				4600	4600	0		
2011-09-13	4600				4600	4600	0		
2011-09-14	4600				4600	4600	0		
2011-09-15	4600				4600	4600	0		
