2012-08-16					3775	3775	0		
2012-08-17	3775				3775	3775	0		
2012-08-20	3775				3748	3748	-27		
2012-08-21	3748				3707	3707	-41		
2012-08-22	3707				3700	3700	-7		
2012-08-23	3700				3774	3774	74		
2012-08-24	3774				3737	3737	-37		
2012-08-27	3737				3730	3730	-7		
2012-08-28	3730				3719	3719	-11		
2012-08-29	3719				3533	3533	-186		
2012-08-30	3533				3487	3487	-46		
2012-08-31	3487				3487	3487	0		
2012-09-03	3487				3403	3403	-84		
2012-09-04	3403				3317	3317	-86		
2012-09-05	3317				3262	3262	-55		
2012-09-06	3262				3262	3262	0		
2012-09-07	3262				3332	3332	70		
2012-09-10	3332				3501	3501	169		
2012-09-11	3501				3502	3502	1		
2012-09-12	3502				3507	3507	5		
2012-09-13	3507				3485	3485	-22		
2012-09-14	3485				3488	3488	3		
2012-09-17	3488				3650	3650	162		
2012-09-18	3650				3650	3650	0		
2012-09-19	3650				3695	3695	45		
2012-09-20	3695				3577	3577	-118		
2012-09-21	3577				3579	3579	2		
2012-09-24	3579	3253	3619	3253	3619	3477	-102	6	2
2012-09-25	3477				3588	3588	111		2
2012-09-26	3588				3588	3588	0		2
2012-09-27	3588				3588	3588	0		2
2012-09-28	3588				3588	3588	0		2
2012-10-08	3588				3606	3606	18		2
2012-10-10	3646				3666	3666	20		2
2012-10-11	3666				3666	3666	0		2
2012-10-12	3666				3666	3666	0		2
2012-10-15	3666				3666	3666	0		2
2012-10-16	3666				3666	3666	0		2
2012-10-17	3666				3716	3716	50		2
2012-10-18	3716	3764	3764	3666	3666	3715	-1	4	2
2012-10-19	3715				3702	3702	-13		2
2012-10-22	3702	3716	3716	3716	3716	3716	14	2	
2012-10-23	3716	3602	3700	3600	3696	3658	-58	38	4
2012-10-24	3658				3670	3670	12		4
2012-10-25	3670				3670	3670	0		4
2012-10-26	3670				3670	3670	0		4
2012-10-29	3670	3693	3693	3693	3693	3693	23	2	4
2012-10-30	3693				3680	3680	-13		4
2012-10-31	3680				3680	3680	0		4
2012-11-01	3680	3712	3712	3712	3712	3712	32	2	2
2012-11-02	3712				3712	3712	0		2
