2012-02-16					4233	4233	0		
2012-02-17	4233				4233	4233	0		
2012-02-20	4233				4196	4196	-37		
2012-02-21	4196				4196	4196	0		
2012-02-22	4196				4189	4189	-7		
2012-02-23	4189				4189	4189	0		
2012-02-24	4189				4200	4200	11		
2012-02-27	4200				4216	4216	16		
2012-02-28	4216				4216	4216	0		
2012-02-29	4216				4216	4216	0		
2012-03-01	4216				4216	4216	0		
2012-03-02	4216	4489	4489	4272	4272	4380	164	4	
2012-03-05	4380				4349	4349	-31		
2012-03-06	4349				4349	4349	0		
2012-03-07	4349				4333	4333	-16		
2012-03-08	4333				4333	4333	0		
2012-03-09	4333				4333	4333	0		
2012-03-12	4333				4333	4333	0		
2012-03-13	4333				4333	4333	0		
2012-03-14	4333				4333	4333	0		
2012-03-15	4333				4333	4333	0		
2012-03-16	4333				4333	4333	0		
2012-03-19	4333				4333	4333	0		
2012-03-20	4333				4331	4331	-2		
2012-03-21	4331				4331	4331	0		
2012-03-22	4331				4331	4331	0		
2012-03-23	4331				4331	4331	0		
2012-03-26	4331	4183	4352	4183	4352	4267	-64	4	2
2012-03-27	4267				4294	4294	27		2
2012-03-28	4294	4358	4358	4293	4293	4325	31	4	2
2012-03-29	4325				4325	4325	0		2
2012-03-30	4325				4325	4325	0		2
2012-04-05	4325				4325	4325	0		2
2012-04-06	4325	4315	4315	4315	4315	4315	-10	2	
2012-04-09	4315				4315	4315	0		
2012-04-10	4315				4315	4315	0		
2012-04-11	4315				4315	4315	0		
2012-04-12	4315				4315	4315	0		
2012-04-13	4315				4315	4315	0		
2012-04-16	4315				4315	4315	0		
2012-04-17	4315				4315	4315	0		
2012-04-18	4315				4315	4315	0		
2012-04-19	4315				4315	4315	0		
2012-04-20	4315				4315	4315	0		
2012-04-23	4315				4315	4315	0		
2012-04-24	4315				4315	4315	0		
2012-04-25	4315				4315	4315	0		
2012-04-26	4315				4315	4315	0		
2012-04-27	4315				4315	4315	0		
2012-05-02	4315				4315	4315	0		
2012-05-03	4315				4294	4294	-21		
2012-05-04	4294				4294	4294	0		
2012-05-07	4294				4276	4276	-18		
2012-05-08	4276				4275	4275	-1		
2012-05-09	4275				4275	4275	0		
2012-05-10	4275				4273	4273	-2		
2012-05-11	4273				4383	4383	110		
2012-05-14	4383				4367	4367	-16		
2012-05-15	4367				4314	4314	-53		
2012-05-16	4314				4236	4236	-78		
2012-05-17	4236				4198	4198	-38		
2012-05-18	4198				4024	4024	-174		
2012-05-21	4024				4024	4024	0		
2012-05-22	4024				4024	4024	0		
2012-05-23	4024				4024	4024	0		
2012-05-24	4024				4024	4024	0		
2012-05-28	4024				4024	4024	0		
2012-05-29	4024				4024	4024	0		
2012-05-30	4024				4024	4024	0		
2012-05-31	4024				4024	4024	0		
2012-06-01	4024				4024	4024	0		
2012-06-04	4024				4024	4024	0		
2012-06-05	4024				4024	4024	0		
2012-06-06	4024				4024	4024	0		
2012-06-07	4024				4024	4024	0		
2012-06-08	4024				4024	4024	0		
2012-06-11	4024				4024	4024	0		
2012-06-12	4024				4039	4039	15		
2012-06-13	4039				4039	4039	0		
2012-06-14	4039				4039	4039	0		
2012-06-15	4039	4156	4156	4156	4156	4156	117	2	2
2012-06-18	4156				4156	4156	0		2
2012-06-19	4156				4156	4156	0		2
2012-06-20	4156				4156	4156	0		2
2012-06-21	4156				4156	4156	0		2
2012-06-25	4156				4156	4156	0		2
2012-06-26	4156				4156	4156	0		2
2012-06-27	4156				4100	4100	-56		2
2012-06-28	4100				4100	4100	0		2
2012-06-29	4100				4028	4028	-72		2
2012-07-02	4028				4005	4005	-23		2
2012-07-03	4005				4032	4032	27		2
2012-07-04	4032				4032	4032	0		2
2012-07-05	4032				4032	4032	0		2
2012-07-06	4032				4032	4032	0		2
2012-07-09	4032				4032	4032	0		2
2012-07-10	4032				3984	3984	-48		2
2012-07-11	3984				3984	3984	0		2
2012-07-12	3984				3869	3869	-115		2
2012-07-13	3869				3869	3869	0		2
2012-07-16	3869				3817	3817	-52		2
2012-07-17	3817				3830	3830	13		2
2012-07-18	3830				3833	3833	3		2
2012-07-19	3833				3833	3833	0		2
2012-07-20	3833				3833	3833	0		2
2012-07-23	3833				3767	3767	-66		2
2012-07-24	3767				3713	3713	-54		2
2012-07-25	3713				3735	3735	22		2
2012-07-26	3735				3735	3735	0		2
2012-07-27	3735				3769	3769	34		2
2012-07-30	3769				3815	3815	46		2
2012-07-31	3815				3823	3823	8		2
2012-08-01	3823				3782	3782	-41		2
2012-08-02	3782				3725	3725	-57		2
2012-08-03	3725				3725	3725	0		2
2012-08-06	3725				3725	3725	0		2
2012-08-07	3725				3725	3725	0		2
2012-08-08	3725				3740	3740	15		2
2012-08-09	3740				3740	3740	0		2
2012-08-10	3740				3740	3740	0		2
2012-08-13	3740				3763	3763	23		2
2012-08-14	3763				3713	3713	-50		2
2012-08-15	3713				3713	3713	0		2
2012-08-16	3713				3718	3718	5		2
2012-08-17	3718				3701	3701	-17		2
2012-08-20	3701				3668	3668	-33		2
2012-08-21	3668				3628	3628	-40		2
2012-08-22	3628				3622	3622	-6		2
2012-08-23	3622	3803	3803	3586	3586	3694	72	4	2
2012-08-24	3694				3658	3658	-36		2
2012-08-27	3658				3651	3651	-7		2
2012-08-28	3651				3641	3641	-10		2
2012-08-29	3641				3511	3511	-130		2
2012-08-30	3511				3581	3581	70		2
2012-08-31	3581				3581	3581	0		2
2012-09-03	3581				3522	3522	-59		2
2012-09-04	3522	3522	3522	3345	3345	3433	-89	8	2
2012-09-05	3433				3383	3383	-50		2
2012-09-06	3383				3383	3383	0		2
2012-09-07	3383				3476	3476	93		2
2012-09-10	3476				3599	3599	123		2
2012-09-11	3599				3621	3621	22		2
2012-09-12	3621				3626	3626	5		2
2012-09-13	3626				3563	3563	-63		2
2012-09-14	3563				3563	3563	0		2
2012-09-17	3563	3665	3675	3665	3675	3670	107	4	2
2012-09-18	3670				3670	3670	0		2
2012-09-19	3670				3715	3715	45		2
2012-09-20	3715				3676	3676	-39		2
2012-09-21	3676				3613	3613	-63		2
2012-09-24	3613				3654	3654	41		2
2012-09-25	3654				3654	3654	0		2
2012-09-26	3654				3654	3654	0		2
2012-09-27	3654				3697	3697	43		2
2012-09-28	3697				3692	3692	-5		2
2012-10-08	3692				3761	3761	69		2
2012-10-10	3786				3786	3786	0		2
2012-10-11	3786				3751	3751	-35		2
2012-10-12	3751				3770	3770	19		2
2012-10-15	3770				3712	3712	-58		2
2012-10-16	3712				3712	3712	0		2
2012-10-17	3712				3712	3712	0		2
2012-10-18	3712				3715	3715	3		2
2012-10-19	3715				3715	3715	0		2
2012-10-22	3715				3715	3715	0		2
2012-10-23	3715				3715	3715	0		2
2012-10-24	3715				3715	3715	0		2
2012-10-25	3715				3715	3715	0		2
2012-10-26	3715				3715	3715	0		2
2012-10-29	3715				3710	3710	-5		2
2012-10-30	3710				3710	3710	0		2
2012-10-31	3710				3710	3710	0		2
2012-11-01	3710				3717	3717	7		2
2012-11-02	3717				3747	3747	30		2
