2010-07-30	4288				4288	4288	0		
2010-08-02	4288				4288	4288	0		
2010-08-03	4288	4593	4593	4366	4485	4504	216	14	2
2010-08-04	4504				4504	4504	0		2
2010-08-05	4504				4504	4504	0		2
2010-08-06	4504				4504	4504	0		2
2010-08-09	4504	4486	4570	4486	4570	4528	24	4	2
2010-08-10	4528				4528	4528	0		2
2010-08-11	4528				4528	4528	0		2
2010-08-12	4528	4643	4643	4508	4508	4575	47	4	
2010-08-13	4575	4626	4626	4442	4572	4524	-51	8	
2010-08-16	4524	4505	4580	4505	4522	4535	11	6	2
2010-08-17	4535				4535	4535	0		2
2010-08-18	4535	4466	4580	4466	4570	4520	-15	8	2
2010-08-19	4520	4490	4490	4490	4490	4490	-30	2	2
2010-08-20	4490				4490	4490	0		2
2010-08-23	4490	4490	4490	4490	4490	4490	0	2	4
2010-08-24	4490				4490	4490	0		4
2010-08-25	4490				4490	4490	0		4
2010-08-26	4490				4490	4490	0		4
2010-08-27	4490				4490	4490	0		4
2010-08-30	4490				4490	4490	0		4
2010-08-31	4490				4490	4490	0		4
2010-09-01	4490				4490	4490	0		4
2010-09-02	4490				4509	4509	19		4
2010-09-03	4509				4509	4509	0		4
2010-09-06	4509	4580	4720	4580	4720	4650	141	4	4
2010-09-07	4650				4650	4650	0		4
2010-09-08	4650				4650	4650	0		4
2010-09-09	4650	4610	4610	4610	4610	4610	-40	2	4
2010-09-10	4610				4610	4610	0		4
2010-09-13	4610				4610	4610	0		4
2010-09-14	4610	4600	4600	4411	4411	4553	-57	174	16
2010-09-15	4553	4529	4680	4529	4680	4617	64	14	10
2010-09-16	4617	4501	4564	4501	4564	4540	-77	6	6
2010-09-17	4540				4540	4540	0		6
2010-09-20	4540				4540	4540	0		6
2010-09-21	4540	4440	4440	4440	4440	4440	-100	2	6
2010-09-27	4440				4440	4440	0		6
2010-09-28	4440				4440	4440	0		6
2010-09-29	4440				4440	4440	0		6
2010-09-30	4440				4440	4440	0		6
2010-10-08	4440	4455	4455	4455	4455	4455	15	2	4
2010-10-11	4455	4426	4631	4426	4580	4545	90	6	2
2010-10-12	4545	4580	4580	4580	4580	4580	35	2	2
2010-10-13	4580	4620	4620	4586	4586	4603	23	4	2
2010-10-14	4603				4603	4603	0		2
2010-10-15	4603	4599	4599	4599	4599	4599	-4	2	2
2010-10-18	4599				4599	4599	0		2
2010-10-19	4599				4599	4599	0		2
2010-10-20	4599				4588	4588	-11		2
2010-10-21	4588	4514	4611	4514	4611	4586	-2	8	4
2010-10-22	4586				4586	4586	0		4
2010-10-25	4586	4586	4586	4586	4586	4586	0	4	2
2010-10-26	4586				4586	4586	0		2
2010-10-27	4586				4586	4586	0		2
2010-10-28	4586				4586	4586	0		2
2010-10-29	4586				4586	4586	0		2
2010-11-01	4586	4647	4647	4552	4639	4599	13	60	2
2010-11-02	4599				4599	4599	0		2
2010-11-03	4599				4599	4599	0		2
2010-11-04	4599				4599	4599	0		2
2010-11-05	4599				4660	4660	61		2
2010-11-08	4660				4660	4660	0		2
2010-11-09	4660				4684	4684	24		2
2010-11-10	4684	4711	4711	4711	4711	4711	27	2	2
2010-11-11	4711				4711	4711	0		2
2010-11-12	4711				4710	4710	-1		2
2010-11-15	4710				4709	4709	-1		2
2010-11-16	4709				4709	4709	0		2
2010-11-17	4709				4680	4680	-29		2
2010-11-18	4680				4680	4680	0		2
2010-11-19	4680				4680	4680	0		2
2010-11-22	4680				4680	4680	0		2
2010-11-23	4680				4680	4680	0		2
2010-11-24	4680				4680	4680	0		2
2010-11-25	4680				4680	4680	0		2
2010-11-26	4680	4776	4847	4640	4640	4725	45	8	2
2010-11-29	4725				4725	4725	0		2
2010-11-30	4725				4725	4725	0		2
2010-12-01	4725				4725	4725	0		2
2010-12-02	4725				4725	4725	0		2
2010-12-03	4725				4725	4725	0		2
2010-12-06	4725				4725	4725	0		2
2010-12-07	4725	4827	4827	4634	4634	4730	5	4	2
2010-12-08	4730	4588	4827	4588	4666	4693	-37	6	2
2010-12-09	4693				4693	4693	0		2
2010-12-10	4693				4691	4691	-2		2
2010-12-13	4691				4691	4691	0		2
2010-12-14	4691				4691	4691	0		2
2010-12-15	4691				4691	4691	0		2
2010-12-16	4691				4691	4691	0		2
2010-12-17	4691				4691	4691	0		2
2010-12-20	4691				4691	4691	0		2
2010-12-21	4691				4691	4691	0		2
2010-12-22	4691				4691	4691	0		2
2010-12-23	4691				4691	4691	0		2
2010-12-24	4691	4470	4820	4470	4820	4645	-46	4	2
2010-12-27	4645				4645	4645	0		2
2010-12-28	4645	4848	4848	4848	4848	4848	203	2	2
2010-12-29	4848				4848	4848	0		2
2010-12-30	4848				4848	4848	0		2
2010-12-31	4848				4848	4848	0		2
2011-01-04	4848				4848	4848	0		2
2011-01-05	4848				4892	4892	44		2
2011-01-06	4892				4912	4912	20		2
2011-01-07	4912				4672	4672	-240		2
2011-01-10	4672	4848	4951	4710	4710	4797	125	20	4
2011-01-11	4797				4797	4797	0		4
2011-01-12	4797				4797	4797	0		4
2011-01-13	4797				4797	4797	0		4
2011-01-14	4797				4797	4797	0		4
2011-01-17	4797				4797	4797	0		4
2011-01-18	4797				4797	4797	0		4
2011-01-19	4797				4797	4797	0		4
2011-01-20	4797				4804	4804	7		4
2011-01-21	4804				4804	4804	0		4
2011-01-24	4804				4808	4808	4		4
2011-01-25	4808				4808	4808	0		4
2011-01-26	4808				4808	4808	0		4
2011-01-27	4808				4808	4808	0		4
2011-01-28	4808				4819	4819	11		4
2011-01-31	4819				4831	4831	12		4
2011-02-01	4831				4831	4831	0		4
2011-02-09	4831				4831	4831	0		4
2011-02-10	4831				4854	4854	23		4
2011-02-11	4854				4854	4854	0		4
2011-02-14	4854	4949	4949	4885	4885	4917	63	4	2
2011-02-15	4917				4917	4917	0		2
2011-02-16	4917				4917	4917	0		2
2011-02-17	4917				4917	4917	0		2
2011-02-18	4917				4917	4917	0		2
2011-02-21	4917				4917	4917	0		2
2011-02-22	4917				4917	4917	0		2
2011-02-23	4917				4917	4917	0		2
2011-02-24	4917				4917	4917	0		2
2011-02-25	4917				4917	4917	0		2
2011-02-28	4917				4917	4917	0		2
2011-03-01	4917				4917	4917	0		2
2011-03-02	4917				4917	4917	0		2
2011-03-03	4917				4909	4909	-8		2
2011-03-04	4909				4833	4833	-76		2
2011-03-07	4833				4833	4833	0		2
2011-03-08	4833				4833	4833	0		2
2011-03-09	4833				4833	4833	0		2
2011-03-10	4833				4820	4820	-13		2
2011-03-11	4820	4671	4671	4671	4671	4671	-149	2	2
2011-03-14	4671				4671	4671	0		2
2011-03-15	4671				4671	4671	0		2
2011-03-16	4671				4711	4711	40		2
2011-03-17	4711				4758	4758	47		2
2011-03-18	4758				4758	4758	0		2
2011-03-21	4758				4758	4758	0		2
2011-03-22	4758				4758	4758	0		2
2011-03-23	4758				4758	4758	0		2
2011-03-24	4758				4758	4758	0		2
2011-03-25	4758				4758	4758	0		2
2011-03-28	4758				4758	4758	0		2
2011-03-29	4758				4764	4764	6		2
2011-03-30	4764				4764	4764	0		2
2011-03-31	4764	4748	4832	4748	4832	4787	23	8	2
2011-04-01	4787	4737	4737	4737	4737	4737	-50	2	2
2011-04-06	4737				4800	4800	63		2
2011-04-07	4800				4800	4800	0		2
2011-04-08	4800				4800	4800	0		2
2011-04-11	4800				4800	4800	0		2
2011-04-12	4800				4800	4800	0		2
2011-04-13	4800				4800	4800	0		2
2011-04-14	4800				4800	4800	0		2
2011-04-15	4800				4800	4800	0		2
2011-04-18	4800				4800	4800	0		2
2011-04-19	4800				4800	4800	0		2
2011-04-20	4800				4800	4800	0		2
2011-04-21	4800				4800	4800	0		2
2011-04-22	4800				4800	4800	0		2
2011-04-25	4800				4800	4800	0		2
2011-04-26	4800	4802	4802	4802	4802	4802	2	2	2
2011-04-27	4802				4802	4802	0		2
2011-04-28	4802				4802	4802	0		2
2011-04-29	4802				4802	4802	0		2
2011-05-03	4802				4802	4802	0		2
2011-05-04	4802				4802	4802	0		2
2011-05-05	4802				4802	4802	0		2
2011-05-06	4802				4802	4802	0		2
2011-05-09	4802				4802	4802	0		2
2011-05-10	4802				4802	4802	0		2
2011-05-11	4802				4802	4802	0		2
2011-05-12	4802	4912	4912	4606	4688	4782	-20	22	4
2011-05-13	4782	4800	4800	4800	4800	4800	18	2	6
2011-05-16	4800	4859	4859	4752	4752	4805	5	4	2
2011-05-17	4805				4805	4805	0		2
2011-05-18	4805				4805	4805	0		2
2011-05-19	4805	4749	4749	4749	4749	4749	-56	2	2
2011-05-20	4749				4749	4749	0		2
2011-05-23	4749				4749	4749	0		2
2011-05-24	4749				4749	4749	0		2
2011-05-25	4749				4749	4749	0		2
2011-05-26	4749				4749	4749	0		2
2011-05-27	4749				4749	4749	0		2
2011-05-30	4749				4749	4749	0		2
2011-05-31	4749				4749	4749	0		2
2011-06-01	4749				4749	4749	0		2
2011-06-02	4749				4749	4749	0		2
2011-06-03	4749				4749	4749	0		2
2011-06-07	4749				4749	4749	0		2
2011-06-08	4749				4749	4749	0		2
2011-06-09	4749				4749	4749	0		2
2011-06-10	4749				4749	4749	0		2
2011-06-13	4749				4749	4749	0		2
2011-06-14	4749				4749	4749	0		2
2011-06-15	4749				4749	4749	0		2
2011-06-16	4749				4749	4749	0		2
2011-06-17	4749				4749	4749	0		2
2011-06-20	4749				4749	4749	0		2
2011-06-21	4749				4749	4749	0		2
2011-06-22	4749				4749	4749	0		2
2011-06-23	4749				4749	4749	0		2
2011-06-24	4749				4749	4749	0		2
2011-06-27	4749				4749	4749	0		2
2011-06-28	4749				4749	4749	0		2
2011-06-29	4749	4600	4600	4600	4600	4600	-149	2	2
2011-06-30	4600				4600	4600	0		2
2011-07-01	4600	4600	4600	4600	4600	4600	0	2	
2011-07-04	4600				4600	4600	0		
2011-07-05	4600				4600	4600	0		
2011-07-06	4600				4600	4600	0		
2011-07-07	4600				4600	4600	0		
2011-07-08	4600				4600	4600	0		
2011-07-11	4600				4600	4600	0		
2011-07-12	4600				4600	4600	0		
2011-07-13	4600				4600	4600	0		
2011-07-14	4600				4600	4600	0		
2011-07-15	4600				4600	4600	0		
