2012-05-16					4143	4143	0		
2012-05-17	4143				4143	4143	0		
2012-05-18	4143				3949	3949	-194		
2012-05-21	3949				3917	3917	-32		
2012-05-22	3917				4112	4112	195		
2012-05-23	4112				4110	4110	-2		
2012-05-24	4110				4047	4047	-63		
2012-05-28	4014				4014	4014	0		
2012-05-29	4014				4112	4112	98		
2012-05-30	4112				4112	4112	0		
2012-05-31	4112				4112	4112	0		
2012-06-01	4112				4067	4067	-45		
2012-06-04	4067				4067	4067	0		
2012-06-05	4067				4067	4067	0		
2012-06-06	4067				4067	4067	0		
2012-06-07	4067				4067	4067	0		
2012-06-08	4067				4067	4067	0		
2012-06-11	4067				4146	4146	79		
2012-06-12	4146				4130	4130	-16		
2012-06-13	4130				4130	4130	0		
2012-06-14	4130				4130	4130	0		
2012-06-15	4130				4130	4130	0		
2012-06-18	4130				4130	4130	0		
2012-06-19	4130				4130	4130	0		
2012-06-20	4130				4130	4130	0		
2012-06-21	4130				4118	4118	-12		
2012-06-25	4118				4118	4118	0		
2012-06-26	4118				4006	4006	-112		
2012-06-27	4006	4132	4133	3968	4128	4116	110	46	24
2012-06-28	4116	4128	4128	4121	4128	4126	10	24	18
2012-06-29	4126				4126	4126	0		18
2012-07-02	4126	4090	4090	4090	4090	4090	-36	2	18
2012-07-03	4090				4096	4096	6		18
2012-07-04	4096				4096	4096	0		18
2012-07-05	4096				4096	4096	0		18
2012-07-06	4096				4119	4119	23		18
2012-07-09	4119				4119	4119	0		18
2012-07-10	4119	4056	4056	4056	4056	4056	-63	2	18
2012-07-11	4056	4100	4258	4036	4036	4109	53	8	20
2012-07-12	4109				4040	4040	-69		20
2012-07-13	4040				4040	4040	0		20
2012-07-16	4040	4021	4021	4021	4021	4021	-19	2	20
2012-07-17	4021	3956	3956	3951	3951	3953	-68	4	18
2012-07-18	3953	3960	3960	3960	3960	3960	7	2	18
2012-07-19	3960				3956	3956	-4		18
2012-07-20	3956	3956	3956	3956	3956	3956	0	2	20
2012-07-23	3956	3800	3815	3800	3815	3807	-149	4	20
2012-07-24	3807	3769	3769	3671	3729	3735	-72	24	2
2012-07-25	3735				3735	3735	0		2
2012-07-26	3735				3735	3735	0		2
2012-07-27	3735				3750	3750	15		2
2012-07-30	3750				3751	3751	1		2
2012-07-31	3751				3751	3751	0		2
2012-08-01	3751				3751	3751	0		2
2012-08-02	3751				3751	3751	0		2
2012-08-03	3751				3745	3745	-6		2
2012-08-06	3745				3745	3745	0		2
2012-08-07	3745				3745	3745	0		2
2012-08-08	3745				3745	3745	0		2
2012-08-09	3745				3745	3745	0		2
2012-08-10	3745				3745	3745	0		2
2012-08-13	3745	3746	3746	3746	3746	3746	1	8	8
2012-08-14	3746	3785	3785	3785	3785	3785	39	8	
2012-08-15	3785				3775	3775	-10		
2012-08-16	3775				3765	3765	-10		
2012-08-17	3765				3748	3748	-17		
2012-08-20	3748				3748	3748	0		
2012-08-21	3748				3707	3707	-41		
2012-08-22	3707				3700	3700	-7		
2012-08-23	3700				3774	3774	74		
2012-08-24	3774				3737	3737	-37		
2012-08-27	3737				3730	3730	-7		
2012-08-28	3730				3719	3719	-11		
2012-08-29	3719	3533	3533	3533	3533	3533	-186	4	2
2012-08-30	3533	3511	3511	3450	3500	3487	-46	8	4
2012-08-31	3487				3487	3487	0		4
2012-09-03	3487	3435	3435	3371	3371	3403	-84	4	6
2012-09-04	3403				3317	3317	-86		6
2012-09-05	3317				3262	3262	-55		6
2012-09-06	3262				3262	3262	0		6
2012-09-07	3262	3335	3425	3237	3425	3332	70	6	8
2012-09-10	3332	3489	3587	3456	3587	3501	169	16	2
2012-09-11	3501				3502	3502	1		2
2012-09-12	3502	3610	3610	3328	3545	3507	5	16	4
2012-09-13	3507	3518	3518	3518	3518	3518	11	2	2
2012-09-14	3518	3597	3597	3597	3597	3597	79	2	2
2012-09-17	3597				3597	3597	0		2
2012-09-18	3597				3597	3597	0		2
2012-09-19	3597				3661	3661	64		2
2012-09-20	3661				3620	3620	-41		2
2012-09-21	3620	3590	3590	3590	3590	3590	-30	2	
2012-09-24	3590				3479	3479	-111		
2012-09-25	3479				3493	3493	14		
2012-09-26	3493				3493	3493	0		
2012-09-27	3493				3534	3534	41		
2012-09-28	3534				3529	3529	-5		
2012-10-08	3529				3595	3595	66		
2012-10-10	3618				3620	3620	2		
2012-10-11	3620				3586	3586	-34		
2012-10-12	3586				3604	3604	18		
2012-10-15	3604	3563	3660	3563	3660	3611	7	4	
2012-10-16	3611	3666	3666	3570	3602	3614	3	60	
2012-10-17	3614				3625	3625	11		
2012-10-18	3625				3650	3650	25		
2012-10-19	3650				3650	3650	0		
2012-10-22	3650				3700	3700	50		
2012-10-23	3700	3650	3700	3650	3700	3675	-25	8	
2012-10-24	3675				3675	3675	0		
2012-10-25	3675				3675	3675	0		
2012-10-26	3675	3675	3711	3571	3711	3684	9	32	4
2012-10-29	3684	3687	3707	3626	3626	3665	-19	16	6
2012-10-30	3665	3636	3679	3636	3679	3668	3	8	
2012-10-31	3668				3668	3668	0		
2012-11-01	3668				3675	3675	7		
2012-11-02	3675				3705	3705	30		
