2009-09-17	4111	4111	4140	4031	4112	4076	-35	204	92
2009-09-18	4076	4111	4135	4100	4135	4123	47	34	74
2009-09-21	4123	4140	4192	4140	4140	4141	18	142	132
2009-09-22	4141	?	?	?	4141	4141	0	?	132
2009-09-23	4141	?	?	?	4141	4141	0	?	132
2009-09-24	4141	4021	4021	4021	4021	4021	-120	2	130
2009-09-25	4021	4061	4067	4025	4058	4055	34	14	132
2009-09-28	4055	3999	4050	3981	3981	4018	-37	170	136
2009-09-29	4018	4048	4078	3970	4022	4010	-8	48	134
2009-09-30	4010	3933	4020	3933	3991	4002	-8	38	136
2009-10-09	4002	3951	3965	3951	3965	3959	-43	10	142
2009-10-12	3959	3985	3988	3961	3961	3982	23	70	140
2009-10-13	3982	3944	3964	3941	3942	3953	-29	68	140
2009-10-14	3953	3903	3903	3903	3903	3903	-50	2	140
2009-10-15	3903	3950	3955	3931	3940	3941	38	168	290
2009-10-16	3941	3980	3980	3915	3950	3938	-3	294	510
2009-10-19	3938	3970	3988	3938	3947	3960	22	422	760
2009-10-20	3960	3969	3969	3811	3898	3889	-71	200	740
2009-10-21	3889	3900	3958	3890	3954	3909	20	106	740
2009-10-22	3909	3978	3978	3908	3918	3933	24	292	916
2009-10-23	3933	3950	3957	3925	3940	3942	9	326	1146
2009-10-26	3942	3950	4005	3950	3997	3986	44	482	1492
2009-10-27	3986	4005	4005	3957	3985	3977	-9	110	1546
2009-10-28	3977	3945	3974	3935	3957	3956	-21	30	1552
2009-10-29	3956	3900	3920	3894	3907	3909	-47	142	1580
2009-10-30	3909	3956	3959	3941	3946	3952	43	484	1872
2009-11-02	3952	3938	3988	3938	3988	3962	10	398	2090
2009-11-03	3962	4016	4016	3975	3980	3990	28	384	2216
2009-11-04	3990	4011	4011	3976	4000	3996	6	38	2232
2009-11-05	3996	4023	4038	4023	4037	4034	38	32	2252
2009-11-06	4034	4060	4119	4060	4119	4102	68	316	2470
2009-11-09	4102	4154	4250	4141	4248	4224	122	234	2636
2009-11-10	4224	4230	4235	4204	4231	4217	-7	92	2624
2009-11-11	4217	4239	4314	4239	4251	4252	35	100	2666
2009-11-12	4252	4250	4267	4232	4257	4253	1	70	2670
2009-11-13	4253	4248	4303	4248	4300	4283	30	60	2696
2009-11-16	4283	4346	4348	4325	4331	4340	57	154	2782
2009-11-17	4340	4326	4350	4325	4336	4336	-4	58	2786
2009-11-18	4336	4344	4388	4344	4370	4363	27	48	2786
2009-11-19	4363	4390	4425	4390	4408	4411	48	62	2796
2009-11-20	4411	4424	4424	4392	4411	4402	-9	16	2808
2009-11-23	4402	4440	4457	4430	4430	4440	38	28	2812
2009-11-24	4440	4458	4458	4383	4383	4435	-5	32	2828
2009-11-25	4435	4427	4450	4400	4443	4431	-4	50	2830
2009-11-26	4431	4453	4475	4441	4443	4448	17	66	2842
2009-11-27	4448	4341	4341	4270	4280	4327	-121	46	2832
2009-11-30	4327	4343	4360	4330	4348	4352	25	36	2826
2009-12-01	4352	?	?	?	4352	4352	0	?	2826
2009-12-02	4352	4357	4398	4357	4398	4378	26	14	2826
2009-12-03	4378	4400	4408	4381	4395	4399	21	138	2826
2009-12-04	4399	4385	4400	4384	4400	4393	-6	14	2828
2009-12-07	4393	4429	4436	4409	4436	4430	37	48	2828
2009-12-08	4430	4436	4436	4348	4390	4399	-31	156	2834
2009-12-09	4399	4353	4353	4325	4353	4348	-51	12	2834
2009-12-10	4348	4388	4388	4335	4376	4355	7	34	2826
2009-12-11	4355	4408	4430	4408	4430	4412	57	12	2826
2009-12-14	4412	4428	4435	4428	4435	4430	18	6	2826
2009-12-15	4430	4250	4439	4250	4392	4330	-100	462	2836
2009-12-16	4330	4400	4420	4373	4400	4403	73	90	2830
2009-12-17	4403	4426	4430	4407	4422	4423	20	36	2832
2009-12-18	4423	4400	4420	4392	4420	4403	-20	14	2830
2009-12-21	4403	4380	4390	4380	4390	4384	-19	8	2828
2009-12-22	4384	4393	4404	4378	4390	4392	8	38	2828
2009-12-23	4392	4360	4380	4360	4380	4361	-31	30	2828
2009-12-24	4361	4382	4420	4370	4420	4385	24	38	2830
2009-12-25	4385	4399	4437	4398	4421	4418	33	16	2830
2009-12-28	4418	4470	4470	4403	4440	4440	22	24	2836
2009-12-29	4440	4460	4460	4429	4442	4446	6	14	2836
2009-12-30	4446	4441	4441	4441	4441	4441	-5	10	2836
2009-12-31	4441	4440	4440	4425	4437	4433	-8	64	2834
2010-01-04	4433	4483	4486	4483	4486	4485	52	8	2834
2010-01-05	4485	4462	4486	4462	4486	4479	-6	12	2834
2010-01-06	4479	4486	4530	4486	4505	4500	21	94	2834
2010-01-07	4500	4550	4569	4343	4402	4427	-73	140	2828
2010-01-08	4427	4440	4440	4396	4433	4412	-15	58	2824
2010-01-11	4412	4450	4495	4450	4485	4476	64	60	2824
2010-01-12	4476	4453	4480	4452	4480	4468	-8	22	2826
2010-01-13	4468	4449	4449	4410	4410	4428	-40	56	2820
2010-01-14	4428	4465	4468	4446	4446	4459	31	16	2824
2010-01-15	4459	4435	4435	4395	4414	4410	-49	14	2822
2010-01-18	4410	4408	4408	4408	4408	4408	-2	2	2822
2010-01-19	4408	4433	4433	4412	4428	4427	19	22	2822
2010-01-20	4427	?	?	?	4425	4425	-2	?	2822
2010-01-21	4425	4365	4400	4365	4400	4390	-35	12	2822
2010-01-22	4390	4430	4430	4341	4346	4369	-21	12	2818
2010-01-25	4369	4347	4347	4299	4305	4321	-48	20	2812
2010-01-26	4321	4285	4310	4265	4296	4295	-26	14	2808
2010-01-27	4295	4312	4335	4296	4320	4316	21	32	2804
2010-01-28	4316	4271	4314	4271	4310	4296	-20	30	2804
2010-01-29	4296	4288	4314	4288	4301	4300	4	8	2806
2010-02-01	4300	?	?	?	4300	4300	0	?	2806
2010-02-02	4300	4273	4273	4155	4155	4239	-61	42	2808
2010-02-03	4239	4170	4210	4167	4210	4197	-42	44	2806
2010-02-04	4197	4180	4180	4150	4168	4170	-27	72	2808
2010-02-05	4170	4143	4158	4143	4158	4149	-21	8	2806
2010-02-08	4149	4180	4180	4153	4155	4162	13	32	2792
2010-02-09	4162	4177	4190	4147	4190	4171	9	30	2790
2010-02-10	4171	4200	4225	4200	4225	4210	39	26	2788
2010-02-11	4210	4215	4232	4202	4225	4218	8	8	2788
2010-02-12	4218	4275	4280	4272	4280	4278	60	16	2786
2010-02-22	4278	4419	4419	4231	4265	4264	-14	18	2786
2010-02-23	4264	4270	4307	4256	4305	4297	33	42	2816
2010-02-24	4297	4216	4293	4216	4279	4272	-25	36	2810
2010-02-25	4272	4299	4299	4265	4280	4272	0	42	2806
2010-02-26	4272	4250	4300	4250	4283	4275	3	18	2804
2010-03-01	4275	4303	4328	4303	4328	4312	37	40	2804
2010-03-02	4312	4270	4294	4270	4275	4278	-34	20	2802
2010-03-03	4278	4280	4280	4277	4278	4277	-1	46	2796
2010-03-04	4277	4245	4252	4207	4207	4225	-52	38	2792
2010-03-05	4225	4205	4250	4205	4250	4240	15	28	2802
2010-03-08	4240	4295	4300	4287	4297	4295	55	58	2808
2010-03-09	4295	4330	4343	4330	4343	4336	41	6	2806
2010-03-10	4336	4350	4350	4340	4340	4343	7	6	2806
2010-03-11	4343	4338	4357	4338	4350	4347	4	26	2808
2010-03-12	4347	4351	4351	4351	4351	4351	4	8	2800
2010-03-15	4351	4388	4398	4349	4349	4379	28	14	2796
2010-03-16	4379	4379	4488	4378	4468	4422	43	190	2776
2010-03-17	4422	4490	4490	4450	4450	4484	62	60	2802
2010-03-18	4484	4432	4450	4432	4450	4445	-39	22	2804
2010-03-19	4445	4459	4460	4435	4460	4444	-1	22	2810
2010-03-22	4444	4594	4594	4389	4500	4516	72	38	2800
2010-03-23	4516	4481	4498	4481	4498	4492	-24	6	2800
2010-03-24	4492	4500	4500	4500	4500	4500	8	10	2800
2010-03-25	4500	4529	4529	4529	4529	4529	29	4	2800
2010-03-26	4529	4540	4595	4540	4540	4554	25	48	2820
2010-03-29	4554	4585	4585	4511	4560	4541	-13	18	2820
2010-03-30	4541	4575	4575	4520	4564	4545	4	48	2810
2010-03-31	4545	4481	4501	4481	4500	4490	-55	8	2812
2010-04-01	4490	4459	4508	4459	4508	4488	-2	34	2810
2010-04-02	4488	4509	4515	4496	4515	4507	19	10	2804
2010-04-06	4507	4540	4575	4535	4563	4556	49	18	2804
2010-04-07	4556	4556	4594	4556	4594	4578	22	46	2792
2010-04-09	4580	4562	4610	4562	4610	4584	4	8	2790
2010-04-12	4584	4691	4691	4626	4644	4643	59	38	2796
2010-04-13	4643	4639	4671	4639	4670	4658	15	32	2786
2010-04-14	4658	4670	4670	4645	4650	4654	-4	46	2790
2010-04-15	4654	4640	4642	4628	4628	4636	-18	24	2776
2010-04-16	4636	4601	4650	4601	4650	4630	-6	10	2774
2010-04-19	4630	4675	4675	4577	4580	4622	-8	112	2772
2010-04-20	4622	4580	4580	4580	4580	4580	-42	6	2772
2010-04-21	4580	4570	4580	4560	4560	4570	-10	8	2770
2010-04-22	4570	4584	4584	4551	4551	4569	-1	12	2770
2010-04-23	4569	4535	4535	4535	4535	4535	-34	4	2768
2010-04-26	4535	4535	4558	4500	4510	4524	-11	44	2760
2010-04-27	4524	4585	4585	4456	4488	4491	-33	28	2768
2010-04-28	4491	4529	4529	4420	4420	4436	-55	68	2762
2010-04-29	4436	4459	4459	4401	4409	4428	-8	62	2774
2010-04-30	4428	4428	4448	4417	4448	4424	-4	28	2774
2010-05-04	4424	4450	4465	4450	4461	4458	34	24	2772
2010-05-05	4458	4450	4463	4430	4430	4439	-19	54	2770
2010-05-06	4439	4455	4455	4432	4432	4437	-2	12	2770
2010-05-07	4437	4430	4430	4225	4361	4370	-67	176	2678
2010-05-10	4370	4365	4365	4307	4330	4337	-33	144	2596
2010-05-11	4337	4373	4373	4290	4290	4312	-25	170	2510
2010-05-12	4312	4308	4308	4240	4241	4257	-55	684	2024
2010-05-13	4257	4310	4310	4220	4240	4237	-20	158	1952
2010-05-14	4237	4238	4242	4233	4242	4236	-1	8	1948
2010-05-17	4236	4148	4173	4081	4082	4095	-141	1344	1236
2010-05-18	4095	4095	4100	4056	4100	4066	-29	464	1096
2010-05-19	4066	4063	4159	4063	4124	4089	23	88	1094
2010-05-20	4089	4180	4180	4094	4111	4142	53	76	1076
2010-05-21	4142	4152	4152	4065	4138	4089	-53	50	1052
2010-05-24	4089	4192	4192	4106	4169	4167	78	106	1020
2010-05-25	4167	4177	4184	4150	4152	4171	4	26	1026
2010-05-26	4171	4174	4175	4143	4175	4162	-9	52	1010
2010-05-27	4162	4133	4185	4133	4180	4160	-2	12	1006
2010-05-28	4160	4162	4165	4162	4165	4164	4	12	1000
2010-05-31	4164	4130	4130	4130	4130	4130	-34	2	998
2010-06-01	4130	4121	4163	4113	4125	4138	8	514	894
2010-06-02	4138	4142	4149	4120	4139	4141	3	70	888
2010-06-03	4141	4170	4172	4130	4155	4156	15	74	862
2010-06-04	4156	4122	4144	4122	4144	4131	-25	24	864
2010-06-07	4131	3982	4050	3982	3988	4011	-120	256	838
2010-06-08	4011	4035	4040	4020	4028	4031	20	30	830
2010-06-09	4031	4040	4058	4040	4050	4053	22	144	778
2010-06-10	4053	4060	4060	4060	4060	4060	7	2	776
2010-06-11	4060	4071	4078	4071	4078	4077	17	22	760
2010-06-17	4077	4160	4160	4130	4133	4141	64	52	728
2010-06-18	4141	4120	4158	4120	4130	4140	-1	34	724
2010-06-21	4140	4114	4180	4114	4157	4133	-7	66	716
2010-06-22	4133	4118	4198	4118	4145	4144	11	60	710
2010-06-23	4144	4105	4129	4095	4103	4105	-39	48	682
2010-06-24	4105	4108	4115	4108	4115	4114	9	32	652
2010-06-25	4114	4165	4165	4093	4113	4113	-1	14	656
2010-06-28	4113	4110	4110	4067	4067	4090	-23	192	588
2010-06-29	4090	4055	4070	4021	4030	4029	-61	68	528
2010-06-30	4029	3983	3987	3983	3987	3985	-44	4	528
2010-07-01	3985	4004	4028	4004	4015	4016	31	34	518
2010-07-02	4016	4000	4040	3982	4021	4007	-9	278	444
2010-07-05	4007	4001	4028	4001	4019	4016	9	6	442
2010-07-06	4016	4027	4027	4027	4027	4027	11	56	388
2010-07-07	4027				4010	4010	-17		388
2010-07-08	4010				3990	3990	-20		388
2010-07-09	3990	3984	3985	3984	3985	3984	-6	18	378
2010-07-12	3984	3989	3989	3989	3989	3989	5	2	376
2010-07-13	3989	4000	4000	3970	3986	3992	3	198	216
2010-07-14	3992	3982	3995	3970	3988	3984	-8	122	130
2010-07-15	3984	3980	3982	3980	3980	3980	-4	48	84
2010-07-16	3980				3980	3980	0		84
2010-07-19	3980				3991	3991	11		84
2010-07-20	3991				4022	4022	31		84
2010-07-21	4022	4114	4114	4094	4094	4106	84	12	82
2010-07-22	4106	4093	4093	4075	4077	4083	-23	18	72
2010-07-23	4083				4094	4094	11		72
2010-07-26	4094	4075	4075	4075	4075	4075	-19	4	68
2010-07-27	4075	4061	4061	4061	4061	4061	-14	2	68
2010-07-28	4061	4090	4090	4090	4090	4090	29	12	56
2010-07-29	4090				4095	4095	5		56
2010-07-30	4095				4113	4113	18		56
2010-08-02	4113				4171	4171	58		56
2010-08-03	4171	4192	4195	4192	4195	4194	23	6	50
2010-08-04	4194				4194	4194	0		50
2010-08-05	4194				4194	4194	0		50
2010-08-06	4194	4151	4237	4151	4202	4196	2	6	48
2010-08-09	4196	4340	4340	4254	4254	4309	113	6	48
2010-08-10	4309				4309	4309	0		48
2010-08-11	4309	4309	4309	4309	4309	4309	0	6	42
2010-08-12	4309	4255	4255	4255	4255	4255	-54	2	42
2010-08-13	4255	4305	4305	4305	4305	4305	50	2	40
2010-08-16	4305	4350	4350	4350	4350	4350	45	4	36
2010-08-17	4350				4350	4350	0		36
2010-08-18	4350	4350	4380	4350	4380	4362	12	8	28
2010-08-19	4362				4362	4362	0		28
2010-08-20	4362				4362	4362	0		28
2010-08-23	4362				4362	4362	0		28
2010-08-24	4362				4362	4362	0		28
2010-08-25	4362				4362	4362	0		28
2010-08-26	4362	4315	4315	4315	4315	4315	-47	2	26
2010-08-27	4315	4515	4515	4401	4410	4430	115	24	24
2010-08-30	4430	4356	4356	4356	4356	4356	-74	2	22
2010-08-31	4356	4150	4460	4138	4450	4308	-48	42	
2010-09-01	4308				4450	4308	0		
2010-09-02	4308				4308	4308	0		
2010-09-03	4308				4308	4308	0		
2010-09-06	4308				4308	4308	0		
2010-09-07	4308				4308	4308	0		
2010-09-08	4308				4308	4308	0		
2010-09-09	4308				4308	4308	0		
2010-09-10	4308				4308	4308	0		
2010-09-13	4308				4308	4308	0		
2010-09-14	4308				4308	4308	0		
2010-09-15	4308				4308	4308	0		
