2009-03-27	?	3375	3480	3375	3414	3418	?	916	342
2009-03-30	3418	3439	3439	3395	3395	3432	14	34	326
2009-03-31	3432	3597	3597	3412	3442	3438	6	106	274
2009-04-01	3438	3442	3449	3439	3448	3443	5	26	260
2009-04-02	3443	3400	3439	3380	3390	3399	-44	212	274
2009-04-03	3399	3356	3374	3345	3370	3359	-40	252	310
2009-04-07	3359	3355	3470	3344	3411	3375	16	116	342
2009-04-08	3375	3391	3410	3360	3371	3398	23	18	342
2009-04-09	3398	3379	3388	3373	3388	3378	-20	52	372
2009-04-10	3378	3388	3430	3340	3383	3394	16	110	444
2009-04-13	3394	3430	3470	3400	3417	3422	28	132	504
2009-04-14	3422	3391	3495	3391	3445	3471	49	114	498
2009-04-15	3471	3495	3495	3474	3481	3484	13	82	522
2009-04-16	3484	3493	3537	3493	3537	3506	22	40	522
2009-04-17	3506	3537	3550	3525	3550	3542	36	18	516
2009-04-20	3542	3550	3620	3520	3558	3543	1	68	490
2009-04-21	3543	3510	3510	3431	3470	3454	-89	354	386
2009-04-22	3454	3470	3510	3460	3470	3471	17	276	366
2009-04-23	3471	3455	3460	3430	3458	3454	-17	80	378
2009-04-24	3454	3457	3457	3457	3457	3457	3	2	376
2009-04-27	3457	3457	3457	3420	3451	3434	-23	118	328
2009-04-28	3434	3431	3435	3431	3434	3432	-2	12	328
2009-04-29	3432	3440	3465	3433	3465	3458	26	32	318
2009-04-30	3458	3460	3662	3460	3497	3520	62	208	400
2009-05-04	3520	3546	3624	3546	3600	3576	56	190	462
2009-05-05	3576	3566	3595	3544	3551	3554	-22	52	460
2009-05-06	3554	3551	3570	3546	3564	3561	7	94	514
2009-05-07	3561	3552	3587	3550	3551	3560	-1	292	682
2009-05-08	3560	3569	3569	3537	3560	3558	-2	54	680
2009-05-11	3558	3579	3600	3563	3571	3580	22	264	584
2009-05-12	3580	3589	3589	3561	3584	3582	2	32	594
2009-05-13	3582	3600	3600	3564	3569	3582	0	94	564
2009-05-14	3582	3569	3569	3536	3552	3548	-34	116	526
2009-05-15	3548	3553	3553	3552	3552	3552	4	6	530
2009-05-18	3552	3565	3565	3565	3565	3565	13	2	530
2009-05-19	3565	3580	3580	3580	3580	3580	15	8	530
2009-05-20	3580	3511	3562	3511	3562	3521	-59	40	522
2009-05-21	3521	3562	3562	3552	3552	3555	34	6	518
2009-05-22	3555	3550	3550	3545	3550	3549	-6	12	516
2009-05-25	3549	3550	3573	3531	3531	3550	1	36	516
2009-05-26	3550	3540	3560	3540	3554	3552	2	8	510
2009-05-27	3552	3522	3555	3522	3555	3533	-19	6	506
2009-06-01	3533	3550	3587	3550	3587	3562	29	10	504
2009-06-02	3562	3620	3620	3595	3599	3609	47	60	518
2009-06-03	3609	3600	3633	3600	3610	3609	0	90	582
2009-06-04	3609	3603	3670	3601	3646	3630	21	322	720
2009-06-05	3630	3661	3715	3661	3692	3695	65	74	752
2009-06-08	3695	3716	3729	3695	3729	3715	20	72	768
2009-06-09	3715	3730	3730	3718	3718	3725	10	6	770
2009-06-10	3725	3720	3737	3720	3737	3730	5	154	888
2009-06-11	3730	3757	3840	3757	3815	3783	53	386	1144
2009-06-12	3783	3800	3847	3765	3775	3805	22	86	1150
2009-06-15	3805	3760	3797	3720	3757	3762	-43	328	1252
2009-06-16	3762	3753	3801	3753	3790	3791	29	120	1290
2009-06-17	3791	3785	3790	3771	3780	3778	-13	154	1328
2009-06-18	3778	3773	3778	3765	3765	3770	-8	100	1352
2009-06-19	3770	3783	3828	3780	3823	3808	38	612	1672
2009-06-22	3808	3802	3843	3802	3837	3833	25	2720	3970
2009-06-23	3833	3806	3811	3770	3792	3801	-32	332	4112
2009-06-24	3801	3802	3806	3789	3789	3800	-1	226	4134
2009-06-25	3800	3790	3805	3787	3787	3793	-7	322	4186
2009-06-26	3793	3790	3799	3772	3779	3783	-10	320	4290
2009-06-29	3783	3773	3773	3745	3750	3755	-28	432	4268
2009-06-30	3755	3754	3754	3739	3746	3749	-6	88	4256
2009-07-01	3749	3740	3760	3740	3754	3751	2	1000	5100
2009-07-02	3751	3762	3842	3762	3792	3790	39	610	5302
2009-07-03	3790	3783	3799	3779	3780	3788	-2	374	5384
2009-07-06	3788	3780	3795	3707	3707	3789	1	166	5386
2009-07-07	3789	3795	3797	3789	3792	3793	4	262	5448
2009-07-08	3793	3790	3793	3732	3780	3775	-18	370	5652
2009-07-09	3775	3777	3840	3764	3792	3779	4	648	6008
2009-07-10	3779	3795	3819	3788	3801	3803	24	548	6130
2009-07-13	3803	3829	3832	3808	3815	3819	16	412	6156
2009-07-14	3819	3820	3828	3819	3827	3824	5	532	6386
2009-07-15	3824	3828	3888	3828	3888	3858	34	3390	8244
2009-07-16	3858	3877	4036	3877	3911	3906	48	1904	8580
2009-07-17	3906	3911	3925	3880	3898	3893	-13	1452	8678
2009-07-20	3893	3898	3913	3891	3910	3903	10	1108	8552
2009-07-21	3903	3918	3928	3900	3918	3918	15	1358	8616
2009-07-22	3918	3938	3969	3926	3966	3950	32	1414	8640
2009-07-23	3950	3975	4003	3965	4000	3987	37	2042	8820
2009-07-24	3987	4065	4078	4005	4060	4042	55	3052	9454
2009-07-27	4042	4068	4130	4067	4129	4104	62	2992	9852
2009-07-28	4104	4137	4298	4100	4224	4173	69	4044	10248
2009-07-29	4173	4218	4299	4200	4273	4260	87	9114	10612
2009-07-30	4260	4253	4350	4248	4325	4289	29	6332	10916
2009-07-31	4289	4378	4503	4348	4503	4427	138	10208	8656
2009-08-03	4427	4647	4736	4647	4736	4712	285	9432	10148
2009-08-04	4712	4799	4858	4701	4705	4752	40	11152	8570
2009-08-05	4752	4710	4798	4693	4744	4732	-20	9816	7076
2009-08-06	4732	4742	4764	4696	4736	4730	-2	5148	7546
2009-08-07	4730	4710	4739	4543	4565	4623	-107	7116	6036
2009-08-10	4623	4565	4630	4480	4533	4531	-92	7440	5028
2009-08-11	4531	4568	4570	4467	4542	4534	3	4198	5170
2009-08-12	4534	4540	4550	4454	4454	4486	-48	3996	5010
2009-08-13	4486	4445	4519	4423	4446	4463	-23	3396	4706
2009-08-14	4463	4462	4462	4275	4299	4326	-137	3498	4312
2009-08-17	4326	4183	4319	4109	4220	4227	-99	2122	3864
2009-08-18	4227	4214	4273	4193	4212	4231	4	1468	3618
2009-08-19	4231	4151	4196	4019	4019	4102	-129	1304	3324
2009-08-20	4102	4019	4124	3960	4100	4033	-69	1472	2718
2009-08-21	4033	4060	4228	4060	4196	4177	144	1908	2504
2009-08-24	4177	4235	4329	4160	4161	4201	24	1306	2432
2009-08-25	4201	4080	4148	4070	4105	4100	-101	732	2292
2009-08-26	4100	4069	4148	4069	4114	4102	2	388	2244
2009-08-27	4102	4014	4123	4014	4116	4081	-21	448	2274
2009-08-28	4081	4149	4180	4005	4025	4063	-18	770	2648
2009-08-31	4063	3971	3986	3913	3913	3946	-117	1290	2602
2009-09-01	3946	3880	3937	3860	3866	3889	-57	1812	3098
2009-09-02	3889	3848	3848	3768	3768	3801	-88	526	3046
2009-09-03	3801	3797	3819	3740	3773	3761	-40	1106	3528
2009-09-04	3761	3760	3775	3739	3754	3759	-2	848	3850
2009-09-07	3759	3737	3738	3655	3655	3708	-51	1136	3920
2009-09-08	3708	3646	3775	3631	3690	3667	-41	438	3950
2009-09-09	3667	3709	3740	3692	3738	3716	49	524	4102
2009-09-10	3716	3728	3737	3681	3681	3711	-5	390	4092
2009-09-11	3711	3707	3717	3694	3701	3707	-4	206	4018
2009-09-14	3707	3710	3710	3636	3678	3679	-28	542	3640
2009-09-15	3679	3665	3682	3662	3668	3677	-2	60	3618
2009-09-16	3677	3690	3714	3572	3678	3675	-2	50	3614
2009-09-17	3675	3628	3676	3620	3626	3650	-25	218	3476
2009-09-18	3650	3626	3643	3610	3622	3626	-24	288	3400
2009-09-21	3626	3607	3616	3607	3609	3611	-15	268	3226
2009-09-22	3611	3624	3624	3574	3580	3593	-18	134	3216
2009-09-23	3593	3569	3580	3551	3551	3562	-31	96	3140
2009-09-24	3562	3535	3550	3492	3499	3535	-27	700	3232
2009-09-25	3535	3486	3548	3412	3450	3453	-82	268	3198
2009-09-28	3453	3420	3420	3377	3390	3387	-66	874	3024
2009-09-29	3387	3355	3449	3301	3412	3413	26	630	2752
2009-09-30	3413	3629	3629	3260	3480	3492	79	80	2700
2009-10-09	3492	?	?	?	3485	3485	-7	?	2700
2009-10-12	3485	?	?	?	3485	3485	0	?	2700
2009-10-13	3485	3361	3361	3361	3361	3361	-124	60	2640
2009-10-14	3361	3420	3450	3420	3450	3442	81	240	2460
2009-10-15	3442	?	?	?	3442	3442	0	?	2460
