2012-09-18					3650	3650	0		
2012-09-19	3650				3650	3650	0		
2012-09-20	3650				3577	3577	-73		
2012-09-21	3577				3579	3579	2		
2012-09-24	3579				3477	3477	-102		
2012-09-25	3477				3588	3588	111		
2012-09-26	3588				3588	3588	0		
2012-09-27	3588				3588	3588	0		
2012-09-28	3588				3588	3588	0		
2012-10-08	3588				3606	3606	18		
2012-10-10	3646				3666	3666	20		
2012-10-11	3666				3666	3666	0		
2012-10-12	3666				3666	3666	0		
2012-10-15	3666				3666	3666	0		
2012-10-16	3666				3666	3666	0		
2012-10-17	3666				3716	3716	50		
2012-10-18	3716				3715	3715	-1		
2012-10-19	3715				3702	3702	-13		
2012-10-22	3702				3716	3716	14		
2012-10-23	3716				3658	3658	-58		
2012-10-24	3658				3670	3670	12		
2012-10-25	3670				3670	3670	0		
2012-10-26	3670				3670	3670	0		
2012-10-29	3670				3693	3693	23		
2012-10-30	3693	3945	3945	3672	3672	3763	70	6	
2012-10-31	3763				3763	3763	0		
2012-11-01	3763				3795	3795	32		
2012-11-02	3795				3766	3766	-29		
