2009-06-03	3769	3930	3930	3785	3880	3874	105	22	2
2009-06-04	3874	?	?	?	3874	3874	0	?	2
2009-06-05	3874	3920	4000	3910	3910	3945	71	84	4
2009-06-08	3945	3900	4005	3900	4005	3992	47	20	14
2009-06-09	3992	4005	4005	3999	4000	4000	8	20	30
2009-06-10	4000	3999	4050	3995	4050	4012	12	66	86
2009-06-11	4012	4012	4115	4012	4044	4037	25	26	90
2009-06-12	4037	?	?	?	4037	4037	0	?	90
2009-06-15	4037	4074	4074	4031	4031	4057	20	40	114
2009-06-16	4057	4020	4115	4000	4022	4046	-11	158	202
2009-06-17	4046	4010	4079	4000	4016	4034	-12	100	260
2009-06-18	4034	4021	4029	4017	4020	4021	-13	14	268
2009-06-19	4021	4035	4035	4019	4022	4019	-2	116	382
2009-06-22	4019	4050	4050	4038	4038	4038	19	112	470
2009-06-23	4038	3867	4049	3867	3950	3884	-154	162	458
2009-06-24	3884	3950	3950	3922	3922	3947	63	22	458
2009-06-25	3947	3990	3990	3922	3929	3949	2	10	458
2009-06-26	3949	3934	3934	3915	3917	3921	-28	36	442
2009-06-29	3921	3890	3906	3875	3875	3887	-34	42	426
2009-06-30	3887	3887	3909	3886	3908	3901	14	50	404
2009-07-01	3901	3901	3908	3901	3908	3903	2	6	402
2009-07-02	3903	3883	3945	3879	3930	3920	17	46	416
2009-07-03	3920	3910	3910	3905	3905	3906	-14	22	408
2009-07-06	3906	3881	3905	3881	3905	3897	-9	26	410
2009-07-07	3897	3899	3899	3802	3896	3876	-21	22	414
2009-07-08	3876	3866	3869	3822	3869	3850	-26	32	416
2009-07-09	3850	3869	3869	3869	3869	3869	19	6	416
2009-07-10	3869	3888	3888	3886	3888	3887	18	10	416
2009-07-13	3887	3890	3890	3850	3870	3865	-22	18	418
2009-07-14	3865	3870	3882	3852	3857	3868	3	10	420
2009-07-15	3868	3898	3940	3898	3940	3918	50	14	416
2009-07-16	3918	3960	3960	3924	3949	3946	28	18	420
2009-07-17	3946	3980	3980	3980	3980	3980	34	80	500
2009-07-20	3980	?	?	?	3981	3981	1	?	500
2009-07-21	3981	4031	4031	4008	4008	4025	44	24	512
2009-07-22	4025	4087	4089	4040	4075	4083	58	46	550
2009-07-23	4083	4075	4075	4075	4075	4075	-8	4	554
2009-07-24	4075	4115	4167	4110	4141	4141	66	50	548
2009-07-27	4141	4166	4229	4155	4228	4196	55	72	530
2009-07-28	4196	4182	4280	4181	4280	4197	1	144	500
2009-07-29	4197	4380	4380	4224	4272	4268	71	28	482
2009-07-30	4268	4265	4370	4256	4280	4276	8	150	448
2009-07-31	4276	4306	4488	4306	4488	4424	148	32	454
2009-08-03	4424	4495	4645	4495	4645	4603	179	202	490
2009-08-04	4603	4680	4755	4672	4672	4723	120	136	438
2009-08-05	4723	4708	4771	4708	4768	4729	6	62	406
2009-08-06	4729	4737	4768	4671	4738	4708	-21	86	382
2009-08-07	4708	4650	4650	4481	4527	4574	-134	70	400
2009-08-10	4574	4666	4666	4471	4539	4542	-32	92	392
2009-08-11	4542	4640	4640	4532	4590	4586	44	20	396
2009-08-12	4586	4558	4558	4528	4528	4548	-38	10	402
2009-08-13	4548	4550	4555	4501	4550	4542	-6	128	422
2009-08-14	4542	4380	4518	4380	4464	4449	-93	50	426
2009-08-17	4449	4381	4529	4363	4410	4442	-7	96	432
2009-08-18	4442	4406	4406	4340	4340	4372	-70	24	440
2009-08-19	4372	4325	4325	4154	4154	4187	-185	38	460
2009-08-20	4187	4050	4219	4010	4155	4085	-102	144	458
2009-08-21	4085	4199	4264	4150	4208	4209	124	84	442
2009-08-24	4209	4251	4264	4222	4260	4246	37	24	452
2009-08-25	4246	4171	4277	4170	4207	4222	-24	46	446
2009-08-26	4222	4259	4259	4259	4259	4259	37	2	448
2009-08-27	4259	4240	4321	4240	4245	4276	17	8	448
2009-08-28	4276	4370	4370	4279	4279	4315	39	10	452
2009-08-31	4315	4297	4297	4151	4160	4209	-106	20	444
2009-09-01	4209	4047	4178	4047	4150	4137	-72	8	446
2009-09-02	4137	4138	4138	4093	4093	4122	-15	16	452
2009-09-03	4122	4169	4169	4055	4057	4072	-50	62	440
2009-09-04	4072	4003	4059	4003	4044	4034	-38	22	450
2009-09-07	4034	3962	4030	3900	3918	3943	-91	162	412
2009-09-08	3943	3842	3957	3842	3948	3936	-7	84	396
2009-09-09	3936	4022	4028	3982	4020	3998	62	94	412
2009-09-10	3998	4030	4039	3999	3999	4022	24	6	412
2009-09-11	4022	4019	4038	3999	3999	4020	-2	74	438
2009-09-14	4020	3940	4013	3940	4005	3977	-43	60	394
2009-09-15	3977	4018	4018	4018	4018	4018	41	2	394
2009-09-16	4018	4061	4062	4061	4062	4061	43	8	388
2009-09-17	4061	4052	4086	4043	4043	4051	-10	30	378
2009-09-18	4051	4039	4039	3985	3985	4027	-24	10	380
2009-09-21	4027	4056	4056	4025	4038	4038	11	30	362
2009-09-22	4038	4027	4038	4020	4020	4030	-8	8	364
2009-09-23	4030	4003	4003	3978	3985	3989	-41	8	364
2009-09-24	3989	3900	3924	3900	3911	3904	-85	30	356
2009-09-25	3904	3881	3922	3870	3870	3888	-16	38	336
2009-09-28	3888	3765	3850	3750	3761	3805	-83	78	366
2009-09-29	3805	3761	3859	3761	3859	3821	16	44	326
2009-09-30	3821	3859	3859	3810	3815	3832	11	18	320
2009-10-09	3832	3860	3876	3821	3821	3856	24	24	328
2009-10-12	3856	3840	3876	3791	3804	3817	-39	204	480
2009-10-13	3817	3840	3840	3768	3777	3792	-25	82	502
2009-10-14	3792	3783	3810	3780	3780	3791	-1	36	520
2009-10-15	3791	3810	3838	3800	3838	3820	29	14	522
2009-10-16	3820	3846	3848	3819	3842	3837	17	78	562
2009-10-19	3837	3865	3998	3851	3851	3909	72	298	654
2009-10-20	3909	3855	3890	3800	3855	3830	-79	208	616
2009-10-21	3830	3855	3889	3833	3882	3873	43	90	610
2009-10-22	3873	3900	3944	3869	3880	3886	13	52	616
2009-10-23	3886	3900	3919	3883	3910	3896	10	52	614
2009-10-26	3896	3820	3960	3820	3950	3940	44	116	610
2009-10-27	3940	3938	3953	3938	3953	3946	6	26	612
2009-10-28	3946	3954	3955	3900	3909	3935	-11	38	618
2009-10-29	3935	3840	3907	3840	3897	3880	-55	34	626
2009-10-30	3880	3920	3950	3893	3910	3924	44	66	650
2009-11-02	3924	3932	3950	3881	3933	3916	-8	112	656
2009-11-03	3916	3960	3961	3943	3943	3956	40	64	676
2009-11-04	3956	3956	3961	3956	3960	3958	2	12	678
2009-11-05	3958	3975	3980	3975	3980	3978	20	50	690
2009-11-06	3978	3980	4075	3980	4075	4043	65	122	694
2009-11-09	4043	4143	4190	4075	4145	4147	104	232	742
2009-11-10	4147	4145	4148	4102	4128	4122	-25	222	732
2009-11-11	4122	4110	4170	4110	4152	4146	24	208	764
2009-11-12	4146	4167	4287	4140	4151	4169	23	442	942
2009-11-13	4169	4151	4199	4150	4199	4181	12	162	968
2009-11-16	4181	4230	4268	4205	4205	4244	63	182	1052
2009-11-17	4244	4214	4250	4210	4237	4233	-11	86	1060
2009-11-18	4233	4299	4299	4165	4250	4254	21	516	1154
2009-11-19	4254	4255	4370	4255	4283	4279	25	398	1232
2009-11-20	4279	4298	4301	4250	4276	4271	-8	138	1236
2009-11-23	4271	4285	4321	4255	4321	4294	23	240	1278
2009-11-24	4294	4212	4340	4212	4254	4301	7	340	1310
2009-11-25	4301	4280	4308	4250	4303	4291	-10	304	1490
2009-11-26	4291	4336	4354	4259	4280	4306	15	132	1492
2009-11-27	4306	4250	4250	4091	4095	4147	-159	252	1494
2009-11-30	4147	4086	4199	4086	4170	4176	29	696	1890
2009-12-01	4176	4176	4188	4140	4167	4159	-17	348	2036
2009-12-02	4159	4196	4201	4142	4175	4182	23	344	2150
2009-12-03	4182	4175	4204	4172	4204	4184	2	458	2242
2009-12-04	4184	4153	4188	4153	4180	4169	-15	356	2438
2009-12-07	4169	4182	4202	4176	4183	4186	17	568	2766
2009-12-08	4186	4198	4198	4100	4137	4137	-49	502	2876
2009-12-09	4137	4100	4105	4051	4081	4086	-51	1328	3308
2009-12-10	4086	4050	4149	4050	4140	4110	24	1392	3584
2009-12-11	4110	4141	4205	4141	4201	4182	72	986	3792
2009-12-14	4182	4202	4234	4148	4234	4196	14	1758	3888
2009-12-15	4196	4230	4248	4001	4213	4214	18	2610	4322
2009-12-16	4214	4230	4239	4196	4220	4220	6	880	4234
2009-12-17	4220	4221	4250	4210	4218	4235	15	1428	4076
2009-12-18	4235	4210	4222	4208	4220	4215	-20	746	3892
2009-12-21	4215	4286	4286	4220	4255	4231	16	700	4038
2009-12-22	4231	4249	4273	4244	4252	4257	26	1302	4130
2009-12-23	4257	4252	4268	4232	4243	4250	-7	946	4372
2009-12-24	4250	4248	4290	4244	4280	4265	15	1388	4564
2009-12-25	4265	4287	4295	4266	4278	4283	18	530	4634
2009-12-28	4283	4320	4364	4261	4333	4321	38	1346	5124
2009-12-29	4321	4340	4340	4288	4309	4314	-7	1566	5436
2009-12-30	4314	4305	4309	4280	4285	4297	-17	856	5632
2009-12-31	4297	4285	4311	4278	4300	4296	-1	934	5930
2010-01-04	4296	4322	4384	4320	4340	4350	54	3144	7122
2010-01-05	4350	4330	4365	4330	4358	4352	2	2276	8148
2010-01-06	4352	4340	4389	4340	4377	4372	20	3126	9388
2010-01-07	4372	4377	4402	4160	4287	4310	-62	3850	8940
2010-01-08	4310	4287	4330	4222	4261	4259	-51	2000	8656
2010-01-11	4259	4302	4315	4282	4315	4300	41	1422	8920
2010-01-12	4300	4290	4310	4275	4293	4293	-7	2322	9878
2010-01-13	4293	4200	4249	4140	4218	4215	-78	1686	9802
2010-01-14	4215	4305	4305	4231	4237	4246	31	1156	10074
2010-01-15	4246	4215	4238	4163	4172	4191	-55	1402	10156
2010-01-18	4191	4141	4212	4139	4200	4184	-7	1008	10274
2010-01-19	4184	4214	4220	4167	4190	4196	12	1360	10588
2010-01-20	4196	4195	4198	4161	4172	4176	-20	688	10742
2010-01-21	4176	4158	4167	4135	4163	4152	-24	890	10854
2010-01-22	4152	4152	4152	4063	4080	4105	-47	794	10908
2010-01-25	4105	4100	4144	4076	4086	4094	-11	656	10894
2010-01-26	4094	4086	4102	4069	4079	4082	-12	1062	10672
2010-01-27	4082	4079	4120	4079	4118	4108	26	1280	11116
2010-01-28	4108	4100	4114	4061	4096	4098	-10	1980	11676
2010-01-29	4098	4080	4115	4080	4095	4097	-1	706	11624
2010-02-01	4097	4100	4129	4073	4089	4094	-3	762	11610
2010-02-02	4094	4100	4110	3929	3972	4002	-92	1728	11394
2010-02-03	4002	3980	3986	3928	3976	3962	-40	1364	11508
2010-02-04	3962	3966	3966	3900	3924	3925	-37	748	11446
2010-02-05	3925	3863	3920	3863	3913	3894	-31	1012	11398
2010-02-08	3894	3916	3935	3912	3930	3925	31	488	11370
2010-02-09	3925	3922	3966	3920	3954	3940	15	950	11136
2010-02-10	3940	3995	4025	3957	4000	3979	39	490	11088
2010-02-11	3979	4015	4029	3993	4024	4012	33	454	11046
2010-02-12	4012	4029	4092	4029	4092	4067	55	630	10988
2010-02-22	4067	4199	4199	4032	4032	4074	7	1758	11090
2010-02-23	4074	4000	4090	4000	4075	4069	-5	1088	11210
2010-02-24	4069	4069	4070	4030	4050	4049	-20	838	11226
2010-02-25	4049	4080	4080	4002	4015	4029	-20	1614	11190
2010-02-26	4029	4010	4025	3998	4025	4014	-15	2180	11584
2010-03-01	4014	4030	4067	4008	4022	4029	15	890	11602
2010-03-02	4029	4002	4019	3964	3976	3989	-40	888	11560
2010-03-03	3989	3989	3990	3940	3978	3973	-16	964	11548
2010-03-04	3973	3958	3983	3958	3965	3966	-7	380	11574
2010-03-05	3966	3980	3988	3967	3983	3976	10	668	11492
2010-03-08	3976	3922	4040	3922	4011	4006	30	396	11496
2010-03-09	4006	4005	4030	3995	4030	4010	4	416	11306
2010-03-10	4010	4029	4039	4016	4032	4027	17	264	11254
2010-03-11	4027	4040	4040	4006	4029	4021	-6	1242	10878
2010-03-12	4021	4059	4059	4029	4040	4040	19	644	10736
2010-03-15	4040	4048	4077	4042	4077	4061	21	990	10732
2010-03-16	4061	4078	4195	4078	4177	4151	90	2386	10600
2010-03-17	4151	4199	4240	4160	4165	4187	36	2202	10718
2010-03-18	4187	4165	4173	4141	4141	4154	-33	1284	10404
2010-03-19	4154	4131	4172	4131	4170	4159	5	856	10138
2010-03-22	4159	4152	4198	4152	4178	4184	25	3022	9450
2010-03-23	4184	4185	4191	4173	4180	4184	0	1602	9098
2010-03-24	4184	4180	4266	4175	4260	4229	45	3970	8726
2010-03-25	4229	4276	4324	4252	4312	4285	56	2778	8990
2010-03-26	4285	4310	4369	4302	4315	4336	51	3414	9166
2010-03-29	4336	4310	4366	4290	4320	4324	-12	3190	8674
2010-03-30	4324	4330	4332	4270	4278	4296	-28	6384	8448
2010-03-31	4296	4284	4285	4256	4272	4273	-23	1164	8308
2010-04-01	4273	4275	4297	4250	4284	4279	6	1144	8328
2010-04-02	4279	4297	4299	4274	4290	4285	6	1334	8232
2010-04-06	4285	4299	4350	4291	4336	4311	26	1516	8326
2010-04-07	4311	4336	4374	4335	4367	4362	51	1672	8242
2010-04-09	4368	4374	4407	4358	4407	4385	17	572	8346
2010-04-12	4385	4417	4465	4389	4453	4435	50	2536	8542
2010-04-13	4435	4445	4507	4445	4504	4485	50	3786	8750
2010-04-14	4485	4504	4528	4481	4512	4512	27	3660	8762
2010-04-15	4512	4512	4525	4465	4475	4501	-11	3296	8524
2010-04-16	4501	4471	4496	4433	4490	4475	-26	1794	8582
2010-04-19	4475	4475	4482	4425	4431	4443	-32	1278	8214
2010-04-20	4443	4435	4466	4418	4428	4437	-6	778	7960
2010-04-21	4437	4442	4452	4391	4391	4409	-28	1400	8216
2010-04-22	4409	4392	4426	4391	4402	4412	3	1532	8168
2010-04-23	4412	4370	4409	4365	4365	4374	-38	798	8150
2010-04-26	4374	4390	4390	4325	4332	4343	-31	546	8114
2010-04-27	4343	4325	4325	4241	4261	4283	-60	814	8030
2010-04-28	4283	4180	4250	4180	4200	4224	-59	1708	7822
2010-04-29	4224	4176	4224	4176	4196	4213	-11	430	7704
2010-04-30	4213	4210	4400	4183	4290	4246	33	660	7680
2010-05-04	4246	4290	4290	4276	4276	4284	38	180	7680
2010-05-05	4284	4181	4275	4181	4275	4244	-40	900	7500
2010-05-06	4244	4265	4275	4265	4275	4271	27	240	7500
2010-05-07	4271	4260	4265	4241	4245	4247	-24	1560	7260
2010-05-10	4247	4230	4256	4200	4201	4224	-23	1020	6840
2010-05-11	4224	4220	4220	4200	4200	4204	-20	780	6720
2010-05-12	4204	4150	4150	3998	4097	4095	-109	600	6720
2010-05-13	4095	3981	4000	3980	4000	3985	-110	480	6720
2010-05-14	3985	4020	4020	3952	3960	3972	-13	540	6720
2010-05-17	3972	4070	4079	4034	4034	4053	81	540	6720
