2010-03-03	4477	4585	4585	4560	4560	4572	95	4	4
2010-03-04	4572	?	?	?	4572	4572	0	?	4
2010-03-05	4572	4570	4572	4570	4572	4571	-1	4	2
2010-03-08	4571	?	?	?	4571	4571	0	?	2
2010-03-09	4571	?	?	?	4571	4571	0	?	2
2010-03-10	4571	?	?	?	4571	4571	0	?	2
2010-03-11	4571	?	?	?	4571	4571	0	?	2
2010-03-12	4571	?	?	?	4571	4571	0	?	2
2010-03-15	4571	?	?	?	4571	4571	0	?	2
2010-03-16	4571	?	?	?	4606	4606	35	?	2
2010-03-17	4606	4606	4758	4606	4631	4679	73	12	2
2010-03-18	4679	4709	4709	4616	4619	4659	-20	16	2
2010-03-19	4659	?	?	?	4659	4659	0	?	2
2010-03-22	4659	?	?	?	4659	4659	0	?	2
2010-03-23	4659	?	?	?	4659	4659	0	?	2
2010-03-24	4659	4659	4659	4659	4659	4659	0	2	4
2010-03-25	4659	?	?	?	4659	4659	0	?	4
2010-03-26	4659	?	?	?	4659	4659	0	?	4
2010-03-29	4659	?	?	?	4659	4659	0	?	4
2010-03-30	4659	?	?	?	4659	4659	0	?	4
2010-03-31	4659	?	?	?	4659	4659	0	?	4
2010-04-01	4659	?	?	?	4659	4659	0	?	4
2010-04-02	4659	?	?	?	4672	4672	13	?	4
2010-04-06	4672	?	?	?	4672	4672	0	?	4
2010-04-07	4672	?	?	?	4672	4672	0	?	4
2010-04-09	4714	?	?	?	4714	4714	0	?	4
2010-04-12	4714	?	?	?	4720	4720	6	?	4
2010-04-13	4720	4760	4811	4750	4811	4781	61	188	6
2010-04-14	4781	4811	4811	4811	4811	4811	30	4	4
2010-04-15	4811	4737	4737	4720	4720	4728	-83	4	8
2010-04-16	4728	?	?	?	4728	4728	0	?	8
2010-04-19	4728	?	?	?	4728	4728	0	?	8
2010-04-20	4728	4727	4727	4727	4727	4727	-1	2	8
2010-04-21	4727	?	?	?	4727	4727	0	?	8
2010-04-22	4727	?	?	?	4720	4720	-7	?	8
2010-04-23	4720	?	?	?	4720	4720	0	?	8
2010-04-26	4720	?	?	?	4720	4720	0	?	8
2010-04-27	4720	4651	4651	4591	4605	4612	-108	30	30
2010-04-28	4612	4610	4610	4502	4502	4565	-47	28	26
2010-04-29	4565	4567	4590	4555	4555	4576	11	26	4
2010-04-30	4576	4563	4656	4563	4604	4582	6	46	14
2010-05-04	4582	4610	4627	4610	4627	4617	35	6	10
2010-05-05	4617	4616	4616	4616	4616	4616	-1	2	8
2010-05-06	4616	?	?	?	4616	4616	0	?	8
2010-05-07	4616	4600	4600	4600	4600	4600	-16	2	8
2010-05-10	4600	4506	4506	4506	4506	4506	-94	4	10
2010-05-11	4506	?	?	?	4497	4497	-9	?	10
2010-05-12	4497	?	?	?	4466	4466	-31	?	10
2010-05-13	4466	?	?	?	4466	4466	0	?	10
2010-05-14	4466	4424	4424	4424	4424	4424	-42	2	12
2010-05-17	4424	4302	4302	4302	4302	4302	-122	2	10
2010-05-18	4302	4208	4208	4208	4208	4208	-94	2	10
2010-05-19	4208	?	?	?	4216	4216	8	?	10
2010-05-20	4216	?	?	?	4217	4217	1	?	10
2010-05-21	4217	?	?	?	4223	4223	6	?	10
2010-05-24	4223	?	?	?	4270	4270	47	?	10
2010-05-25	4270	?	?	?	4270	4270	0	?	10
2010-05-26	4270	?	?	?	4270	4270	0	?	10
2010-05-27	4270	4290	4290	4290	4290	4290	20	2	8
2010-05-28	4290	4360	4360	4360	4360	4360	70	2	8
2010-05-31	4360	4298	4298	4298	4298	4298	-62	2	6
2010-06-01	4298	?	?	?	4297	4297	-1	?	6
2010-06-02	4297	?	?	?	4282	4282	-15	?	6
2010-06-03	4282	4245	4245	4245	4245	4245	-37	2	6
2010-06-04	4245	?	?	?	4245	4245	0	?	6
2010-06-07	4245	4048	4088	4048	4088	4068	-177	4	6
2010-06-08	4068	4117	4117	4117	4117	4117	49	2	6
2010-06-09	4117				4117	4117	0		6
2010-06-10	4117	4110	4191	4110	4126	4142	25	6	6
2010-06-11	4142				4142	4142	0		6
2010-06-17	4142				4142	4142	0		6
2010-06-18	4142				4142	4142	0		6
2010-06-21	4142				4201	4201	59		6
2010-06-22	4201				4201	4201	0		6
2010-06-23	4201				4201	4201	0		6
2010-06-24	4201				4201	4201	0		6
2010-06-25	4201				4200	4200	-1		6
2010-06-28	4200				4200	4200	0		6
2010-06-29	4200				4165	4165	-35		6
2010-06-30	4165				4162	4162	-3		6
2010-07-01	4162				4151	4151	-11		6
2010-07-02	4151				4151	4151	0		6
2010-07-05	4151				4151	4151	0		6
2010-07-06	4151	4180	4180	4150	4150	4165	14	4	8
2010-07-07	4165				4165	4165	0		8
2010-07-08	4165				4165	4165	0		8
2010-07-09	4165	4131	4131	4131	4131	4131	-34	4	12
2010-07-12	4131				4146	4146	15		12
2010-07-13	4146				4146	4146	0		12
2010-07-14	4146				4138	4138	-8		12
2010-07-15	4138				4138	4138	0		12
2010-07-16	4138				4138	4138	0		12
2010-07-19	4138				4147	4147	9		12
2010-07-20	4147	4226	4227	4226	4227	4226	79	4	10
2010-07-21	4226				4226	4226	0		10
2010-07-22	4226				4226	4226	0		10
2010-07-23	4226				4260	4260	34		10
2010-07-26	4260				4260	4260	0		10
2010-07-27	4260				4260	4260	0		10
2010-07-28	4260				4272	4272	12		10
2010-07-29	4272	4272	4272	4272	4272	4272	0	2	12
2010-07-30	4272				4272	4272	0		12
2010-08-02	4272	4388	4390	4388	4390	4389	117	4	10
2010-08-03	4389				4389	4389	0		10
2010-08-04	4389				4389	4389	0		10
2010-08-05	4389				4389	4389	0		10
2010-08-06	4389	4389	4389	4389	4389	4389	0	2	10
2010-08-09	4389				4405	4405	16		10
2010-08-10	4405				4405	4405	0		10
2010-08-11	4405				4410	4410	5		10
2010-08-12	4410	4420	4420	4420	4420	4420	10	2	10
2010-08-13	4420	4414	4414	4414	4414	4414	-6	2	10
2010-08-16	4414				4435	4435	21		10
2010-08-17	4435				4435	4435	0		10
2010-08-18	4435				4435	4435	0		10
2010-08-19	4435				4435	4435	0		10
2010-08-20	4435	4385	4385	4385	4385	4385	-50	2	12
2010-08-23	4385				4385	4385	0		12
2010-08-24	4385				4385	4385	0		12
2010-08-25	4385				4385	4385	0		12
2010-08-26	4385				4385	4385	0		12
2010-08-27	4385				4385	4385	0		12
2010-08-30	4385				4385	4385	0		12
2010-08-31	4385	4429	4429	4429	4429	4429	44	2	14
2010-09-01	4429				4429	4429	0		14
2010-09-02	4429	4452	4452	4452	4452	4452	23	4	12
2010-09-03	4452				4452	4452	0		12
2010-09-06	4452	4495	4650	4495	4602	4600	148	14	14
2010-09-07	4600	4609	4609	4609	4609	4609	9	2	16
2010-09-08	4609	4590	4590	4590	4590	4590	-19	2	16
2010-09-09	4590	4479	4577	4479	4577	4528	-62	4	14
2010-09-10	4528				4528	4528	0		14
2010-09-13	4528	4639	4639	4639	4639	4639	111	2	16
2010-09-14	4639	4511	4520	4465	4520	4501	-138	8	16
2010-09-15	4501				4501	4501	0		16
2010-09-16	4501				4501	4501	0		16
2010-09-17	4501				4460	4460	-41		16
2010-09-20	4460	4511	4511	4511	4511	4511	51	2	14
2010-09-21	4511				4511	4511	0		14
2010-09-27	4511	4511	4511	4400	4400	4427	-84	8	16
2010-09-28	4427				4427	4427	0		16
2010-09-29	4427	4359	4359	4359	4359	4359	-68	4	20
2010-09-30	4359				4359	4359	0		20
2010-10-08	4359	4311	4400	4311	4374	4367	8	18	18
2010-10-11	4367	4420	4420	4420	4420	4420	53	4	18
2010-10-12	4420				4420	4420	0		18
2010-10-13	4420				4420	4420	0		18
2010-10-14	4420	4385	4385	4385	4385	4385	-35	2	18
2010-10-15	4385				4385	4385	0		18
2010-10-18	4385				4385	4385	0		18
2010-10-19	4385	4362	4454	4362	4454	4408	23	4	20
2010-10-20	4408				4408	4408	0		20
2010-10-21	4408				4408	4408	0		20
2010-10-22	4408	4325	4430	4325	4430	4377	-31	4	18
2010-10-25	4377	4488	4490	4480	4480	4486	109	6	22
2010-10-26	4486	4450	4450	4450	4450	4450	-36	2	24
2010-10-27	4450				4444	4444	-6		24
2010-10-28	4444				4444	4444	0		24
2010-10-29	4444				4444	4444	0		24
2010-11-01	4444	4380	4380	4380	4380	4380	-64	2	26
2010-11-02	4380				4422	4422	42		26
2010-11-03	4422				4422	4422	0		26
2010-11-04	4422				4454	4454	32		26
2010-11-05	4454	4594	4594	4594	4594	4594	140	2	24
2010-11-08	4594				4594	4594	0		24
2010-11-09	4594	4600	4610	4600	4610	4606	12	6	24
2010-11-10	4606	4688	4688	4688	4688	4688	82	2	22
2010-11-11	4688				4688	4688	0		22
2010-11-12	4688	4687	4687	4530	4570	4606	-82	12	20
2010-11-15	4606				4606	4606	0		20
2010-11-16	4606	4700	4700	4555	4555	4627	21	480	20
2010-11-17	4627	4743	4743	4743	4743	4743	116	2	22
2010-11-18	4743				4690	4690	-53		22
2010-11-19	4690				4650	4650	-40		22
2010-11-22	4650	4747	4881	4510	4572	4676	26	20	20
2010-11-23	4676				4676	4676	0		20
2010-11-24	4676	4797	4797	4639	4639	4718	42	4	20
2010-11-25	4718				4718	4718	0		20
2010-11-26	4718	4709	4709	4601	4650	4653	-65	6	18
2010-11-29	4653				4653	4653	0		18
2010-11-30	4653	4660	4670	4660	4668	4666	13	6	16
2010-12-01	4666	4526	4630	4526	4566	4574	-92	6	12
2010-12-02	4574				4606	4606	32		12
2010-12-03	4606				4621	4621	15		12
2010-12-06	4621				4621	4621	0		12
2010-12-07	4621				4621	4621	0		12
2010-12-08	4621				4621	4621	0		12
2010-12-09	4621	4569	4569	4558	4558	4563	-58	4	12
2010-12-10	4563	4598	4646	4598	4646	4622	59	4	12
2010-12-13	4622				4646	4622	0		12
2010-12-14	4622				4622	4622	0		12
2010-12-15	4622				4622	4622	0		12
2010-12-16	4622				4622	4622	0		12
2010-12-17	4622				4652	4652	30		12
2010-12-20	4652				4656	4656	4		12
2010-12-21	4656				4656	4656	0		12
2010-12-22	4656				4656	4656	0		12
2010-12-23	4656				4656	4656	0		12
2010-12-24	4656	4715	4715	4715	4715	4715	59	2	12
2010-12-27	4715				4715	4715	0		12
2010-12-28	4715	4680	4680	4680	4680	4680	-35	2	12
2010-12-29	4680	4699	4699	4699	4699	4699	19	4	8
2010-12-30	4699	4732	4732	4732	4732	4732	33	6	2
2010-12-31	4732				4732	4732	0		2
2011-01-04	4732				4732	4732	0		2
2011-01-05	4732				4732	4732	0		2
2011-01-06	4732				4732	4732	0		2
2011-01-07	4732	4452	4550	4452	4550	4501	-231	4	2
2011-01-10	4501	4650	4650	4650	4650	4650	149	2	2
2011-01-11	4650				4650	4650	0		2
2011-01-12	4650				4650	4650	0		2
2011-01-13	4650	4415	4795	4415	4682	4625	-25	14	2
2011-01-14	4625	4848	4848	4848	4848	4848	223	2	
2011-01-17	4848				4848	4848	0		
2011-01-18	4848				4848	4848	0		
2011-01-19	4848				4848	4848	0		
2011-01-20	4848				4848	4848	0		
2011-01-21	4848				4848	4848	0		
2011-01-24	4848				4848	4848	0		
2011-01-25	4848				4848	4848	0		
2011-01-26	4848				4848	4848	0		
2011-01-27	4848				4848	4848	0		
2011-01-28	4848				4848	4848	0		
2011-01-31	4848				4848	4848	0		
2011-02-01	4848				4848	4848	0		
2011-02-09	4848				4848	4848	0		
2011-02-10	4848				4848	4848	0		
2011-02-11	4848				4848	4848	0		
2011-02-14	4848				4848	4848	0		
2011-02-15	4848				4848	4848	0		
