2009-06-16	?	3710	4190	3710	4061	4066	?	94	32
2009-06-17	4066	4040	4090	4040	4045	4062	-4	38	52
2009-06-18	4062	?	?	?	4049	4049	-13	?	52
2009-06-19	4049	?	?	?	4049	4049	0	?	52
2009-06-22	4049	4250	4250	4066	4067	4101	52	102	118
2009-06-23	4101	3909	4000	3909	4000	3910	-191	102	118
2009-06-24	3910	4000	4000	3952	3954	3962	52	10	118
2009-06-25	3962	?	?	?	3962	3962	0	?	118
2009-06-26	3962	3952	4008	3934	3936	3943	-19	48	118
2009-06-29	3943	3967	3967	3901	3930	3930	-13	96	136
2009-06-30	3930	3930	3943	3930	3930	3930	0	90	200
2009-07-01	3930	3928	3929	3910	3929	3927	-3	30	218
2009-07-02	3927	3944	3952	3940	3940	3945	18	22	222
2009-07-03	3945	3949	3955	3795	3930	3901	-44	14	220
2009-07-06	3901	3900	3915	3900	3908	3903	2	32	236
2009-07-07	3903	3909	3909	3900	3900	3900	-3	54	240
2009-07-08	3900	3860	3860	3750	3830	3831	-69	78	262
2009-07-09	3831	3830	3874	3830	3874	3859	28	10	262
2009-07-10	3859	3897	3897	3870	3870	3876	17	32	264
2009-07-13	3876	3899	3899	3899	3899	3899	23	2	264
2009-07-14	3899	3898	3925	3896	3898	3910	11	50	280
2009-07-15	3910	3945	4050	3944	3945	3967	57	48	302
2009-07-16	3967	3888	4008	3888	3980	3978	11	50	338
2009-07-17	3978	4000	4020	3981	4017	3995	17	28	334
2009-07-20	3995	4000	4025	4000	4010	4006	11	34	344
2009-07-21	4006	4035	4040	4035	4040	4036	30	16	344
2009-07-22	4036	4089	4142	4089	4104	4113	77	52	378
2009-07-23	4113	4141	4143	4101	4130	4125	12	30	386
2009-07-24	4125	4158	4185	4130	4173	4157	32	48	382
2009-07-27	4157	4190	4220	4190	4220	4199	42	26	390
2009-07-28	4199	4131	4331	4131	4241	4234	35	28	396
2009-07-29	4234	4331	4384	4200	4200	4349	115	34	392
2009-07-30	4349	4372	4372	4284	4286	4295	-54	252	492
2009-07-31	4295	4370	4507	4370	4507	4431	136	16	492
2009-08-03	4431	4651	4651	4630	4649	4635	204	138	546
2009-08-04	4635	4655	4778	4600	4700	4675	40	322	534
2009-08-05	4675	4700	4785	4700	4785	4713	38	104	502
2009-08-06	4713	4730	4730	4675	4723	4705	-8	26	494
2009-08-07	4705	4545	4698	4507	4510	4615	-90	44	502
2009-08-10	4615	4588	4588	4503	4515	4565	-50	66	540
2009-08-11	4565	4555	4620	4550	4582	4585	20	70	560
2009-08-12	4585	4530	4560	4514	4560	4526	-59	204	654
2009-08-13	4526	4520	4567	4520	4540	4541	15	10	650
2009-08-14	4541	4515	4515	4450	4460	4485	-56	110	572
2009-08-17	4485	4401	4401	4400	4400	4400	-85	26	566
2009-08-18	4400	4430	4430	4351	4351	4364	-36	12	560
2009-08-19	4364	4285	4285	4146	4146	4192	-172	32	558
2009-08-20	4192	4053	4180	4053	4165	4146	-46	12	560
2009-08-21	4146	4213	4213	4200	4201	4206	60	8	556
2009-08-24	4206	4303	4303	4303	4303	4303	97	16	572
2009-08-25	4303	4204	4300	4200	4283	4251	-52	52	590
2009-08-26	4251	4200	4249	4200	4249	4238	-13	10	584
2009-08-27	4238	4249	4249	4249	4249	4249	11	2	586
2009-08-28	4249	4250	4255	4250	4255	4252	3	4	586
2009-08-31	4252	4397	4397	4167	4167	4225	-27	30	582
2009-09-01	4225	4124	4164	4124	4164	4150	-75	6	580
2009-09-02	4150	4198	4198	4130	4130	4165	15	10	586
2009-09-03	4165	4106	4106	4088	4095	4093	-72	26	580
2009-09-04	4093	?	?	?	4090	4090	-3	?	580
2009-09-07	4090	4003	4003	3903	3947	3949	-141	212	528
2009-09-08	3949	3947	3976	3947	3976	3964	15	74	468
2009-09-09	3964	4094	4094	4094	4094	4094	130	10	462
2009-09-10	4094	4050	4088	4030	4038	4043	-51	52	454
2009-09-11	4043	4060	4060	4060	4060	4060	17	6	450
2009-09-14	4060	3993	4060	3993	4054	4033	-27	96	398
2009-09-15	4033	?	?	?	4046	4046	13	?	398
2009-09-16	4046	4100	4108	4095	4095	4102	56	12	398
2009-09-17	4102	4083	4083	4063	4063	4080	-22	24	402
2009-09-18	4080	4026	4058	4026	4057	4044	-36	10	400
2009-09-21	4044	?	?	?	4054	4054	10	?	400
2009-09-22	4054	4060	4060	4060	4060	4060	6	26	386
2009-09-23	4060	?	?	?	4060	4060	0	?	386
2009-09-24	4060	3941	3984	3941	3943	3956	-104	6	386
2009-09-25	3956	3956	3956	3919	3919	3937	-19	12	374
2009-09-28	3937	3933	3933	3845	3920	3902	-35	72	360
2009-09-29	3902	3870	3903	3855	3903	3879	-23	32	356
2009-09-30	3879	3903	3903	3806	3806	3866	-13	8	356
2009-10-09	3866	3852	3872	3852	3872	3862	-4	4	358
2009-10-12	3862	3816	3839	3816	3839	3823	-39	32	350
2009-10-13	3823	3860	3860	3748	3815	3819	-4	56	344
2009-10-14	3819	?	?	?	3819	3819	0	?	344
2009-10-15	3819	3770	3879	3770	3879	3824	5	4	346
2009-10-16	3824	3842	3899	3840	3899	3860	36	6	346
2009-10-19	3860	3880	3966	3880	3913	3915	55	114	366
2009-10-20	3915	3856	3880	3850	3880	3857	-58	18	364
2009-10-21	3857	3852	3885	3851	3885	3866	9	8	362
2009-10-22	3866	3925	3925	3885	3893	3900	34	14	372
2009-10-23	3900	3920	3926	3901	3912	3915	15	46	386
2009-10-26	3915	3962	3978	3951	3970	3960	45	194	506
2009-10-27	3960	3940	3964	3940	3959	3954	-6	382	850
2009-10-28	3954	3957	3957	3908	3910	3931	-23	52	860
2009-10-29	3931	3900	3900	3868	3880	3887	-44	10	860
2009-10-30	3887	3930	3930	3916	3916	3921	34	10	858
2009-11-02	3921	3912	3942	3912	3942	3924	3	12	854
2009-11-03	3924	3955	3963	3952	3952	3956	32	14	856
2009-11-04	3956	3980	3980	3961	3961	3968	12	32	854
2009-11-05	3968	3971	4002	3971	4002	3981	13	6	854
2009-11-06	3981	4006	4100	4006	4080	4052	71	58	848
2009-11-09	4052	4100	4199	4100	4169	4159	107	52	844
2009-11-10	4159	4151	4170	4145	4161	4155	-4	72	830
2009-11-11	4155	4164	4199	4164	4199	4181	26	8	826
2009-11-12	4181	4190	4193	4189	4189	4190	9	48	828
2009-11-13	4190	4188	4225	4180	4223	4200	10	24	820
2009-11-16	4200	4268	4285	4242	4285	4270	70	74	832
2009-11-17	4270	4280	4288	4275	4288	4281	11	6	832
2009-11-18	4281	4349	4349	4290	4290	4328	47	14	832
2009-11-19	4328	4390	4390	4325	4351	4350	22	44	826
2009-11-20	4350	4378	4378	4305	4337	4338	-12	46	828
2009-11-23	4338	4369	4369	4277	4340	4331	-7	68	822
2009-11-24	4331	4353	4400	4302	4302	4359	28	28	818
2009-11-25	4359	4360	4380	4336	4380	4357	-2	24	818
2009-11-26	4357	4420	4420	4400	4400	4409	52	8	816
2009-11-27	4409	4220	4291	4190	4190	4244	-165	42	818
2009-11-30	4244	4244	4279	4244	4245	4248	4	20	820
2009-12-01	4248	4251	4251	4225	4225	4238	-10	4	820
2009-12-02	4238	4266	4295	4266	4280	4278	40	12	822
2009-12-03	4278	4280	4280	4241	4241	4254	-24	6	820
2009-12-04	4254	4250	4269	4220	4265	4254	0	58	830
2009-12-07	4254	4260	4270	4259	4259	4264	10	42	822
2009-12-08	4264	4216	4230	4192	4192	4195	-69	46	860
2009-12-09	4195	4150	4190	4141	4175	4178	-17	58	834
2009-12-10	4178	4195	4204	4194	4204	4200	22	10	834
2009-12-11	4200	4255	4263	4245	4263	4257	57	34	834
2009-12-14	4257	4263	4309	4263	4294	4302	45	30	836
2009-12-15	4302	4281	4300	4277	4285	4286	-16	110	822
2009-12-16	4286	4311	4311	4293	4300	4307	21	36	806
2009-12-17	4307	4319	4320	4290	4290	4313	6	10	802
2009-12-18	4313	?	?	?	4308	4308	-5	?	802
2009-12-21	4308	4308	4308	4308	4308	4308	0	2	802
2009-12-22	4308	4306	4314	4306	4306	4312	4	20	802
2009-12-23	4312	?	?	?	4312	4312	0	?	802
2009-12-24	4312	4321	4321	4321	4321	4321	9	2	800
2009-12-25	4321	4340	4462	4340	4462	4383	62	6	802
2009-12-28	4383	4281	4426	4281	4376	4381	-2	10	800
2009-12-29	4381	?	?	?	4376	4376	-5	?	800
2009-12-30	4376	4376	4376	4376	4376	4376	0	2	800
2009-12-31	4376	4331	4359	4331	4359	4345	-31	4	800
2010-01-04	4345	4460	4460	4420	4420	4443	98	46	838
2010-01-05	4443	4457	4457	4335	4428	4427	-16	166	822
2010-01-06	4427	4441	4444	4441	4444	4442	15	24	822
2010-01-07	4442	4457	4457	4301	4351	4369	-73	78	858
2010-01-08	4369	4288	4347	4288	4345	4322	-47	78	836
2010-01-11	4322	4388	4388	4345	4365	4363	41	14	832
2010-01-12	4363	4330	4363	4330	4363	4343	-20	6	832
2010-01-13	4343	4260	4314	4260	4274	4265	-78	48	828
2010-01-14	4265	4274	4309	4274	4307	4293	28	10	828
2010-01-15	4293	4233	4233	4233	4233	4233	-60	2	828
2010-01-18	4233	4251	4256	4251	4256	4253	20	4	828
2010-01-19	4253	4233	4280	4233	4260	4257	4	6	828
2010-01-20	4257	4266	4266	4266	4266	4266	9	2	828
2010-01-21	4266	4280	4280	4218	4238	4235	-31	76	856
2010-01-22	4235	4180	4180	4160	4180	4171	-64	8	858
2010-01-25	4171	4135	4190	4135	4190	4162	-9	4	858
2010-01-26	4162	4195	4195	4135	4135	4175	13	6	858
2010-01-27	4175	4160	4198	4158	4196	4193	18	52	898
2010-01-28	4193	4189	4189	4189	4189	4189	-4	10	900
2010-01-29	4189	4161	4210	4161	4210	4185	-4	4	902
2010-02-01	4185	4230	4230	4230	4230	4230	45	2	900
2010-02-02	4230	4155	4155	4031	4050	4053	-177	588	876
2010-02-03	4053	4010	4065	4010	4060	4044	-9	92	842
2010-02-04	4044	4042	4042	3983	4020	4020	-24	166	802
2010-02-05	4020	3980	3990	3980	3980	3986	-34	126	764
2010-02-08	3986	4028	4028	4018	4018	4018	32	28	742
2010-02-09	4018	4020	4020	4020	4020	4020	2	4	738
2010-02-10	4020	?	?	?	4070	4070	50	?	738
2010-02-11	4070	4099	4099	4083	4083	4091	21	4	736
2010-02-12	4091	4050	4180	4050	4137	4126	35	8	738
2010-02-22	4126	4160	4160	4118	4118	4134	8	10	738
2010-02-23	4134	4164	4164	4090	4090	4132	-2	14	742
2010-02-24	4132	4125	4147	4125	4147	4136	4	8	736
2010-02-25	4136	4186	4186	4080	4099	4130	-6	52	762
2010-02-26	4130	4131	4131	4086	4100	4096	-34	12	768
2010-03-01	4096	4096	4120	4096	4110	4110	14	44	802
2010-03-02	4110	4120	4120	4061	4061	4096	-14	88	818
2010-03-03	4096	4060	4087	4060	4065	4070	-26	134	848
2010-03-04	4070	4078	4078	4054	4054	4066	-4	64	860
2010-03-05	4066	4070	4078	4070	4078	4074	8	10	866
2010-03-08	4074	4095	4124	4095	4105	4107	33	28	884
2010-03-09	4107	4100	4131	4086	4128	4111	4	40	888
2010-03-10	4111	4140	4140	4130	4130	4130	19	38	890
2010-03-11	4130	4126	4140	4104	4130	4125	-5	22	896
2010-03-12	4125	4140	4140	4136	4138	4137	12	70	940
2010-03-15	4137	4143	4165	4143	4152	4149	12	26	942
2010-03-16	4149	4152	4300	4152	4266	4215	66	1106	964
2010-03-17	4215	4296	4299	4237	4237	4273	58	124	970
2010-03-18	4273	4238	4242	4210	4224	4227	-46	160	894
2010-03-19	4227	4245	4267	4245	4267	4252	25	6	894
2010-03-22	4252	4257	4298	4246	4262	4271	19	58	908
2010-03-23	4271	4252	4268	4252	4256	4260	-11	22	904
2010-03-24	4260	4298	4300	4267	4296	4291	31	68	854
2010-03-25	4291	4301	4373	4301	4364	4321	30	140	808
2010-03-26	4321	4436	4436	4361	4380	4385	64	90	784
2010-03-29	4385	4419	4419	4372	4385	4390	5	40	792
2010-03-30	4390	4404	4405	4352	4352	4393	3	60	806
2010-03-31	4393	4350	4350	4330	4350	4346	-47	12	802
2010-04-01	4346	4330	4347	4330	4347	4338	-8	14	800
2010-04-02	4338	4375	4375	4347	4369	4363	25	14	798
2010-04-06	4363	4338	4398	4338	4386	4367	4	136	736
2010-04-07	4367	4469	4469	4372	4427	4418	51	310	698
2010-04-09	4408	4429	4447	4420	4447	4429	21	62	616
2010-04-12	4429	4450	4499	4450	4490	4487	58	72	578
2010-04-13	4487	4500	4540	4500	4535	4520	33	280	460
2010-04-14	4520	4558	4559	4531	4547	4539	19	86	422
2010-04-15	4539	4547	4638	4488	4501	4518	-21	318	424
2010-04-16	4518	4480	4524	4466	4524	4501	-17	192	444
2010-04-19	4501	4485	4494	4460	4466	4477	-24	98	430
2010-04-20	4477	4515	4515	4455	4482	4488	11	72	452
2010-04-21	4488	4460	4485	4458	4464	4462	-26	26	432
2010-04-22	4462	4470	4470	4460	4460	4465	3	66	414
2010-04-23	4465	4440	4456	4381	4381	4440	-25	50	390
2010-04-26	4440	4440	4440	4382	4399	4396	-44	110	336
2010-04-27	4396	4340	4360	4329	4340	4341	-55	98	348
2010-04-28	4341	4250	4305	4250	4272	4279	-62	68	346
2010-04-29	4279	4293	4293	4293	4293	4293	14	2	348
2010-04-30	4293	4281	4315	4281	4311	4295	2	46	368
2010-05-04	4295	4290	4318	4290	4318	4307	12	6	364
2010-05-05	4307	4299	4388	4288	4308	4304	-3	64	346
2010-05-06	4304	4303	4324	4303	4303	4310	6	14	346
2010-05-07	4310	4226	4267	4226	4264	4253	-57	62	342
2010-05-10	4253	4254	4254	4216	4235	4241	-12	122	330
2010-05-11	4241	4257	4288	4221	4240	4246	5	146	424
2010-05-12	4246	4176	4192	4141	4142	4160	-86	300	472
2010-05-13	4160	4117	4139	4117	4128	4131	-29	50	460
2010-05-14	4131	4072	4140	4063	4081	4103	-28	66	446
2010-05-17	4103	3981	4000	3956	4000	3986	-117	66	408
2010-05-18	3986	3906	3999	3906	3988	3951	-35	292	302
2010-05-19	3951	4010	4059	3980	4040	4014	63	186	296
2010-05-20	4014	4060	4060	4015	4015	4053	39	92	256
2010-05-21	4053	4025	4079	3990	4060	4055	2	84	256
2010-05-24	4055	4070	4089	4068	4089	4076	21	178	360
2010-05-25	4076	4062	4080	4062	4076	4072	-4	28	358
2010-05-26	4072	4071	4100	4071	4086	4088	16	150	414
2010-05-27	4088	4097	4097	4080	4080	4091	3	130	384
2010-05-28	4091	4081	4090	4081	4090	4087	-4	80	356
2010-05-31	4087	4050	4100	4050	4100	4069	-18	40	360
2010-06-01	4069	?	?	?	4069	4069	0	?	360
2010-06-02	4069	4080	4080	4080	4080	4080	11	360	540
2010-06-03	4080	4080	4080	4080	4080	4080	0	60	600
2010-06-04	4080	?	?	?	4080	4080	0	?	600
2010-06-07	4080	4200	4200	4045	4045	4108	28	180	540
2010-06-08	4108				4080	4080	-28		540
2010-06-09	4080	4125	4125	4125	4125	4125	45	120	540
2010-06-10	4125				4125	4125	0		540
2010-06-11	4125				4095	4095	-30		540
2010-06-17	4095				4095	4095	0		540
