2009-12-16	?	4532	4532	4532	4532	4532	?	2	2
2009-12-17	4532	4643	4643	4542	4542	4592	60	4	2
2009-12-18	4592	?	?	?	4592	4592	0	?	2
2009-12-21	4592	?	?	?	4585	4585	-7	?	2
2009-12-22	4585	?	?	?	4542	4542	-43	?	2
2009-12-23	4542	?	?	?	4542	4542	0	?	2
2009-12-24	4542	4485	4485	4485	4485	4485	-57	2	2
2009-12-25	4485	4646	4646	4566	4566	4606	121	4	4
2009-12-28	4606	4544	4600	4544	4566	4563	-43	14	10
2009-12-29	4563	4500	4502	4500	4502	4501	-62	4	10
2009-12-30	4501	4485	4485	4485	4485	4485	-16	2	10
2009-12-31	4485	4500	4500	4500	4500	4500	15	8	10
2010-01-04	4500	?	?	?	4500	4500	0	?	10
2010-01-05	4500	4506	4545	4506	4513	4516	16	14	16
2010-01-06	4516	4578	4578	4578	4578	4578	62	2	16
2010-01-07	4578	4608	4650	4550	4554	4595	17	10	16
2010-01-08	4595	4528	4593	4520	4530	4553	-42	20	18
2010-01-11	4553	?	?	?	4583	4583	30	?	18
2010-01-12	4583	?	?	?	4583	4583	0	?	18
2010-01-13	4583	?	?	?	4577	4577	-6	?	18
2010-01-14	4577	?	?	?	4577	4577	0	?	18
2010-01-15	4577	?	?	?	4573	4573	-4	?	18
2010-01-18	4573	4572	4595	4501	4540	4548	-25	30	18
2010-01-19	4548	4540	4558	4540	4540	4553	5	64	48
2010-01-20	4553	4601	4601	4601	4601	4601	48	2	46
2010-01-21	4601	?	?	?	4551	4551	-50	?	46
2010-01-22	4551	?	?	?	4550	4550	-1	?	46
2010-01-25	4550	?	?	?	4544	4544	-6	?	46
2010-01-26	4544	?	?	?	4520	4520	-24	?	46
2010-01-27	4520	?	?	?	4520	4520	0	?	46
2010-01-28	4520	?	?	?	4520	4520	0	?	46
2010-01-29	4520	?	?	?	4518	4518	-2	?	46
2010-02-01	4518	4494	4494	4472	4472	4483	-35	4	48
2010-02-02	4483	4270	4270	4270	4270	4270	-213	2	48
2010-02-03	4270	4272	4272	4272	4272	4272	2	2	48
2010-02-04	4272	?	?	?	4272	4272	0	?	48
2010-02-05	4272	4300	4300	4240	4240	4270	-2	4	48
2010-02-08	4270	4280	4280	4280	4280	4280	10	2	48
2010-02-09	4280	?	?	?	4280	4280	0	?	48
2010-02-10	4280	4368	4368	4368	4368	4368	88	2	48
2010-02-11	4368	?	?	?	4368	4368	0	?	48
2010-02-12	4368	4593	4593	4593	4593	4593	225	2	48
2010-02-22	4593	4352	4380	4352	4365	4359	-234	42	48
2010-02-23	4359	4390	4400	4384	4395	4392	33	14	46
2010-02-24	4392	?	?	?	4390	4390	-2	?	46
2010-02-25	4390	4435	4435	4435	4435	4435	45	2	44
2010-02-26	4435	4560	4560	4350	4410	4442	7	22	42
2010-03-01	4442	4488	4488	4488	4488	4488	46	2	42
2010-03-02	4488	?	?	?	4488	4488	0	?	42
2010-03-03	4488	4447	4447	4447	4447	4447	-41	4	42
2010-03-04	4447	?	?	?	4447	4447	0	?	42
2010-03-05	4447	?	?	?	4447	4447	0	?	42
2010-03-08	4447	4518	4518	4518	4518	4518	71	2	42
2010-03-09	4518	?	?	?	4518	4518	0	?	42
2010-03-10	4518	4550	4550	4497	4497	4514	-4	6	42
2010-03-11	4514	4542	4542	4451	4505	4497	-17	14	40
2010-03-12	4497	?	?	?	4497	4497	0	?	40
2010-03-15	4497	4545	4545	4444	4495	4501	4	24	40
2010-03-16	4501	4525	4593	4525	4593	4547	46	6	44
2010-03-17	4547	4593	4635	4593	4622	4617	70	22	46
2010-03-18	4617	?	?	?	4617	4617	0	?	46
2010-03-19	4617	4560	4600	4560	4600	4586	-31	12	42
2010-03-22	4586	4608	4608	4606	4606	4607	21	8	48
2010-03-23	4607	?	?	?	4607	4607	0	?	48
2010-03-24	4607	4600	4620	4600	4615	4614	7	24	64
2010-03-25	4614	4633	4633	4633	4633	4633	19	10	56
2010-03-26	4633	4645	4665	4640	4640	4652	19	14	60
2010-03-29	4652	4698	4698	4613	4686	4683	31	22	64
2010-03-30	4683	?	?	?	4680	4680	-3	?	64
2010-03-31	4680	?	?	?	4659	4659	-21	?	64
2010-04-01	4659	?	?	?	4655	4655	-4	?	64
2010-04-02	4655	4620	4630	4620	4630	4625	-30	4	64
2010-04-06	4625	4666	4666	4666	4666	4666	41	2	66
2010-04-07	4666	4680	4680	4680	4680	4680	14	2	68
2010-04-09	4681	4685	4704	4685	4704	4694	13	6	88
2010-04-12	4694	4720	4735	4716	4730	4727	33	32	88
2010-04-13	4727	4740	4740	4740	4740	4740	13	8	96
2010-04-14	4740	4730	4731	4717	4717	4726	-14	8	98
2010-04-15	4726	4710	4710	4680	4690	4691	-35	42	82
2010-04-16	4691	4690	4710	4690	4710	4696	5	6	86
2010-04-19	4696	4684	4692	4650	4652	4664	-32	60	68
2010-04-20	4664	?	?	?	4664	4664	0	?	68
2010-04-21	4664	4657	4657	4657	4657	4657	-7	2	66
2010-04-22	4657	?	?	?	4657	4657	0	?	66
2010-04-23	4657	?	?	?	4657	4657	0	?	66
2010-04-26	4657	?	?	?	4650	4650	-7	?	66
2010-04-27	4650	4600	4600	4600	4600	4600	-50	2	66
2010-04-28	4600	4500	4500	4500	4500	4500	-100	2	68
2010-04-29	4500	4502	4502	4500	4500	4501	1	8	68
2010-04-30	4501	4547	4547	4547	4547	4547	46	2	66
2010-05-04	4547	4565	4565	4565	4565	4565	18	2	64
2010-05-05	4565	4511	4516	4511	4516	4512	-53	6	66
2010-05-06	4512	4525	4525	4525	4525	4525	13	2	66
2010-05-07	4525	4525	4525	4437	4437	4495	-30	6	64
2010-05-10	4495	4442	4442	4442	4442	4442	-53	12	70
2010-05-11	4442	?	?	?	4433	4433	-9	?	70
2010-05-12	4433	4345	4365	4345	4365	4356	-77	6	74
2010-05-13	4356	4360	4388	4358	4359	4364	8	18	74
2010-05-14	4364	?	?	?	4353	4353	-11	?	74
2010-05-17	4353	4190	4247	4135	4141	4192	-161	28	78
2010-05-18	4192	?	?	?	4192	4192	0	?	78
2010-05-19	4192	?	?	?	4192	4192	0	?	78
2010-05-20	4192	?	?	?	4192	4192	0	?	78
2010-05-21	4192	?	?	?	4192	4192	0	?	78
2010-05-24	4192	4232	4232	4232	4232	4232	40	2	80
2010-05-25	4232	4238	4238	4238	4238	4238	6	2	78
2010-05-26	4238	4218	4218	4218	4218	4218	-20	2	80
2010-05-27	4218	?	?	?	4218	4218	0	?	80
2010-05-28	4218	4284	4284	4225	4225	4239	21	8	84
2010-05-31	4239	?	?	?	4216	4216	-23	?	84
2010-06-01	4216	4210	4210	4180	4180	4198	-18	10	86
2010-06-02	4198	4163	4164	4160	4160	4162	-36	10	88
2010-06-03	4162	4162	4164	4152	4152	4158	-4	10	88
2010-06-04	4158	4148	4148	4148	4148	4148	-10	4	90
2010-06-07	4148	4026	4026	4026	4026	4026	-122	2	92
2010-06-08	4026				4049	4049	23		92
2010-06-09	4049				4064	4064	15		92
2010-06-10	4064				4064	4064	0		92
2010-06-11	4064	4114	4114	4114	4114	4114	50	2	90
2010-06-17	4114				4114	4114	0		90
2010-06-18	4114	4204	4204	4141	4167	4170	56	14	84
2010-06-21	4170	4190	4235	4190	4235	4220	50	6	84
2010-06-22	4220	4190	4190	4190	4190	4190	-30	2	84
2010-06-23	4190	4110	4110	4110	4110	4110	-80	2	84
2010-06-24	4110				4121	4121	11		84
2010-06-25	4121				4121	4121	0		84
2010-06-28	4121	4112	4112	4112	4112	4112	-9	6	88
2010-06-29	4112	4070	4070	4070	4070	4070	-42	2	88
2010-06-30	4070	4006	4006	4006	4006	4006	-64	2	88
2010-07-01	4006				4006	4006	0		88
2010-07-02	4006	4009	4018	4009	4018	4013	7	4	86
2010-07-05	4013	4065	4065	4065	4065	4065	52	2	84
2010-07-06	4065	4065	4065	4065	4065	4065	0	4	88
2010-07-07	4065				4065	4065	0		88
2010-07-08	4065	4039	4099	4039	4084	4074	9	12	90
2010-07-09	4074	4010	4050	4010	4050	4030	-44	4	90
2010-07-12	4030				4031	4031	1		90
2010-07-13	4031	3952	4005	3952	4005	3985	-46	16	94
2010-07-14	3985	4009	4009	4008	4008	4008	23	8	90
2010-07-15	4008	4012	4025	4012	4025	4016	8	6	88
2010-07-16	4016				4016	4016	0		88
2010-07-19	4016	4059	4095	4059	4095	4074	58	6	84
2010-07-20	4074				4107	4107	33		84
2010-07-21	4107	4100	4150	4100	4150	4132	25	14	82
2010-07-22	4132				4132	4132	0		82
2010-07-23	4132				4167	4167	35		82
2010-07-26	4167				4167	4167	0		82
2010-07-27	4167	4167	4167	4167	4167	4167	0	2	80
2010-07-28	4167				4193	4193	26		80
2010-07-29	4193	4199	4250	4199	4229	4214	21	18	72
2010-07-30	4214	4235	4259	4235	4255	4253	39	22	62
2010-08-02	4253	4348	4348	4348	4348	4348	95	2	62
2010-08-03	4348				4348	4348	0		62
2010-08-04	4348	4333	4333	4319	4319	4326	-22	4	62
2010-08-05	4326	4322	4322	4322	4322	4322	-4	2	60
2010-08-06	4322				4322	4322	0		60
2010-08-09	4322				4331	4331	9		60
2010-08-10	4331	4356	4356	4356	4356	4356	25	6	54
2010-08-11	4356				4356	4356	0		54
2010-08-12	4356				4348	4348	-8		54
2010-08-13	4348				4348	4348	0		54
2010-08-16	4348	4370	4435	4336	4336	4382	34	30	52
2010-08-17	4382	4399	4399	4380	4380	4388	6	6	48
2010-08-18	4388				4388	4388	0		48
2010-08-19	4388				4388	4388	0		48
2010-08-20	4388	4383	4383	4325	4340	4349	-39	120	102
2010-08-23	4349	4403	4403	4309	4309	4356	7	4	102
2010-08-24	4356	4310	4310	4310	4310	4310	-46	12	90
2010-08-25	4310				4310	4310	0		90
2010-08-26	4310	4402	4402	4225	4321	4321	11	24	84
2010-08-27	4321	4370	4447	4370	4384	4404	83	14	90
2010-08-30	4404	4439	4440	4375	4390	4399	-5	28	72
2010-08-31	4399	4440	4440	4430	4430	4436	37	10	74
2010-09-01	4436	4420	4430	4420	4430	4425	-11	4	72
2010-09-02	4425	4424	4424	4420	4420	4421	-4	6	72
2010-09-03	4421				4421	4421	0		72
2010-09-06	4421	4488	4579	4488	4579	4509	88	10	78
2010-09-07	4509	4551	4575	4544	4554	4553	44	18	76
2010-09-08	4553				4553	4553	0		76
2010-09-09	4553	4540	4540	4475	4475	4529	-24	34	76
2010-09-10	4529				4529	4529	0		76
2010-09-13	4529	4540	4540	4540	4540	4540	11	2	74
2010-09-14	4540	4470	4470	4470	4470	4470	-70	6	68
2010-09-15	4470				4470	4470	0		68
2010-09-16	4470	4482	4482	4482	4482	4482	12	2	66
2010-09-17	4482	4420	4420	4420	4420	4420	-62	2	64
2010-09-20	4420				4420	4420	0		64
2010-09-21	4420				4400	4400	-20		64
2010-09-27	4400	4360	4360	4360	4360	4360	-40	4	64
2010-09-28	4360	4360	4360	4330	4330	4343	-17	16	52
2010-09-29	4343				4343	4343	0		52
2010-09-30	4343	4330	4330	4330	4330	4330	-13	2	50
2010-10-08	4330				4330	4330	0		50
2010-10-11	4330	4420	4420	4420	4420	4420	90	4	46
2010-10-12	4420				4420	4420	0		46
2010-10-13	4420	4358	4458	4358	4458	4408	-12	4	46
2010-10-14	4408	4460	4460	4459	4459	4459	51	4	44
2010-10-15	4459	4459	4459	4410	4410	4427	-32	26	36
2010-10-18	4427				4427	4427	0		36
2010-10-19	4427	4371	4492	4371	4492	4431	4	4	36
2010-10-20	4431	4480	4480	4420	4420	4456	25	10	32
2010-10-21	4456				4456	4456	0		32
2010-10-22	4456				4420	4420	-36		32
2010-10-25	4420	4371	4544	4371	4424	4460	40	14	34
2010-10-26	4460	4444	4444	4430	4430	4436	-24	8	26
2010-10-27	4436	4430	4430	4430	4430	4430	-6	2	24
2010-10-28	4430	4430	4430	4430	4430	4430	0	16	8
2010-10-29	4430	4499	4499	4490	4490	4494	64	4	8
2010-11-01	4494				4494	4494	0		8
2010-11-02	4494				4494	4494	0		8
2010-11-03	4494				4494	4494	0		8
2010-11-04	4494	4466	4466	4466	4466	4466	-28	2	6
2010-11-05	4466	4565	4565	4565	4565	4565	99	2	4
2010-11-08	4565	4511	4511	4511	4511	4511	-54	2	4
2010-11-09	4511	4736	4736	4736	4736	4736	225	2	4
2010-11-10	4736				4736	4736	0		4
2010-11-11	4736				4736	4736	0		4
2010-11-12	4736	4669	4669	4499	4499	4573	-163	6	4
2010-11-15	4573	4381	4381	4381	4381	4381	-192	2	4
2010-11-16	4381	4381	4587	4163	4587	4356	-25	64	6
2010-11-17	4356	4573	4573	4573	4573	4573	217	4	6
2010-11-18	4573	4787	4787	4588	4588	4687	114	4	4
2010-11-19	4687				4687	4687	0		4
2010-11-22	4687	4896	4896	4550	4550	4723	36	4	4
2010-11-23	4723				4700	4700	-23		4
2010-11-24	4700	4700	4700	4700	4700	4700	0	2	2
2010-11-25	4700				4700	4700	0		2
2010-11-26	4700	4670	4670	4670	4670	4670	-30	2	
2010-11-29	4670				4670	4670	0		
2010-11-30	4670				4670	4670	0		
2010-12-01	4670				4670	4670	0		
2010-12-02	4670				4670	4670	0		
2010-12-03	4670				4670	4670	0		
2010-12-06	4670				4670	4670	0		
2010-12-07	4670				4670	4670	0		
2010-12-08	4670				4670	4670	0		
2010-12-09	4670				4670	4670	0		
2010-12-10	4670				4670	4670	0		
2010-12-13	4670				4670	4670	0		
2010-12-14	4670				4670	4670	0		
2010-12-15	4670				4670	4670	0		
