2009-04-20	3645	3960	3960	3690	3690	3825	180	4	?
2009-04-22	3825	3636	3636	3636	3636	3636	-189	2	2
2009-04-23	3636	3472	3770	3472	3623	3651	15	50	4
2009-04-24	3651	3636	3738	3636	3738	3687	36	8	4
2009-04-27	3687	?	?	?	3687	3687	0	?	4
2009-04-28	3687	?	?	?	3687	3687	0	?	4
2009-04-29	3687	3602	3602	3602	3602	3602	-85	2	2
2009-04-30	3602	?	?	?	3620	3620	18	?	2
2009-05-04	3620	3620	3779	3620	3779	3699	79	4	2
2009-05-05	3699	3610	3750	3610	3662	3690	-9	22	4
2009-05-06	3690	?	?	?	3690	3690	0	?	4
2009-05-07	3690	3652	3846	3652	3770	3753	63	46	10
2009-05-08	3753	3840	3840	3840	3840	3840	87	2	12
2009-05-11	3840	?	?	?	3838	3838	-2	?	12
2009-05-12	3838	3785	3838	3785	3838	3811	-27	4	14
2009-05-13	3811	?	?	?	3811	3811	0	?	14
2009-05-14	3811	3800	3800	3755	3756	3769	-42	18	18
2009-05-15	3769	?	?	?	3769	3769	0	?	18
2009-05-18	3769	3698	3800	3698	3800	3749	-20	12	18
2009-05-19	3749	3780	3780	3780	3780	3780	31	4	18
2009-05-20	3780	?	?	?	3780	3780	0	?	18
2009-05-21	3780	?	?	?	3780	3780	0	?	18
2009-05-22	3780	3730	3779	3730	3779	3754	-26	4	22
2009-05-25	3754	3720	3755	3720	3750	3740	-14	20	30
2009-05-26	3740	3747	3747	3747	3747	3747	7	2	28
2009-05-27	3747	3720	3720	3720	3720	3720	-27	2	26
2009-06-01	3720	?	?	?	3721	3721	1	?	26
2009-06-02	3721	3848	3848	3806	3806	3839	118	18	32
2009-06-03	3839	3810	3840	3805	3820	3825	-14	446	34
2009-06-04	3825	?	?	?	3826	3826	1	?	34
2009-06-05	3826	3825	3960	3825	3893	3889	63	10	32
2009-06-08	3889	3819	3950	3819	3950	3923	34	12	38
2009-06-09	3923	3927	3927	3909	3909	3918	-5	8	38
2009-06-10	3918	3923	4063	3923	3956	3973	55	34	44
2009-06-11	3973	4019	4073	3934	4015	4017	44	38	50
2009-06-12	4017	4005	4005	4005	4005	4005	-12	8	58
2009-06-15	4005	3990	3990	3981	3984	3984	-21	28	54
2009-06-16	3984	3998	3998	3997	3998	3997	13	28	70
2009-06-17	3997	?	?	?	3997	3997	0	?	70
2009-06-18	3997	3989	3989	3988	3988	3988	-9	4	74
2009-06-19	3988	3988	3988	3988	3988	3988	0	8	82
2009-06-22	3988	3990	4016	3988	3990	4003	15	42	106
2009-06-23	4003	3841	3940	3841	3880	3865	-138	66	102
2009-06-24	3865	3903	3910	3868	3900	3897	32	44	104
2009-06-25	3897	3950	3950	3888	3895	3910	13	16	100
2009-06-26	3910	3900	3900	3896	3896	3898	-12	6	102
2009-06-29	3898	3927	3927	3927	3927	3927	29	20	120
2009-06-30	3927	3882	3940	3882	3925	3924	-3	58	172
2009-07-01	3924	3912	3912	3890	3890	3900	-24	136	236
2009-07-02	3900	3890	3949	3890	3949	3919	19	4	236
2009-07-03	3919	3860	3925	3860	3910	3891	-28	40	236
2009-07-06	3891	?	?	?	3891	3891	0	?	236
2009-07-07	3891	3991	3991	3891	3891	3941	50	12	236
2009-07-08	3941	3844	3844	3791	3824	3806	-135	96	236
2009-07-09	3806	3805	3834	3805	3834	3825	19	8	238
2009-07-10	3825	?	?	?	3829	3829	4	?	238
2009-07-13	3829	3845	3845	3833	3833	3839	10	8	236
2009-07-14	3839	3838	3867	3838	3844	3853	14	10	236
2009-07-15	3853	3888	3899	3888	3899	3893	40	36	234
2009-07-16	3893	3921	3921	3920	3920	3920	27	22	232
2009-07-17	3920	3910	3920	3910	3920	3911	-9	22	232
2009-07-20	3911	3970	3970	3938	3950	3947	36	26	216
2009-07-21	3947	3953	4005	3953	4005	3984	37	12	216
2009-07-22	3984	4090	4090	4090	4090	4090	106	18	234
2009-07-23	4090	4090	4090	4090	4090	4090	0	2	232
2009-07-24	4090	4125	4135	4101	4135	4124	34	20	232
2009-07-27	4124	4150	4165	4125	4125	4142	18	14	230
2009-07-28	4142	4220	4220	4161	4209	4189	47	12	230
2009-07-29	4189	4261	4261	4261	4261	4261	72	2	228
2009-07-30	4261	4240	4299	4240	4299	4278	17	24	230
2009-07-31	4278	4428	4428	4428	4428	4428	150	2	232
2009-08-03	4428	4649	4649	4615	4644	4629	201	160	324
2009-08-04	4629	4700	4764	4655	4702	4746	117	132	264
2009-08-05	4746	4654	4753	4654	4720	4717	-29	50	238
2009-08-06	4717	4702	4712	4671	4712	4684	-33	22	226
2009-08-07	4684	4655	4655	4464	4500	4516	-168	86	264
2009-08-10	4516	4650	4650	4457	4500	4567	51	100	260
2009-08-11	4567	4482	4629	4482	4568	4570	3	54	250
2009-08-12	4570	4500	4570	4481	4559	4509	-61	76	310
2009-08-13	4509	4520	4520	4520	4520	4520	11	2	310
2009-08-14	4520	4360	4523	4360	4424	4461	-59	136	296
2009-08-17	4461	4400	4400	4321	4321	4391	-70	60	296
2009-08-18	4391	4291	4291	4289	4289	4290	-101	4	298
2009-08-19	4290	4173	4173	4075	4075	4105	-185	16	298
2009-08-20	4105	4089	4148	4060	4110	4090	-15	38	290
2009-08-21	4090	4140	4240	4140	4200	4201	111	90	332
2009-08-24	4201	4276	4277	4276	4277	4276	75	4	334
2009-08-25	4276	4151	4215	4151	4185	4196	-80	46	340
2009-08-26	4196	4201	4256	4201	4253	4228	32	16	340
2009-08-27	4228	4210	4297	4210	4297	4253	25	4	340
2009-08-28	4253	4212	4214	4212	4214	4213	-40	50	318
2009-08-31	4213	4100	4137	4100	4137	4132	-81	16	304
2009-09-01	4132	4080	4080	4080	4080	4080	-52	2	304
2009-09-02	4080	?	?	?	4070	4070	-10	?	304
2009-09-03	4070	?	?	?	4057	4057	-13	?	304
2009-09-04	4057	4036	4036	3868	3868	3965	-92	76	306
2009-09-07	3965	3956	3960	3874	3900	3894	-71	232	236
2009-09-08	3894	3898	3898	3898	3898	3898	4	4	232
2009-09-09	3898	3960	3979	3950	3968	3967	69	22	226
2009-09-10	3967	3995	3995	3995	3995	3995	28	10	218
2009-09-11	3995	?	?	?	3988	3988	-7	?	218
2009-09-14	3988	?	?	?	3987	3987	-1	?	218
2009-09-15	3987	?	?	?	3987	3987	0	?	218
2009-09-16	3987	4020	4020	4020	4020	4020	33	2	218
2009-09-17	4020	4025	4026	4001	4001	4015	-5	26	218
2009-09-18	4015	3950	3977	3950	3977	3959	-56	6	214
2009-09-21	3959	?	?	?	3987	3987	28	?	214
2009-09-22	3987	?	?	?	3987	3987	0	?	214
2009-09-23	3987	?	?	?	3973	3973	-14	?	214
2009-09-24	3973	3850	3858	3850	3858	3852	-121	6	212
2009-09-25	3852	3860	3860	3860	3860	3860	8	4	210
2009-09-28	3860	3800	3800	3750	3750	3766	-94	14	208
2009-09-29	3766	?	?	?	3781	3781	15	?	208
2009-09-30	3781	3800	3800	3800	3800	3800	19	4	208
2009-10-09	3800	3770	3770	3770	3770	3770	-30	2	208
2009-10-12	3770	?	?	?	3769	3769	-1	?	208
2009-10-13	3769	3700	3700	3700	3700	3700	-69	2	210
2009-10-14	3700	3799	3799	3714	3760	3744	44	20	216
2009-10-15	3744	3779	3797	3779	3797	3788	44	4	216
2009-10-16	3788	3830	3830	3780	3816	3800	12	24	210
2009-10-19	3800	3860	3952	3840	3866	3874	74	86	260
2009-10-20	3874	3795	3850	3795	3850	3825	-49	28	262
2009-10-21	3825	3845	3845	3845	3845	3845	20	2	260
2009-10-22	3845	3880	3900	3877	3877	3881	36	14	254
2009-10-23	3881	3881	3882	3881	3882	3881	0	4	256
2009-10-26	3881	3900	3970	3900	3942	3939	58	30	268
2009-10-27	3939	3933	3942	3917	3942	3936	-3	16	270
2009-10-28	3936	3934	3934	3896	3908	3910	-26	16	276
2009-10-29	3910	3882	3886	3825	3859	3861	-49	22	264
2009-10-30	3861	3908	3908	3908	3908	3908	47	2	264
2009-11-02	3908	3890	3927	3832	3903	3900	-8	54	274
2009-11-03	3900	3925	3941	3915	3915	3929	29	14	268
2009-11-04	3929	?	?	?	3929	3929	0	?	268
2009-11-05	3929	3904	3959	3904	3931	3931	2	12	270
2009-11-06	3931	3979	4030	3974	3998	3989	58	28	274
2009-11-09	3989	4079	4150	4066	4084	4083	94	372	408
2009-11-10	4083	4128	4128	4065	4080	4087	4	134	320
2009-11-11	4087	4050	4098	4050	4096	4066	-21	242	266
2009-11-12	4066	4096	4096	4066	4070	4082	16	24	266
2009-11-13	4082	4090	4090	4090	4090	4090	8	8	266
2009-11-16	4090	4145	4145	4120	4120	4138	48	8	262
2009-11-17	4138	4170	4170	4093	4093	4136	-2	16	258
2009-11-18	4136	4082	4143	4082	4138	4128	-8	12	258
2009-11-19	4128	4150	4190	4148	4148	4173	45	50	278
2009-11-20	4173	4154	4170	4140	4145	4147	-26	86	288
2009-11-23	4147	4130	4206	4130	4206	4161	14	32	276
2009-11-24	4161	4238	4238	3952	4150	4170	9	108	340
2009-11-25	4170	4161	4188	4160	4174	4171	1	52	326
2009-11-26	4171	4206	4206	4190	4190	4195	24	10	320
2009-11-27	4195	4147	4147	4000	4000	4024	-171	108	294
2009-11-30	4024	4081	4081	4015	4067	4043	19	92	286
2009-12-01	4043	4012	4050	4012	4050	4036	-7	8	290
2009-12-02	4036	4065	4068	4065	4065	4065	29	48	308
2009-12-03	4065	4059	4066	4059	4066	4063	-2	8	302
2009-12-04	4063	4050	4050	4034	4034	4040	-23	12	306
2009-12-07	4040	4075	4075	4050	4050	4056	16	16	306
2009-12-08	4056	?	?	?	4056	4056	0	?	306
2009-12-09	4056	4000	4000	3862	3862	3982	-74	28	300
2009-12-10	3982	4001	4018	4000	4018	4002	20	62	298
2009-12-11	4002	4022	4064	4022	4062	4051	49	28	292
2009-12-14	4051	4061	4061	4061	4061	4061	10	2	292
2009-12-15	4061	4061	4069	4061	4069	4063	2	16	298
2009-12-16	4063	4075	4098	4050	4098	4059	-4	36	298
2009-12-17	4059	4067	4067	4060	4063	4061	2	22	288
2009-12-18	4061	4084	4091	4070	4091	4077	16	18	286
2009-12-21	4077	4119	4119	4085	4100	4106	29	16	278
2009-12-22	4106	4139	4139	4111	4111	4125	19	8	284
2009-12-23	4125	4112	4143	4112	4116	4128	3	12	290
2009-12-24	4128	4110	4150	4110	4150	4132	4	28	304
2009-12-25	4132	4130	4153	4130	4132	4140	8	38	298
2009-12-28	4140	4182	4184	4150	4184	4158	18	126	392
2009-12-29	4158	4061	4178	4061	4136	4127	-31	52	412
2009-12-30	4127	4110	4119	4102	4108	4110	-17	102	442
2009-12-31	4110	4139	4139	4109	4119	4119	9	178	576
2010-01-04	4119	4124	4172	4124	4144	4154	35	242	556
2010-01-05	4154	4120	4177	4120	4160	4144	-10	320	766
2010-01-06	4144	4135	4199	4135	4188	4170	26	416	1088
2010-01-07	4170	4180	4259	3973	4130	4167	-3	312	1222
2010-01-08	4167	4084	4110	4040	4098	4075	-92	66	1224
2010-01-11	4075	4028	4148	4028	4148	4127	52	368	1444
2010-01-12	4127	4106	4135	4105	4126	4119	-8	452	1848
2010-01-13	4119	4033	4099	4032	4075	4073	-46	254	1892
2010-01-14	4073	4110	4110	4093	4093	4103	30	152	1970
2010-01-15	4103	4087	4087	4050	4054	4060	-43	134	2054
2010-01-18	4060	4055	4080	4055	4062	4064	4	60	2094
2010-01-19	4064	4080	4090	4065	4065	4071	7	108	2138
2010-01-20	4071	4067	4067	4050	4050	4060	-11	6	2140
2010-01-21	4060	4072	4072	4050	4053	4054	-6	46	2148
2010-01-22	4054	4007	4015	3950	3987	3987	-67	52	2160
2010-01-25	3987	3987	3993	3955	3960	3965	-22	164	2212
2010-01-26	3965	3969	3969	3935	3941	3941	-24	374	2442
2010-01-27	3941	3939	3970	3939	3965	3958	17	60	2442
2010-01-28	3958	3935	4022	3890	3955	3945	-13	38	2446
2010-01-29	3945	3975	3975	3945	3950	3950	5	22	2448
2010-02-01	3950	3922	3942	3922	3942	3924	-26	14	2442
2010-02-02	3924	3936	3936	3760	3811	3818	-106	378	2456
2010-02-03	3818	3783	3836	3783	3836	3812	-6	46	2454
2010-02-04	3812	3780	3801	3762	3786	3784	-28	80	2452
2010-02-05	3784	3751	3783	3751	3783	3766	-18	48	2448
2010-02-08	3766	3800	3822	3791	3822	3806	40	48	2438
2010-02-09	3806	3828	3830	3823	3823	3824	18	94	2438
2010-02-10	3824	3820	3880	3820	3880	3846	22	72	2438
2010-02-11	3846	3858	3884	3846	3871	3867	21	80	2428
2010-02-12	3867	3886	3935	3886	3919	3920	53	90	2410
2010-02-22	3920	3960	3960	3876	3895	3917	-3	154	2468
2010-02-23	3917	3887	3929	3870	3920	3904	-13	482	2564
2010-02-24	3904	3865	3913	3865	3905	3902	-2	114	2514
2010-02-25	3902	3901	3909	3865	3877	3889	-13	122	2554
2010-02-26	3889	3889	3898	3871	3898	3880	-9	158	2562
2010-03-01	3880	3899	3900	3872	3885	3883	3	38	2558
2010-03-02	3883	3851	3857	3845	3850	3850	-33	48	2558
2010-03-03	3850	3850	3859	3825	3855	3846	-4	116	2566
2010-03-04	3846	3860	3868	3850	3851	3858	12	56	2560
2010-03-05	3858	3860	3861	3857	3861	3858	0	40	2558
2010-03-08	3858	3880	3898	3880	3893	3889	31	10	2558
2010-03-09	3889	3893	3906	3893	3900	3901	12	42	2562
2010-03-10	3901	3914	3922	3914	3922	3917	16	86	2564
2010-03-11	3917	3949	3949	3905	3930	3925	8	28	2576
2010-03-12	3925	3930	3955	3930	3955	3948	23	90	2576
2010-03-15	3948	3949	3990	3949	3990	3959	11	1542	2572
2010-03-16	3959	3997	4096	3997	4096	4034	75	288	2580
2010-03-17	4034	4092	4120	4080	4090	4095	61	280	2618
2010-03-18	4095	4042	4096	4042	4071	4067	-28	102	2636
2010-03-19	4067	4080	4099	4073	4091	4086	19	214	2650
2010-03-22	4086	4041	4126	4041	4109	4097	11	316	2638
2010-03-23	4097	4110	4129	4091	4120	4114	17	564	2642
2010-03-24	4114	4130	4199	4130	4185	4179	65	1546	2630
2010-03-25	4179	4224	4245	4205	4228	4223	44	478	2604
2010-03-26	4223	4237	4311	4237	4260	4267	44	290	2520
2010-03-29	4267	4283	4283	4205	4253	4248	-19	1158	2574
2010-03-30	4248	4230	4250	4169	4240	4226	-22	868	2574
2010-03-31	4226	4155	4239	4155	4210	4206	-20	130	2520
2010-04-01	4206	?	?	?	4206	4206	0	?	2520
2010-04-02	4206	4240	4260	4240	4260	4250	44	360	2520
2010-04-06	4250	?	?	?	4261	4261	11	?	2520
2010-04-07	4261	4350	4350	4340	4345	4345	84	420	2640
2010-04-09	4354	4365	4365	4365	4365	4365	11	120	2640
2010-04-12	4365	4400	4400	4400	4400	4400	35	60	2640
2010-04-13	4400	4450	4450	4450	4450	4450	50	60	2640
2010-04-14	4450	4479	4495	4450	4495	4485	35	480	2640
2010-04-15	4485	4460	4490	4445	4445	4455	-30	420	2640
