2010-05-25	4315	4330	4499	4330	4347	4392	77	6	2
2010-05-26	4392	4444	4444	4444	4444	4444	52	2	4
2010-05-27	4444	4420	4489	4301	4489	4387	-57	66	10
2010-05-28	4387	4434	4434	4410	4420	4423	36	8	8
2010-05-31	4423	?	?	?	4390	4390	-33	?	8
2010-06-01	4390	?	?	?	4390	4390	0	?	8
2010-06-02	4390	?	?	?	4350	4350	-40	?	8
2010-06-03	4350	4303	4400	4297	4400	4337	-13	30	12
2010-06-04	4337	4332	4339	4332	4339	4335	-2	4	12
2010-06-07	4335	4251	4251	4183	4183	4213	-122	10	10
2010-06-08	4213	4226	4226	4226	4226	4226	13	2	10
2010-06-09	4226				4226	4226	0		10
2010-06-10	4226				4226	4226	0		10
2010-06-11	4226				4226	4226	0		10
2010-06-17	4226				4226	4226	0		10
2010-06-18	4226				4226	4226	0		10
2010-06-21	4226	4227	4280	4227	4280	4253	27	4	12
2010-06-22	4253				4253	4253	0		12
2010-06-23	4253				4253	4253	0		12
2010-06-24	4253	4272	4272	4272	4272	4272	19	6	12
2010-06-25	4272				4272	4272	0		12
2010-06-28	4272				4272	4272	0		12
2010-06-29	4272				4270	4270	-2		12
2010-06-30	4270	4230	4230	4161	4161	4195	-75	4	10
2010-07-01	4195				4200	4200	5		10
2010-07-02	4200				4200	4200	0		10
2010-07-05	4200				4212	4212	12		10
2010-07-06	4212				4212	4212	0		10
2010-07-07	4212				4212	4212	0		10
2010-07-08	4212				4212	4212	0		10
2010-07-09	4212				4212	4212	0		10
2010-07-12	4212				4224	4224	12		10
2010-07-13	4224				4224	4224	0		10
2010-07-14	4224				4224	4224	0		10
2010-07-15	4224				4224	4224	0		10
2010-07-16	4224				4224	4224	0		10
2010-07-19	4224	4206	4206	4206	4206	4206	-18	2	12
2010-07-20	4206	4299	4319	4299	4313	4310	104	6	8
2010-07-21	4310				4310	4310	0		8
2010-07-22	4310				4310	4310	0		8
2010-07-23	4310	4335	4335	4335	4335	4335	25	2	8
2010-07-26	4335				4335	4335	0		8
2010-07-27	4335				4335	4335	0		8
2010-07-28	4335				4335	4335	0		8
2010-07-29	4335				4335	4335	0		8
2010-07-30	4335	4350	4434	4337	4337	4398	63	40	10
2010-08-02	4398	4444	4480	4444	4480	4476	78	22	26
2010-08-03	4476	4474	4474	4474	4474	4474	-2	2	26
2010-08-04	4474	4545	4545	4497	4498	4518	44	14	32
2010-08-05	4518	4484	4484	4484	4484	4484	-34	6	26
2010-08-06	4484	4484	4484	4484	4484	4484	0	8	34
2010-08-09	4484				4485	4485	1		34
2010-08-10	4485				4487	4487	2		34
2010-08-11	4487	4487	4502	4487	4502	4494	7	8	36
2010-08-12	4494				4494	4494	0		36
2010-08-13	4494				4494	4494	0		36
2010-08-16	4494	4475	4520	4475	4520	4510	16	12	36
2010-08-17	4510	4520	4539	4520	4538	4529	19	14	34
2010-08-18	4529				4529	4529	0		34
2010-08-19	4529				4529	4529	0		34
2010-08-20	4529				4529	4529	0		34
2010-08-23	4529	4444	4444	4444	4444	4444	-85	2	32
2010-08-24	4444	4424	4424	4424	4424	4424	-20	2	32
2010-08-25	4424	4414	4424	4414	4424	4420	-4	6	30
2010-08-26	4420				4420	4420	0		30
2010-08-27	4420				4420	4420	0		30
2010-08-30	4420				4439	4439	19		30
2010-08-31	4439	4466	4500	4466	4500	4487	48	6	32
2010-09-01	4487				4487	4487	0		32
2010-09-02	4487				4487	4487	0		32
2010-09-03	4487				4487	4487	0		32
2010-09-06	4487				4572	4572	85		32
2010-09-07	4572				4572	4572	0		32
2010-09-08	4572				4572	4572	0		32
2010-09-09	4572	4578	4599	4525	4526	4558	-14	12	36
2010-09-10	4558	4645	4645	4536	4606	4603	45	14	38
2010-09-13	4603				4603	4603	0		38
2010-09-14	4603	4649	4649	4522	4522	4585	-18	12	38
2010-09-15	4585	4523	4535	4466	4520	4517	-68	18	36
2010-09-16	4517	4520	4520	4520	4520	4520	3	4	36
2010-09-17	4520				4520	4520	0		36
2010-09-20	4520	4520	4555	4520	4555	4537	17	4	32
2010-09-21	4537				4537	4537	0		32
2010-09-27	4537	4537	4537	4451	4451	4494	-43	4	32
2010-09-28	4494	4510	4510	4420	4420	4465	-29	4	32
2010-09-29	4465	4486	4486	4486	4486	4486	21	4	34
2010-09-30	4486	4400	4430	4400	4430	4415	-71	4	32
2010-10-08	4415	4508	4508	4508	4508	4508	93	2	32
2010-10-11	4508	4555	4684	4549	4549	4611	103	36	50
2010-10-12	4611				4560	4560	-51		50
2010-10-13	4560	4533	4585	4533	4585	4550	-10	6	52
2010-10-14	4550	4619	4619	4535	4535	4573	23	18	54
2010-10-15	4573	4500	4555	4500	4555	4521	-52	12	58
2010-10-18	4521	4595	4665	4595	4644	4629	108	12	54
2010-10-19	4629	4594	4600	4556	4556	4581	-48	18	54
2010-10-20	4581	4510	4550	4510	4550	4529	-52	20	62
2010-10-21	4529	4569	4569	4520	4559	4547	18	16	60
2010-10-22	4547	4550	4550	4531	4531	4540	-7	40	60
2010-10-25	4540	4566	4566	4566	4566	4566	26	2	60
2010-10-26	4566	4590	4590	4590	4590	4590	24	4	56
2010-10-27	4590	4564	4616	4560	4616	4590	0	10	56
2010-10-28	4590	4559	4606	4559	4574	4586	-4	8	56
2010-10-29	4586				4586	4586	0		56
2010-11-01	4586	4685	4685	4580	4603	4630	44	24	60
2010-11-02	4630	4670	4670	4646	4646	4658	28	4	58
2010-11-03	4658	4678	4678	4657	4657	4667	9	4	58
2010-11-04	4667	4641	4660	4603	4660	4631	-36	12	50
2010-11-05	4631	4655	4796	4655	4729	4721	90	30	40
2010-11-08	4721	4691	4691	4642	4642	4672	-49	8	44
2010-11-09	4672	4750	4800	4750	4750	4773	101	24	40
2010-11-10	4773	4827	4870	4700	4784	4793	20	58	48
2010-11-11	4793	4854	4855	4747	4751	4798	5	132	48
2010-11-12	4798	4760	4760	4560	4698	4669	-129	314	74
2010-11-15	4669	4707	4755	4684	4684	4723	54	70	72
2010-11-16	4723	4747	4747	4684	4684	4712	-11	8	70
2010-11-17	4712	4604	4650	4507	4621	4603	-109	232	70
2010-11-18	4603	4669	4676	4620	4666	4650	47	10	70
2010-11-19	4650	4727	4761	4650	4710	4706	56	48	72
2010-11-22	4706	4700	4763	4653	4739	4721	15	50	76
2010-11-23	4721	4724	4724	4692	4713	4708	-13	18	76
2010-11-24	4708	4712	4740	4712	4738	4730	22	6	74
2010-11-25	4730	4756	4756	4721	4721	4733	3	10	74
2010-11-26	4733	4766	4840	4660	4680	4696	-37	74	48
2010-11-29	4696	4717	4717	4665	4680	4687	-9	8	48
2010-11-30	4687	4664	4680	4621	4662	4649	-38	30	56
2010-12-01	4649	4680	4690	4641	4680	4667	18	26	46
2010-12-02	4667	4787	4787	4682	4691	4726	59	14	44
2010-12-03	4726	4751	4760	4698	4698	4726	0	22	44
2010-12-06	4726	4723	4724	4700	4700	4711	-15	8	44
2010-12-07	4711	4767	4767	4731	4731	4749	38	4	44
2010-12-08	4749				4711	4711	-38		44
2010-12-09	4711				4711	4711	0		44
2010-12-10	4711	4709	4720	4700	4720	4709	-2	6	44
2010-12-13	4709	4590	4756	4590	4696	4692	-17	30	46
2010-12-14	4692	4708	4708	4690	4690	4697	5	14	44
2010-12-15	4697	4694	4716	4694	4709	4706	9	6	44
2010-12-16	4706				4706	4706	0		44
2010-12-17	4706	4686	4727	4686	4727	4706	0	40	44
2010-12-20	4706	4795	4795	4707	4707	4730	24	14	44
2010-12-21	4730				4730	4730	0		44
2010-12-22	4730	4692	4727	4692	4727	4704	-26	40	44
2010-12-23	4704	4740	4790	4692	4701	4732	28	14	44
2010-12-24	4732	4688	4744	4688	4735	4729	-3	10	44
2010-12-27	4729	4675	4730	4675	4682	4689	-40	12	42
2010-12-28	4689				4689	4689	0		42
2010-12-29	4689	4700	4728	4686	4728	4710	21	16	36
2010-12-30	4710	4690	4691	4690	4691	4690	-20	4	36
2010-12-31	4690				4690	4690	0		36
2011-01-04	4690	4779	4780	4779	4780	4779	89	4	32
2011-01-05	4779				4779	4779	0		32
2011-01-06	4779	4790	4790	4790	4790	4790	11	2	34
2011-01-07	4790				4556	4556	-234		34
2011-01-10	4556				4701	4701	145		34
2011-01-11	4701	4701	4701	4701	4701	4701	0	2	32
2011-01-12	4701				4715	4715	14		32
2011-01-13	4715				4715	4715	0		32
2011-01-14	4715				4751	4751	36		32
2011-01-17	4751	4888	4888	4760	4804	4823	72	16	32
2011-01-18	4823	4846	4860	4846	4850	4852	29	6	32
2011-01-19	4852	4781	4781	4781	4781	4781	-71	2	32
2011-01-20	4781				4788	4788	7		32
2011-01-21	4788				4800	4800	12		32
2011-01-24	4800	4909	4909	4909	4909	4909	109	2	32
2011-01-25	4909	4808	4808	4808	4808	4808	-101	2	32
2011-01-26	4808	4888	4949	4773	4775	4846	38	8	32
2011-01-27	4846	4799	4799	4799	4799	4799	-47	2	32
2011-01-28	4799	4919	4919	4806	4806	4834	35	14	42
2011-01-31	4834	4830	4884	4830	4846	4849	15	8	42
2011-02-01	4849				4849	4849	0		42
2011-02-09	4849				4849	4849	0		42
2011-02-10	4849				4878	4878	29		42
2011-02-11	4878				4878	4878	0		42
2011-02-14	4878				4878	4878	0		42
2011-02-15	4878	4974	5058	4920	4920	4978	100	14	42
2011-02-16	4978				4978	4978	0		42
2011-02-17	4978	4717	4972	4717	4815	4841	-137	16	42
2011-02-18	4841	4760	4781	4758	4781	4767	-74	10	48
2011-02-21	4767	4989	4990	4808	4849	4864	97	32	40
2011-02-22	4864	4929	4929	4805	4899	4885	21	22	38
2011-02-23	4885	4912	4963	4849	4849	4908	23	12	38
2011-02-24	4908	4875	4919	4875	4919	4897	-11	4	38
2011-02-25	4897	4841	4841	4841	4841	4841	-56	2	38
2011-02-28	4841				4856	4856	15		38
2011-03-01	4856				4856	4856	0		38
2011-03-02	4856	4993	4993	4834	4834	4913	57	30	46
2011-03-03	4913	4791	4874	4791	4860	4846	-67	34	30
2011-03-04	4846	4860	4860	4860	4860	4860	14	12	30
2011-03-07	4860	4860	4860	4860	4860	4860	0	6	24
2011-03-08	4860				4860	4860	0		24
2011-03-09	4860	4723	4894	4723	4801	4815	-45	14	26
2011-03-10	4815	4790	4790	4790	4790	4790	-25	2	26
2011-03-11	4790	4790	4790	4790	4790	4790	0	2	26
2011-03-14	4790	4757	4757	4757	4757	4757	-33	2	24
2011-03-15	4757	4757	4757	4757	4757	4757	0	4	24
2011-03-16	4757	4788	4860	4788	4860	4838	81	16	20
2011-03-17	4838	4890	4890	4890	4890	4890	52	4	18
2011-03-18	4890	4890	4890	4890	4890	4890	0	2	18
2011-03-21	4890	4840	4840	4840	4840	4840	-50	2	18
2011-03-22	4840	4804	4938	4661	4858	4801	-39	14	16
2011-03-23	4801				4802	4802	1		16
2011-03-24	4802				4802	4802	0		16
2011-03-25	4802				4802	4802	0		16
2011-03-28	4802	4940	4940	4818	4818	4879	77	4	16
2011-03-29	4879	4818	4818	4818	4818	4818	-61	2	16
2011-03-30	4818				4818	4818	0		16
2011-03-31	4818				4818	4818	0		16
2011-04-01	4818				4818	4818	0		16
2011-04-06	4818	4824	4868	4824	4868	4832	14	18	8
2011-04-07	4832				4832	4832	0		8
2011-04-08	4832	4830	4830	4830	4830	4830	-2	2	8
2011-04-11	4830				4830	4830	0		8
2011-04-12	4830				4830	4830	0		8
2011-04-13	4830				4830	4830	0		8
2011-04-14	4830				4830	4830	0		8
2011-04-15	4830				4830	4830	0		8
2011-04-18	4830				4830	4830	0		8
2011-04-19	4830	4650	4650	4650	4650	4650	-180	8	16
2011-04-20	4650	4850	4850	4675	4675	4736	86	8	18
2011-04-21	4736	4700	4750	4700	4750	4713	-23	12	12
2011-04-22	4713	4900	4900	4537	4696	4737	24	44	10
2011-04-25	4737	4622	4622	4622	4622	4622	-115	4	10
2011-04-26	4622	4750	4750	4606	4688	4698	76	8	8
2011-04-27	4698				4698	4698	0		8
2011-04-28	4698	4880	4880	4880	4880	4880	182	8	
2011-04-29	4880				4880	4880	0		
2011-05-03	4880				4880	4880	0		
2011-05-04	4880				4880	4880	0		
2011-05-05	4880				4880	4880	0		
2011-05-06	4880				4880	4880	0		
2011-05-09	4880				4880	4880	0		
2011-05-10	4880				4880	4880	0		
2011-05-11	4880				4880	4880	0		
2011-05-12	4880				4880	4880	0		
2011-05-13	4880				4880	4880	0		
2011-05-16	4880				4880	4880	0		
