2010-01-18	?	4685	4685	4555	4555	4608	?	6	4
2010-01-19	4608	?	?	?	4608	4608	0	?	4
2010-01-20	4608	?	?	?	4567	4567	-41	?	4
2010-01-21	4567	?	?	?	4567	4567	0	?	4
2010-01-22	4567	?	?	?	4550	4550	-17	?	4
2010-01-25	4550	?	?	?	4528	4528	-22	?	4
2010-01-26	4528	?	?	?	4500	4500	-28	?	4
2010-01-27	4500	?	?	?	4500	4500	0	?	4
2010-01-28	4500	?	?	?	4500	4500	0	?	4
2010-01-29	4500	?	?	?	4500	4500	0	?	4
2010-02-01	4500	4500	4500	4500	4500	4500	0	2	4
2010-02-02	4500	?	?	?	4428	4428	-72	?	4
2010-02-03	4428	?	?	?	4428	4428	0	?	4
2010-02-04	4428	?	?	?	4397	4397	-31	?	4
2010-02-05	4397	?	?	?	4387	4387	-10	?	4
2010-02-08	4387	?	?	?	4387	4387	0	?	4
2010-02-09	4387	?	?	?	4387	4387	0	?	4
2010-02-10	4387	?	?	?	4477	4477	90	?	4
2010-02-11	4477	?	?	?	4477	4477	0	?	4
2010-02-12	4477	?	?	?	4477	4477	0	?	4
2010-02-22	4477	?	?	?	4477	4477	0	?	4
2010-02-23	4477	?	?	?	4477	4477	0	?	4
2010-02-24	4477	?	?	?	4477	4477	0	?	4
2010-02-25	4477	?	?	?	4477	4477	0	?	4
2010-02-26	4477	?	?	?	4477	4477	0	?	4
2010-03-01	4477	?	?	?	4477	4477	0	?	4
2010-03-02	4477	?	?	?	4477	4477	0	?	4
2010-03-03	4477	?	?	?	4477	4477	0	?	4
2010-03-04	4477	?	?	?	4477	4477	0	?	4
2010-03-05	4477	?	?	?	4477	4477	0	?	4
2010-03-08	4477	?	?	?	4477	4477	0	?	4
2010-03-09	4477	?	?	?	4477	4477	0	?	4
2010-03-10	4477	4477	4568	4477	4509	4513	36	8	4
2010-03-11	4513	4589	4589	4461	4579	4537	24	32	6
2010-03-12	4537	4579	4579	4579	4579	4579	42	2	4
2010-03-15	4579	?	?	?	4579	4579	0	?	4
2010-03-16	4579	?	?	?	4616	4616	37	?	4
2010-03-17	4616	4616	4660	4616	4616	4628	12	8	8
2010-03-18	4628	4646	4647	4592	4647	4628	0	6	8
2010-03-19	4628	4606	4610	4567	4610	4594	-34	6	6
2010-03-22	4594	?	?	?	4594	4594	0	?	6
2010-03-23	4594	?	?	?	4594	4594	0	?	6
2010-03-24	4594	4616	4712	4616	4655	4663	69	58	8
2010-03-25	4663	?	?	?	4682	4682	19	?	8
2010-03-26	4682	?	?	?	4682	4682	0	?	8
2010-03-29	4682	?	?	?	4682	4682	0	?	8
2010-03-30	4682	?	?	?	4682	4682	0	?	8
2010-03-31	4682	4681	4744	4629	4692	4668	-14	18	10
2010-04-01	4668	4675	4675	4622	4622	4648	-20	4	10
2010-04-02	4648	4641	4681	4641	4678	4661	13	58	8
2010-04-06	4661	4676	4740	4676	4740	4708	47	4	8
2010-04-07	4708	?	?	?	4708	4708	0	?	8
2010-04-09	4713	4722	4754	4722	4754	4738	25	4	18
2010-04-12	4738	4778	4807	4778	4807	4805	67	34	48
2010-04-13	4805	4808	4824	4789	4791	4801	-4	16	44
2010-04-14	4801	4801	4801	4770	4770	4789	-12	6	44
2010-04-15	4789	4741	4763	4723	4763	4729	-60	48	44
2010-04-16	4729	4732	4754	4689	4737	4728	-1	14	44
2010-04-19	4728	4729	4729	4702	4702	4712	-16	10	46
2010-04-20	4712	4708	4708	4708	4708	4708	-4	8	44
2010-04-21	4708	?	?	?	4708	4708	0	?	44
2010-04-22	4708	?	?	?	4702	4702	-6	?	44
2010-04-23	4702	?	?	?	4702	4702	0	?	44
2010-04-26	4702	?	?	?	4702	4702	0	?	44
2010-04-27	4702	4700	4700	4601	4604	4641	-61	20	48
2010-04-28	4641	4580	4580	4505	4505	4528	-113	12	44
2010-04-29	4528	4550	4550	4505	4505	4537	9	8	42
2010-04-30	4537	4555	4555	4555	4555	4555	18	2	40
2010-05-04	4555	4585	4598	4585	4598	4591	36	4	36
2010-05-05	4591	4599	4599	4550	4560	4558	-33	24	52
2010-05-06	4558	4568	4571	4567	4571	4568	10	6	52
2010-05-07	4568	4506	4510	4465	4465	4499	-69	14	52
2010-05-10	4499	4463	4488	4463	4488	4472	-27	14	44
2010-05-11	4472	4459	4459	4423	4423	4441	-31	4	46
2010-05-12	4441	?	?	?	4422	4422	-19	?	46
2010-05-13	4422	4419	4435	4393	4429	4424	2	54	90
2010-05-14	4424	4417	4487	4377	4377	4420	-4	42	90
2010-05-17	4420	4282	4282	4199	4199	4212	-208	14	84
2010-05-18	4212	4188	4238	4188	4228	4214	2	10	76
2010-05-19	4214	?	?	?	4214	4214	0	?	76
2010-05-20	4214	4242	4250	4227	4227	4245	31	22	62
2010-05-21	4245	4220	4220	4220	4220	4220	-25	2	60
2010-05-24	4220	4289	4289	4289	4289	4289	69	2	58
2010-05-25	4289	?	?	?	4289	4289	0	?	58
2010-05-26	4289	?	?	?	4289	4289	0	?	58
2010-05-27	4289	?	?	?	4289	4289	0	?	58
2010-05-28	4289	4445	4447	4319	4324	4393	104	36	56
2010-05-31	4393	4294	4308	4261	4261	4286	-107	10	56
2010-06-01	4286	4272	4272	4216	4216	4244	-42	4	56
2010-06-02	4244	?	?	?	4244	4244	0	?	56
2010-06-03	4244	4241	4247	4228	4247	4237	-7	8	56
2010-06-04	4237	4230	4230	4230	4230	4230	-7	2	54
2010-06-07	4230				4080	4080	-150		54
2010-06-08	4080				4080	4080	0		54
2010-06-09	4080				4088	4088	8		54
2010-06-10	4088				4088	4088	0		54
2010-06-11	4088	4137	4137	4126	4126	4131	43	4	54
2010-06-17	4131	4228	4228	4144	4160	4187	56	12	54
2010-06-18	4187	4172	4172	4172	4172	4172	-15	2	54
2010-06-21	4172	4161	4161	4161	4161	4161	-11	2	54
2010-06-22	4161				4131	4131	-30		54
2010-06-23	4131	4188	4188	4181	4181	4184	53	4	54
2010-06-24	4184	4198	4198	4198	4198	4198	14	4	58
2010-06-25	4198	4177	4177	4177	4177	4177	-21	2	58
2010-06-28	4177	4180	4180	4146	4178	4170	-7	8	60
2010-06-29	4170	4140	4140	4122	4127	4125	-45	16	64
2010-06-30	4125	4078	4078	4078	4078	4078	-47	2	62
2010-07-01	4078	4118	4118	4118	4118	4118	40	2	60
2010-07-02	4118	4140	4140	4000	4080	4066	-52	234	60
2010-07-05	4066	4100	4100	4066	4090	4083	17	22	66
2010-07-06	4083	4094	4094	4080	4082	4085	2	6	62
2010-07-07	4085	4118	4118	4100	4100	4105	20	12	56
2010-07-08	4105	4181	4181	4104	4104	4133	28	12	58
2010-07-09	4133				4127	4127	-6		58
2010-07-12	4127	4143	4143	4077	4120	4124	-3	44	56
2010-07-13	4124				4118	4118	-6		56
2010-07-14	4118	4063	4120	4060	4064	4076	-42	500	88
2010-07-15	4076	4086	4086	4068	4068	4084	8	22	90
2010-07-16	4084	4114	4117	4099	4099	4110	26	6	88
2010-07-19	4110	4075	4133	4075	4115	4110	0	26	88
2010-07-20	4110	4197	4197	4145	4154	4161	51	40	88
2010-07-21	4161	4167	4193	4135	4169	4166	5	44	80
2010-07-22	4166	4157	4187	4157	4187	4172	6	16	80
2010-07-23	4172	4218	4249	4199	4211	4216	44	52	78
2010-07-26	4216	4258	4258	4205	4208	4215	-1	36	64
2010-07-27	4215	4189	4194	4162	4182	4180	-35	66	68
2010-07-28	4180	4183	4333	4183	4238	4227	47	48	70
2010-07-29	4227	4244	4263	4204	4240	4237	10	40	72
2010-07-30	4237	4231	4289	4230	4276	4255	18	38	98
2010-08-02	4255	4345	4390	4333	4380	4367	112	62	90
2010-08-03	4367	4360	4378	4350	4377	4362	-5	18	92
2010-08-04	4362	4378	4378	4330	4378	4357	-5	24	92
2010-08-05	4357	4414	4414	4358	4358	4372	15	32	94
2010-08-06	4372	4346	4370	4340	4370	4358	-14	28	86
2010-08-09	4358	4404	4418	4364	4403	4403	45	46	76
2010-08-10	4403	4411	4424	4410	4424	4417	14	16	68
2010-08-11	4417	4440	4462	4440	4454	4458	41	70	112
2010-08-12	4458	4420	4434	4414	4414	4427	-31	14	108
2010-08-13	4427	4384	4405	4384	4402	4388	-39	72	80
2010-08-16	4388	4418	4458	4393	4458	4414	26	88	78
2010-08-17	4414	4450	4470	4415	4430	4433	19	270	110
2010-08-18	4433	4460	4460	4423	4423	4438	5	16	106
2010-08-19	4438	4390	4423	4390	4423	4407	-31	6	106
2010-08-20	4407	4425	4425	4363	4363	4402	-5	12	102
2010-08-23	4402	4326	4347	4324	4347	4330	-72	8	106
2010-08-24	4330	4339	4339	4339	4339	4339	9	6	100
2010-08-25	4339	4265	4333	4265	4314	4307	-32	22	96
2010-08-26	4307	4522	4522	4276	4311	4354	47	8	96
2010-08-27	4354	4358	4388	4332	4387	4364	10	72	98
2010-08-30	4364	4320	4427	4320	4427	4389	25	76	64
2010-08-31	4389	4332	4455	4332	4438	4436	47	68	72
2010-09-01	4436	4423	4450	4423	4428	4440	4	28	78
2010-09-02	4440	4465	4480	4450	4450	4456	16	26	80
2010-09-03	4456	4435	4438	4435	4438	4437	-19	6	74
2010-09-06	4437	4490	4658	4490	4658	4580	143	66	114
2010-09-07	4580	4580	4629	4539	4606	4589	9	44	116
2010-09-08	4589	4605	4623	4576	4600	4603	14	154	100
2010-09-09	4603	4591	4591	4490	4490	4533	-70	48	82
2010-09-10	4533	4542	4546	4530	4546	4541	8	10	82
2010-09-13	4541	4612	4612	4491	4535	4548	7	272	82
2010-09-14	4548	4466	4517	4456	4456	4489	-59	64	84
2010-09-15	4489	4456	4485	4456	4470	4474	-15	8	82
2010-09-16	4474	4445	4478	4435	4451	4445	-29	36	80
2010-09-17	4445	4448	4468	4421	4454	4448	3	24	74
2010-09-20	4448	4503	4503	4307	4440	4415	-33	440	124
2010-09-21	4415	4391	4500	4365	4370	4402	-13	78	92
2010-09-27	4402	4414	4414	4308	4308	4379	-23	112	96
2010-09-28	4379	4350	4360	4310	4310	4343	-36	12	94
2010-09-29	4343	4370	4370	4286	4322	4315	-28	20	92
2010-09-30	4315	4313	4339	4288	4339	4313	-2	12	90
2010-10-08	4313	4369	4370	4369	4370	4369	56	4	90
2010-10-11	4369	4465	4493	4428	4439	4446	77	32	94
2010-10-12	4446	4410	4445	4370	4370	4414	-32	18	94
2010-10-13	4414	4419	4466	4419	4466	4435	21	6	94
2010-10-14	4435	4393	4479	4341	4375	4382	-53	82	94
2010-10-15	4382	4333	4403	4316	4380	4364	-18	26	92
2010-10-18	4364	4405	4435	4404	4405	4414	50	16	88
2010-10-19	4414	4350	4412	4350	4393	4388	-26	10	88
2010-10-20	4388				4380	4380	-8		88
2010-10-21	4380	4393	4393	4353	4353	4373	-7	4	88
2010-10-22	4373				4373	4373	0		88
2010-10-25	4373	4406	4426	4335	4401	4408	35	24	88
2010-10-26	4408	4401	4409	4401	4409	4404	-4	8	88
2010-10-27	4404				4404	4404	0		88
2010-10-28	4404	4426	4426	4426	4426	4426	22	12	88
2010-10-29	4426				4426	4426	0		88
2010-11-01	4426	4440	4480	4396	4454	4422	-4	36	88
2010-11-02	4422	4385	4450	4385	4450	4429	7	10	88
2010-11-03	4429	4450	4455	4444	4455	4449	20	6	90
2010-11-04	4449	4451	4470	4451	4468	4460	11	8	90
2010-11-05	4460	4520	4590	4493	4570	4548	88	24	88
2010-11-08	4548				4548	4548	0		88
2010-11-09	4548	4542	4640	4542	4599	4588	40	8	88
2010-11-10	4588	4784	4807	4525	4525	4692	104	66	82
2010-11-11	4692	4544	4612	4544	4612	4586	-106	16	82
2010-11-12	4586	4455	4455	4357	4414	4374	-212	32	82
2010-11-15	4374	4488	4490	4409	4477	4455	81	16	78
2010-11-16	4455	4343	4499	4343	4499	4447	-8	22	76
2010-11-17	4447				4447	4447	0		76
2010-11-18	4447	4424	4454	4424	4450	4442	-5	12	66
2010-11-19	4442	4550	4550	4460	4520	4507	65	28	46
2010-11-22	4507	4559	4680	4559	4575	4621	114	68	26
2010-11-23	4621	4600	4625	4590	4625	4602	-19	12	16
2010-11-24	4602	4698	4698	4692	4692	4695	93	4	16
2010-11-25	4695	4669	4696	4661	4661	4670	-25	32	8
2010-11-26	4670	4619	4619	4585	4585	4602	-68	4	8
2010-11-29	4602				4602	4602	0		8
2010-11-30	4602				4602	4602	0		8
2010-12-01	4602				4602	4602	0		8
2010-12-02	4602				4604	4604	2		8
2010-12-03	4604	4561	4699	4561	4620	4651	47	10	6
2010-12-06	4651				4651	4651	0		6
2010-12-07	4651				4651	4651	0		6
2010-12-08	4651				4651	4651	0		6
2010-12-09	4651				4651	4651	0		6
2010-12-10	4651				4651	4651	0		6
2010-12-13	4651				4651	4651	0		6
2010-12-14	4651	4729	4739	4729	4739	4734	83	4	6
2010-12-15	4734	4669	4669	4669	4669	4669	-65	4	6
2010-12-16	4669	4688	4688	4688	4688	4688	19	2	6
2010-12-17	4688				4688	4688	0		6
2010-12-20	4688	4735	4735	4735	4735	4735	47	2	6
2010-12-21	4735				4736	4736	1		6
2010-12-22	4736				4736	4736	0		6
2010-12-23	4736				4739	4739	3		6
2010-12-24	4739				4748	4748	9		6
2010-12-27	4748				4766	4766	18		6
2010-12-28	4766	4856	4856	4783	4783	4819	53	4	6
2010-12-29	4819				4819	4819	0		6
2010-12-30	4819	4787	4787	4787	4787	4787	-32	8	2
2010-12-31	4787	4700	4700	4700	4700	4700	-87	2	
2011-01-04	4700				4700	4700	0		
2011-01-05	4700				4700	4700	0		
2011-01-06	4700				4700	4700	0		
2011-01-07	4700				4700	4700	0		
2011-01-10	4700				4700	4700	0		
2011-01-11	4700				4700	4700	0		
2011-01-12	4700				4700	4700	0		
2011-01-13	4700				4700	4700	0		
2011-01-14	4700				4700	4700	0		
2011-01-17	4700				4700	4700	0		
