2009-11-17	?	18995	18995	18815	18815	18905	?	4	2
2009-11-18	18905	18020	19260	18020	19015	18880	-25	24	6
2009-11-19	18880	19120	19200	18980	19200	19110	230	12	12
2009-11-20	19110	19490	19490	19275	19300	19335	225	12	18
2009-11-23	19335	19600	19720	19600	19720	19640	305	6	20
2009-11-24	19640	19755	19755	19500	19500	19590	-50	20	18
2009-11-25	19590	?	?	?	19600	19600	10	?	18
2009-11-26	19600	?	?	?	19600	19600	0	?	18
2009-11-27	19600	19420	19460	19115	19160	19265	-335	34	50
2009-11-30	19265	19500	19500	19375	19375	19435	170	4	52
2009-12-01	19435	19900	19900	19440	19835	19670	235	8	56
2009-12-02	19670	19855	20100	19855	19950	19955	285	24	60
2009-12-03	19955	20195	20195	20010	20185	20150	195	28	64
2009-12-04	20150	20100	20100	19985	20005	20010	-140	20	76
2009-12-07	20010	19620	20395	19620	20060	20095	85	94	134
2009-12-08	20095	19905	20305	19905	20070	20150	55	36	150
2009-12-09	20150	19900	19900	19665	19690	19785	-365	76	182
2009-12-10	19785	19835	19835	19415	19570	19540	-245	68	194
2009-12-11	19540	19500	19730	19500	19730	19605	65	8	188
2009-12-14	19605	19610	20010	19610	20000	19725	120	44	176
2009-12-15	19725	20000	20065	20000	20020	20020	295	48	180
2009-12-16	20020	20050	20080	19890	20080	20020	0	30	180
2009-12-17	20020	20490	20490	20080	20100	20250	230	28	186
2009-12-18	20250	20245	20395	20245	20300	20325	75	20	186
2009-12-21	20325	20415	20650	20410	20600	20495	170	10	190
2009-12-22	20495	20480	20665	20480	20500	20585	90	46	216
2009-12-23	20585	20650	20695	20380	20380	20600	15	34	218
2009-12-24	20600	20760	21000	20760	21000	20940	340	56	224
2009-12-25	20940	21240	21255	21220	21230	21235	295	14	236
2009-12-28	21235	21455	22050	21455	21890	21795	560	44	244
2009-12-29	21795	21840	22000	21840	21870	21935	140	22	250
2009-12-30	21935	21960	22290	21500	22240	22115	180	26	258
2009-12-31	22115	22395	22545	21725	22300	22300	185	206	338
2010-01-04	22300	22105	22500	21905	22415	22310	10	186	424
2010-01-05	22310	22300	22425	22150	22425	22245	-65	144	470
2010-01-06	22245	22510	22510	22310	22420	22405	160	74	492
2010-01-07	22405	23100	23255	22340	22500	22850	445	134	504
2010-01-08	22850	22255	22340	21890	22230	22110	-740	136	500
2010-01-11	22110	22480	22745	22340	22650	22470	360	42	500
2010-01-12	22470	22200	22550	21985	22490	22275	-195	48	502
2010-01-13	22275	21400	21850	21250	21560	21615	-660	92	498
2010-01-14	21615	21800	21900	21670	21780	21795	180	52	482
2010-01-15	21795	21890	21890	21255	21450	21450	-345	14	484
2010-01-18	21450	20950	21450	20950	21420	21390	-60	56	484
2010-01-19	21390	21770	22000	21505	21990	21850	460	20	482
2010-01-20	21850	22100	22150	21900	21900	22050	200	6	480
2010-01-21	22050	21650	21800	21355	21800	21580	-470	32	480
2010-01-22	21580	20770	20800	20500	20700	20585	-995	58	482
2010-01-25	20585	20500	20700	20450	20700	20595	10	44	482
2010-01-26	20595	20470	20560	20050	20050	20360	-235	50	482
2010-01-27	20360	20190	20300	20000	20150	20140	-220	48	482
2010-01-28	20140	19155	19450	19130	19250	19225	-915	48	490
2010-01-29	19225	18575	18800	18260	18320	18465	-760	70	478
2010-02-01	18465	18155	18200	17685	17855	17960	-505	196	498
2010-02-02	17960	18200	18260	17670	17775	18050	90	142	460
2010-02-03	18050	18355	18865	18195	18805	18545	495	64	478
2010-02-04	18545	18160	18600	18160	18365	18370	-175	28	470
2010-02-05	18370	17805	17900	17700	17780	17740	-630	144	464
2010-02-08	17740	17550	18090	17550	17960	18040	300	76	526
2010-02-09	18040	17820	18130	17800	18070	18020	-20	74	530
2010-02-10	18020	18360	18440	18175	18400	18355	335	96	548
2010-02-11	18355	18500	18800	18500	18800	18670	315	62	590
2010-02-12	18670	18920	19070	18750	18850	18875	205	120	574
2010-02-22	18875	19690	19690	19355	19500	19520	645	188	594
2010-02-23	19520	19305	19425	19035	19420	19315	-205	106	602
2010-02-24	19315	19050	19170	19010	19100	19070	-245	50	600
2010-02-25	19070	19200	19400	19130	19130	19215	145	66	620
2010-02-26	19215	19115	19115	19085	19085	19100	-115	4	620
2010-03-01	19100	19555	19555	19310	19465	19410	310	16	620
2010-03-02	19410	19070	19195	18700	18700	18910	-500	40	618
2010-03-03	18910	19100	19100	18800	18910	18865	-45	36	634
2010-03-04	18865	19115	19200	18980	19070	19105	240	26	644
2010-03-05	19105	18950	19230	18920	19230	19140	35	68	618
2010-03-08	19140	19455	19890	18885	19880	19560	420	86	604
2010-03-09	19560	19550	19770	19500	19700	19650	90	24	604
2010-03-10	19650	20010	20010	19430	19900	19880	230	20	614
2010-03-11	19880	19695	19695	19400	19580	19570	-310	32	622
2010-03-12	19570	19440	19650	19440	19530	19565	-5	20	624
2010-03-15	19565	19480	19570	19210	19250	19305	-260	36	610
2010-03-16	19305	19050	19420	19000	19330	19195	-110	40	600
2010-03-17	19195	19400	19640	19400	19590	19515	320	18	596
2010-03-18	19515	19620	19650	19375	19375	19540	25	8	596
2010-03-19	19540	19600	19600	19600	19600	19600	60	8	596
2010-03-22	19600	19370	19370	19245	19250	19270	-330	36	590
2010-03-23	19270	19560	19560	19200	19200	19370	100	58	588
2010-03-24	19370	19090	19275	18945	18945	19060	-310	90	602
2010-03-25	19060	18955	19010	18850	19010	18875	-185	30	620
2010-03-26	18875	18840	19170	18840	19170	19055	180	40	600
2010-03-29	19055	19345	19460	19300	19450	19385	330	40	612
2010-03-30	19385	19415	19450	19385	19450	19405	20	40	620
2010-03-31	19405	19360	19455	19340	19360	19400	-5	92	638
2010-04-01	19400	19400	19995	19400	19805	19720	320	44	646
2010-04-02	19720	19865	19870	19785	19850	19825	105	20	640
2010-04-06	19825	20000	20165	20000	20150	20115	290	28	654
2010-04-07	20115	20180	20205	20015	20180	20130	15	52	666
2010-04-09	19850	19855	19965	19855	19965	19895	45	20	778
2010-04-12	19895	20065	20205	20050	20090	20175	280	306	1040
2010-04-13	20175	19960	20050	19870	19950	19920	-255	214	934
2010-04-14	19920	19990	20160	19990	20090	20080	160	40	942
2010-04-15	20080	20120	20210	20090	20090	20160	80	118	922
2010-04-16	20160	20105	20305	20105	20255	20230	70	122	938
2010-04-19	20230	19880	19880	19435	19455	19730	-500	108	910
2010-04-20	19730	19570	19765	19570	19640	19670	-60	82	890
2010-04-21	19670	19665	19750	19650	19750	19660	-10	90	876
2010-04-22	19660	19650	19720	19580	19710	19620	-40	136	854
2010-04-23	19620	19680	19725	19610	19725	19675	55	306	850
2010-04-26	19675	19950	19950	19880	19920	19910	235	34	848
2010-04-27	19910	19750	19750	19550	19560	19580	-330	82	858
2010-04-28	19580	18680	19100	18680	19100	18970	-610	90	870
2010-04-29	18970	19225	19225	19000	19000	19060	90	394	1038
2010-04-30	19060	19050	19050	18665	18785	18845	-215	44	1030
2010-05-04	18845	18785	18785	18520	18675	18665	-180	28	1036
2010-05-05	18665	17800	18180	17800	18155	18110	-555	180	1040
2010-05-06	18110	18215	18320	17950	17950	18145	35	28	1046
2010-05-07	18145	17500	17520	17235	17235	17405	-740	242	1090
2010-05-10	17405	17300	17650	17265	17650	17425	20	344	1030
2010-05-11	17425	17645	17650	17070	17170	17320	-105	158	1044
2010-05-12	17320	16960	17410	16960	17255	17240	-80	252	1072
2010-05-13	17240	17310	17525	17295	17515	17445	205	202	1124
2010-05-14	17445	17475	17730	17285	17375	17405	-40	534	1176
2010-05-17	17405	17000	17440	16530	16530	16755	-650	460	1092
2010-05-18	16755	16285	16345	15610	16160	15980	-775	656	1012
2010-05-19	15980	15510	16000	15290	15830	15610	-370	418	1060
2010-05-20	15610	16050	16340	15620	16000	16070	460	524	1056
2010-05-21	16070	15775	16095	15630	15900	15845	-225	478	1144
2010-05-24	15845	16100	16500	16015	16460	16320	475	672	1450
2010-05-25	16320	16275	16425	16000	16000	16235	-85	466	1460
2010-05-26	16235	16255	16350	16025	16210	16220	-15	598	1556
2010-05-27	16220	16035	16305	15890	16295	16045	-175	1058	1738
2010-05-28	16045	16390	16545	16325	16410	16435	390	848	1876
2010-05-31	16435	16250	16535	16250	16325	16425	-10	674	2012
2010-06-01	16425	16260	16405	15980	16000	16200	-225	740	2046
2010-06-02	16200	15940	16065	15390	15570	15640	-560	1828	2472
2010-06-03	15640	15675	15730	15280	15470	15495	-145	2370	2776
2010-06-04	15495	15365	15365	14720	14730	14875	-620	2590	3222
2010-06-07	14875	14130	14130	14130	14130	14130	-745	96	3200
2010-06-08	14130	13530	14090	13530	14090	13860	-270	2682	3590
2010-06-09	13860	14140	14550	14075	14550	14300	440	2088	3526
2010-06-10	14300	14500	14610	13295	14425	14425	125	2782	3526
2010-06-11	14425	14555	14650	14485	14560	14560	135	1496	3662
2010-06-17	14560	14880	14905	14460	14500	14630	70	2672	4286
2010-06-18	14630	14485	14490	14000	14190	14325	-305	4994	5496
2010-06-21	14325	14360	15040	14360	15040	14750	425	3968	5286
2010-06-22	14750	14750	15040	14750	14915	14890	140	7776	6648
2010-06-23	14890	14800	15355	14675	15215	15100	210	17356	9724
2010-06-24	15100	15295	15625	15295	15550	15525	425	16570	11056
2010-06-25	15525	15680	15680	15150	15190	15335	-190	19744	14982
2010-06-28	15335	15350	15730	15220	15590	15510	175	18140	18016
2010-06-29	15510	15480	15480	14850	14915	15185	-325	22348	18970
2010-06-30	15185	14530	14795	14510	14695	14635	-550	20356	21456
2010-07-01	14635	14550	14860	14515	14560	14650	15	20404	23908
2010-07-02	14650	14650	15225	14640	15185	14960	310	76150	29728
2010-07-05	14960	15150	15465	15110	15290	15285	325	91456	41060
2010-07-06	15285	15030	15470	15025	15460	15325	40	119472	46164
2010-07-07	15325	15545	15550	15220	15260	15330	5	108010	45472
2010-07-08	15330	15555	15640	15405	15420	15520	190	146496	50886
2010-07-09	15520	15470	15525	15315	15450	15420	-100	151648	52802
2010-07-12	15420	15450	15555	15245	15250	15425	5	152124	54160
2010-07-13	15425	15305	15345	14930	14945	15080	-345	182050	59014
2010-07-14	15080	15100	15240	15040	15190	15145	65	172602	58560
2010-07-15	15145	15095	15375	15005	15205	15185	40	213078	66002
2010-07-16	15185	15265	15360	15090	15280	15240	55	203576	72876
2010-07-19	15240	15010	15260	15000	15185	15150	-90	220906	83666
2010-07-20	15150	15200	15565	15200	15520	15425	275	263834	112196
2010-07-21	15425	15510	15630	15470	15530	15545	120	305778	120336
2010-07-22	15545	15600	15775	15545	15695	15665	120	435932	150962
2010-07-23	15665	15850	16030	15840	15990	15920	255	681508	179020
2010-07-26	15920	15955	16210	15940	16205	16050	130	1207172	277998
2010-07-27	16050	16200	16225	15970	15990	16105	55	1420764	285908
2010-07-28	16105	15950	16375	15940	16330	16200	95	1583366	343958
2010-07-29	16200	16310	16445	16200	16360	16315	115	1760958	340430
2010-07-30	16315	16360	16430	16220	16305	16300	-15	1550298	317938
2010-08-02	16300	16500	16850	16485	16755	16700	400	1085810	314394
2010-08-03	16700	17060	17060	16820	16825	16905	205	1048826	279712
2010-08-04	16905	16855	17025	16765	17020	16855	-50	890968	259508
2010-08-05	16855	17125	17485	16975	17085	17180	325	1536256	250550
2010-08-06	17180	17065	17390	16945	17385	17170	-10	1239050	243022
2010-08-09	17170	17490	17745	17425	17740	17590	420	843444	232598
2010-08-10	17590	17650	17695	17380	17400	17535	-55	785544	215594
2010-08-11	17535	17335	17615	17155	17180	17390	-145	965606	209868
2010-08-12	17390	17100	17140	16535	16655	16785	-605	1100392	185480
2010-08-13	16785	16820	17125	16735	17100	16895	110	663364	166170
2010-08-16	16895	16980	17235	16780	17165	17020	125	488188	145000
2010-08-17	17020	17200	17350	17105	17345	17240	220	293950	127874
2010-08-18	17240	17460	17700	17405	17440	17570	330	278692	114524
2010-08-19	17570	17540	17650	17330	17580	17515	-55	247282	106228
2010-08-20	17515	17400	17445	16940	16950	17140	-375	215404	90876
2010-08-23	17140	17000	17075	16780	16920	16915	-225	149870	86896
2010-08-24	16915	16780	16925	16560	16640	16750	-165	84422	78894
2010-08-25	16750	16525	16760	16360	16535	16560	-190	86688	71202
2010-08-26	16560	16700	16940	16700	16915	16835	275	44798	68968
2010-08-27	16835	16950	17070	16825	17055	16945	110	30364	66600
2010-08-30	16945	17250	17605	17245	17510	17445	500	37116	59996
2010-08-31	17445	17345	17345	17030	17060	17170	-275	26058	57404
2010-09-01	17170	17175	17595	17155	17405	17435	265	30002	54908
2010-09-02	17435	17700	17835	17620	17685	17730	295	26600	49570
2010-09-03	17730	17755	17790	17525	17620	17620	-110	21942	47926
2010-09-06	17620	17725	18145	17675	18090	17970	350	25462	43266
2010-09-07	17970	18050	18120	17820	17960	17940	-30	15522	42036
2010-09-08	17940	17960	18070	17800	18070	17945	5	13792	39130
2010-09-09	17945	18155	18215	17045	17550	17530	-415	28620	33702
2010-09-10	17530	17490	17600	17395	17540	17505	-25	8896	32682
2010-09-13	17505	17705	17845	17645	17790	17745	240	7236	32076
2010-09-14	17745	17810	17865	17470	17500	17645	-100	9672	29566
2010-09-15	17645	17600	17740	17345	17400	17470	-175	12292	27610
2010-09-16	17470	17405	17560	17370	17495	17460	-10	6618	26984
2010-09-17	17460	17560	17820	17480	17820	17650	190	5126	25642
2010-09-20	17650	17795	17990	17710	17950	17900	250	5996	24526
2010-09-21	17900	17950	17950	17530	17630	17670	-230	6410	23114
2010-09-27	17670	18000	18095	17750	17800	17890	220	4438	21752
2010-09-28	17890	17605	17785	17500	17680	17675	-215	4956	21216
2010-09-29	17675	17800	17845	17595	17820	17715	40	6716	19068
2010-09-30	17715	17820	17870	16820	17790	17420	-295	6334	16850
2010-10-08	17420	17455	17990	17405	17800	17810	390	2790	16108
2010-10-11	17810	18105	18700	18105	18670	18560	750	4068	16404
2010-10-12	18560	18500	18740	18450	18575	18590	30	4020	15458
2010-10-13	18590	18880	19030	18750	18980	18925	335	6342	15668
2010-10-14	18925	19080	19260	19040	19140	19130	205	5060	15598
2010-10-15	19130	19000	19245	18810	19210	19035	-95	4738	15332
2010-10-18	19035	18820	19185	18820	18890	19015	-20	2840	15224
2010-10-19	19015	19205	19385	18950	19010	19225	210	2554	15110
2010-10-20	19225	18700	18960	18570	18900	18815	-410	3360	15590
2010-10-21	18815	19225	19395	19030	19285	19200	385	3462	15036
2010-10-22	19200	19530	20150	19180	19800	19515	315	7276	15406
2010-10-25	19515	19830	20490	19830	20490	20260	745	4138	16188
2010-10-26	20260	20510	21100	20260	20520	20785	525	5526	16628
2010-10-27	20785	20940	21000	20000	20090	20475	-310	1966	16104
2010-10-28	20475	20080	20185	19585	19980	19965	-510	1978	15938
2010-10-29	19965	19620	19620	18970	18970	19255	-710	3498	15480
2010-11-01	19255	19000	19780	18950	19605	19480	225	1160	15740
2010-11-02	19480	19580	19600	19230	19400	19460	-20	430	15670
2010-11-03	19460	19600	19700	19320	19320	19545	85	880	15700
2010-11-04	19545	19490	19680	19350	19680	19550	5	680	15600
2010-11-05	19550	20300	20440	20300	20430	20370	820	940	15270
2010-11-08	20370	20380	20400	20000	20000	20185	-185	180	15330
2010-11-09	20185	20000	20500	20000	20250	20230	45	1150	15160
2010-11-10	20230	20350	20480	19900	20000	20255	25	500	15340
2010-11-11	20255	20100	20500	20000	20300	20280	25	1740	14840
2010-11-12	20280	19650	19695	19265	19265	19350	-930	220	14880
2010-11-15	19350	17995	18690	17995	18090	18355	-995	2680	15310
