2011-08-16					17510	17905	0		
2011-08-17	17905				17905	17905	0		
2011-08-18	17905				17820	17820	-85		
2011-08-19	17820				17570	17570	-250		
2011-08-22	17570				17600	17600	30		
2011-08-23	17600				17590	17590	-10		
2011-08-24	17590	17900	17900	17700	17700	17800	210	8	
2011-08-25	17800				17800	17800	0		
2011-08-26	17800	18000	18000	17800	17850	17885	85	16	4
2011-08-29	17885				17885	17885	0		4
2011-08-30	17885	18180	18180	18015	18050	18130	245	46	36
2011-08-31	18130	18080	18080	18080	18080	18080	-50	2	36
2011-09-01	18080	18040	18050	18020	18020	18025	-55	18	38
2011-09-02	18025	17900	17900	17900	17900	17900	-125	2	38
2011-09-05	17900	17735	17735	17735	17735	17735	-165	4	40
2011-09-06	17735	17730	17730	17515	17515	17635	-100	8	40
2011-09-07	17635	17890	17910	17890	17910	17900	265	4	40
2011-09-08	17900	18015	18030	17940	17940	17985	85	12	42
2011-09-09	17985	18000	18000	17955	17955	17980	-5	6	42
2011-09-13	17980	17745	17815	17730	17815	17760	-220	8	44
2011-09-14	17760	17515	17515	17515	17515	17515	-245	2	44
2011-09-15	17515	17600	17600	17570	17575	17580	65	10	44
2011-09-16	17580	17650	17670	17575	17575	17625	45	26	66
2011-09-19	17625	17260	17295	17175	17175	17240	-385	18	56
2011-09-20	17240	17020	17090	17020	17060	17055	-185	10	60
2011-09-21	17055	16965	17170	16900	17170	17055	0	10	56
2011-09-22	17055	16635	16820	16635	16685	16720	-335	10	56
2011-09-23	16720	15935	16290	15715	15715	16065	-655	292	90
2011-09-26	16065	15870	15885	15100	15100	15550	-515	44	112
2011-09-27	15550	15590	15795	15590	15635	15700	150	66	128
2011-09-28	15700	15785	15800	15655	15655	15780	80	52	160
2011-09-29	15780	14980	15300	14950	15130	15080	-700	18	168
2011-09-30	15080	15550	15900	15550	15900	15730	650	10	162
2011-10-10	15730				15730	15730	0		162
2011-10-11	15730	16045	16045	15635	15665	15790	60	14	164
2011-10-12	15790	15545	15760	15530	15760	15600	-190	16	174
2011-10-13	15600	15695	15720	15640	15640	15675	75	16	180
2011-10-14	15675	15845	15845	15680	15815	15735	60	36	186
2011-10-17	15735	15850	15855	15665	15675	15760	25	54	208
2011-10-18	15760	15380	15390	14980	15030	15125	-635	114	256
2011-10-19	15125	15040	15090	14935	14935	15020	-105	60	280
2011-10-20	15020	14360	14380	14115	14250	14240	-780	56	284
2011-10-21	14240	14435	14690	14400	14690	14510	270	50	288
2011-10-24	14510	14785	15220	14785	15220	15015	505	26	286
2011-10-25	15015	15375	15600	15245	15370	15430	415	90	264
2011-10-26	15430	15150	15155	15150	15155	15150	-280	24	280
2011-10-27	15150	15255	15275	15255	15275	15265	115	4	284
2011-10-28	15265	15765	15795	15580	15580	15700	435	32	294
2011-10-31	15700	15680	15740	15400	15425	15520	-180	32	296
2011-11-01	15520	15420	15545	15420	15420	15465	-55	12	296
2011-11-02	15465	15200	15255	15185	15255	15215	-250	8	296
2011-11-03	15215	15280	15315	15280	15315	15300	85	6	298
2011-11-04	15300	15695	15695	15685	15695	15690	390	14	302
2011-11-07	15690	15525	15525	15465	15465	15485	-205	8	302
2011-11-08	15485	15480	15495	15470	15495	15480	-5	6	300
2011-11-09	15480	15605	15605	15600	15600	15600	120	12	304
2011-11-10	15600	14880	15000	14705	14705	14870	-730	78	358
2011-11-11	14870	15125	15125	15000	15015	15045	175	26	360
2011-11-14	15045	15255	15735	15255	15605	15445	400	360	282
2011-11-15	15445	15450	15525	15445	15445	15480	35	14	282
2011-11-16	15480	15600	15600	15250	15260	15480	0	40	298
2011-11-17	15480	15420	15495	15420	15490	15445	-35	18	294
2011-11-18	15445	15155	15205	15155	15205	15180	-265	4	296
2011-11-21	15180	15315	15365	15290	15365	15320	140	12	298
2011-11-22	15320	15335	15400	15335	15400	15375	55	6	292
2011-11-23	15375	15510	15550	15310	15310	15400	25	20	296
2011-11-24	15400	15170	15270	15000	15270	15125	-275	54	320
2011-11-25	15125	15160	15160	15060	15060	15090	-35	6	314
2011-11-28	15090	15120	15330	15120	15330	15225	135	4	314
2011-11-29	15225				15400	15400	175		314
2011-11-30	15400	15340	15340	15290	15340	15300	-100	32	336
2011-12-01	15300	15970	16100	15880	15910	15955	655	24	338
2011-12-02	15955	15880	15925	15880	15925	15900	-55	4	336
2011-12-05	15900	15900	15905	15900	15905	15900	0	8	332
2011-12-06	15900	15775	15865	15775	15850	15835	-65	14	334
2011-12-07	15835	15910	16070	15905	15910	15960	125	20	336
2011-12-08	15960	15895	15970	15895	15970	15930	-30	4	338
2011-12-09	15930	15870	15870	15820	15820	15850	-80	12	344
2011-12-12	15850	15815	15815	15715	15715	15715	-135	42	382
2011-12-13	15715	15620	15620	15620	15620	15620	-95	4	382
2011-12-14	15620	15620	15620	15260	15260	15375	-245	18	382
2011-12-15	15375	14900	15100	14850	14945	14970	-405	26	388
2011-12-16	14970	15080	15175	15080	15160	15150	180	60	384
2011-12-19	15150	15030	15030	14940	15000	14985	-165	14	384
2011-12-20	14985	15000	15090	14965	14990	15025	40	36	396
2011-12-21	15025	15150	15165	15075	15075	15130	105	34	398
2011-12-22	15130	15100	15100	15100	15100	15100	-30	2	398
2011-12-23	15100	15140	15260	15130	15260	15215	115	36	410
2011-12-26	15215	15025	15060	14795	14865	14940	-275	26	418
2011-12-27	14940	14885	14975	14885	14960	14930	-10	14	420
2011-12-28	14930	15015	15015	14965	14965	14980	50	16	430
2011-12-29	14980	14850	14850	14775	14810	14815	-165	22	434
2011-12-30	14815	14970	15030	14905	15030	14970	155	36	456
2012-01-04	14970				15085	15085	115		456
2012-01-05	15085	15055	15105	15040	15095	15070	-15	42	446
2012-01-06	15070	15095	15095	14870	14950	14950	-120	22	442
2012-01-09	14950	14950	14970	14870	14970	14910	-40	44	434
2012-01-10	14910	14975	15190	14975	15160	15100	190	32	440
2012-01-11	15100	15255	15380	15255	15380	15300	200	100	416
2012-01-12	15300	15300	15640	15300	15620	15430	130	156	482
2012-01-13	15430	15585	15695	15585	15610	15640	210	54	472
2012-01-16	15640	15520	15775	15485	15720	15725	85	292	614
2012-01-17	15725	15840	16000	15750	15870	15800	75	368	694
2012-01-18	15800	15805	15865	15800	15865	15850	50	26	694
2012-01-19	15850	16000	16000	15950	15950	15980	130	6	694
2012-01-20	15980	15960	16120	15960	16000	16055	75	554	1150
2012-01-30	16055	16200	16560	16160	16325	16425	370	324	1114
2012-01-31	16425	16200	16310	16200	16310	16250	-175	68	1106
2012-02-01	16250	16310	16310	15980	15980	16120	-130	94	1050
2012-02-02	16120	16120	16180	16050	16175	16115	-5	36	1050
2012-02-03	16115	16230	16295	16205	16250	16245	130	8	1052
2012-02-06	16245	16195	16460	16190	16440	16420	175	130	968
2012-02-07	16420	16440	16470	16250	16300	16360	-60	90	968
2012-02-08	16360	17275	17275	16350	17100	16460	100	258	930
2012-02-09	16460	16515	16625	16465	16465	16540	80	60	910
2012-02-10	16540	16580	16580	16435	16450	16500	-40	68	902
2012-02-13	16500	16295	16385	16255	16380	16315	-185	84	898
2012-02-14	16315	16190	16265	16140	16180	16230	-85	58	896
2012-02-15	16230	16140	16295	16135	16205	16210	-20	92	926
2012-02-16	16210	15980	15980	15790	15875	15895	-315	54	916
2012-02-17	15895	15940	15970	15830	15830	15890	-5	44	928
2012-02-20	15890	15600	16010	15600	15830	15890	0	82	948
2012-02-21	15890	15900	15995	15900	15995	15955	65	88	976
2012-02-22	15955	16070	16080	16030	16050	16050	95	32	972
2012-02-23	16050	16090	16120	16025	16075	16080	30	48	966
2012-02-24	16080	16145	16145	16020	16020	16055	-25	58	998
2012-02-27	16055	16240	16270	16150	16200	16215	160	60	1026
2012-02-28	16215	16275	16415	16275	16410	16335	120	106	996
2012-02-29	16335	16360	16435	16360	16430	16405	70	50	1018
2012-03-01	16405	16285	16345	16210	16210	16270	-135	50	1036
2012-03-02	16270	16325	16380	16300	16365	16345	75	258	1206
2012-03-05	16345	16380	16415	16315	16315	16360	15	62	1222
2012-03-06	16360	16270	16270	16020	16060	16115	-245	130	1216
2012-03-07	16115	15820	15885	15695	15815	15825	-290	458	1440
2012-03-08	15825	15890	15950	15875	15930	15905	80	298	1546
2012-03-09	15905	15970	16080	15970	16080	16025	120	192	1542
2012-03-12	16025	16200	16200	16010	16080	16065	40	34	1554
2012-03-13	16065	16135	16240	16100	16235	16190	125	168	1548
2012-03-14	16190	16285	16355	16075	16100	16175	-15	660	1788
2012-03-15	16175	16110	16110	16005	16080	16080	-95	706	1642
2012-03-16	16080	16215	16300	16125	16170	16225	145	440	1788
2012-03-19	16225	16120	16135	16040	16085	16070	-155	264	1846
2012-03-20	16070	16120	16150	16025	16080	16065	-5	330	1756
2012-03-21	16065	16000	16030	15970	16000	15995	-70	804	1988
2012-03-22	15995	15960	15970	15770	15780	15835	-160	1334	2660
2012-03-23	15835	15835	15835	15685	15780	15745	-90	886	3244
2012-03-26	15745	15820	15865	15660	15660	15760	15	2824	5160
2012-03-27	15760	15760	15820	15715	15810	15760	0	2756	6084
2012-03-28	15760	15745	15840	15595	15600	15750	-10	5524	9078
2012-03-29	15750	15570	15625	15460	15480	15535	-215	3498	10620
2012-03-30	15535	15550	15630	15550	15615	15585	50	1906	11118
2012-04-05	15585	15555	15580	15335	15550	15485	-100	6854	13160
2012-04-06	15485	15605	15750	15545	15750	15610	125	6062	14686
2012-04-09	15610	15725	15880	15670	15720	15765	155	8916	15944
2012-04-10	15765	15670	15810	15655	15680	15725	-40	16506	21132
2012-04-11	15725	15510	15570	15460	15465	15515	-210	16504	24734
2012-04-12	15515	15520	15655	15520	15625	15590	75	13986	26522
2012-04-13	15590	15750	15765	15640	15650	15690	100	15232	28706
2012-04-16	15690	15420	15510	15370	15395	15450	-240	28508	37384
2012-04-17	15450	15480	15495	15440	15440	15465	15	21544	38964
2012-04-18	15465	15560	15615	15420	15605	15535	70	49196	53394
2012-04-19	15535	15500	15560	15500	15560	15530	-5	26934	56138
2012-04-20	15530	15560	15630	15510	15590	15570	40	33938	62108
2012-04-23	15570	15630	15650	15550	15555	15590	20	43824	62250
2012-04-24	15590	15545	15595	15480	15550	15535	-55	43926	65212
2012-04-25	15535	15550	15620	15535	15565	15570	35	43250	68610
2012-04-26	15570	15580	15695	15570	15685	15630	60	72586	92400
2012-04-27	15630	15720	15735	15655	15695	15685	55	63468	93076
2012-05-02	15685	15800	15815	15700	15765	15760	75	83782	103070
2012-05-03	15760	15650	15715	15600	15610	15655	-105	83622	111680
2012-05-04	15655	15550	15610	15535	15605	15575	-80	70170	120952
2012-05-07	15575	15515	15540	15420	15450	15460	-115	84276	129176
2012-05-08	15460	15500	15540	15465	15465	15500	40	71460	135484
2012-05-09	15500	15400	15430	15290	15340	15355	-145	138044	149760
2012-05-10	15355	15300	15350	15250	15310	15295	-60	136710	166470
2012-05-11	15295	15295	15315	15100	15115	15195	-100	144326	166804
2012-05-14	15195	15195	15215	14910	14970	15055	-140	146478	170570
2012-05-15	15055	14900	15040	14840	15025	14940	-115	112858	167562
2012-05-16	14940	14980	15065	14855	14860	14970	30	112424	172690
2012-05-17	14970	14915	15025	14870	14975	14940	-30	103566	168020
2012-05-18	14940	14910	14950	14785	14855	14870	-70	95034	165960
2012-05-21	14870	14930	15090	14925	14990	14995	125	73620	161022
2012-05-22	14995	15005	15020	14935	14945	14975	-20	35654	158028
2012-05-23	14975	14880	14880	14685	14755	14780	-195	51458	151074
2012-05-24	14780	14750	14755	14620	14725	14685	-95	36474	145862
2012-05-28	14720	14860	14960	14835	14960	14895	175	33302	128486
2012-05-29	14895	14910	14990	14890	14975	14935	40	19010	121884
2012-05-30	14935	14915	14925	14820	14870	14875	-60	16532	119956
2012-05-31	14875	14735	14820	14680	14775	14770	-105	15072	115504
2012-06-01	14770	14800	14840	14720	14755	14770	0	12850	112948
2012-06-04	14770	14650	14660	14465	14510	14565	-205	28216	107182
2012-06-05	14565	14595	14700	14595	14675	14655	90	9672	104482
2012-06-06	14655	14730	14815	14665	14785	14755	100	14350	101202
2012-06-07	14755	14825	14860	14700	14710	14775	20	8828	99952
2012-06-08	14775	14750	14750	14675	14685	14715	-60	7994	97864
2012-06-11	14715	14800	14955	14800	14855	14875	160	18352	90252
2012-06-12	14875	14795	14795	14700	14735	14725	-150	3982	90082
2012-06-13	14725	14780	14815	14720	14770	14765	40	6506	87926
2012-06-14	14765	14710	14810	14710	14770	14765	0	5250	86366
2012-06-15	14765	14795	14895	14795	14880	14840	75	9116	82358
2012-06-18	14840	14915	15090	14890	14945	14950	110	14452	76414
2012-06-19	14950	14860	14915	14820	14840	14890	-60	7036	73004
2012-06-20	14890	14890	14930	14860	14880	14890	0	6548	70696
2012-06-21	14890	14730	14730	14605	14615	14695	-195	9384	66708
2012-06-25	14695	14450	14595	14450	14535	14555	-140	6862	63224
2012-06-26	14555	14560	14580	14250	14300	14445	-110	7168	61536
2012-06-27	14445	14290	14335	14150	14220	14210	-235	14578	54918
2012-06-28	14210	14280	14355	14225	14340	14295	85	8324	50626
2012-06-29	14295	14320	14600	14320	14580	14465	170	13884	45624
2012-07-02	14465	14505	14780	14505	14645	14640	175	10254	41324
2012-07-03	14640	14690	14820	14660	14790	14755	115	9312	38950
2012-07-04	14755	14870	14870	14720	14780	14800	45	6960	35946
2012-07-05	14800	14795	14810	14720	14795	14775	-25	3612	34316
2012-07-06	14775	14765	14765	14610	14650	14670	-105	2456	34168
2012-07-09	14670	14585	14720	14585	14660	14645	-25	1436	33898
2012-07-10	14645	14645	14720	14590	14590	14685	40	2414	33310
2012-07-11	14685	14575	14635	14560	14620	14605	-80	3152	32194
2012-07-12	14605	14675	14675	14530	14590	14575	-30	1654	31634
2012-07-13	14575	14580	14720	14580	14700	14660	85	3964	29584
2012-07-16	14660	14760	14775	14680	14740	14735	75	4514	27360
2012-07-17	14735	14815	14845	14695	14755	14755	20	2452	26124
2012-07-18	14755	14745	14755	14700	14750	14735	-20	2664	24624
2012-07-19	14735	14815	14815	14730	14785	14785	50	4044	22544
2012-07-20	14785	14800	14800	14655	14675	14705	-80	3472	21132
2012-07-23	14705	14515	14570	14400	14430	14495	-210	4612	18940
2012-07-24	14495	14400	14520	14400	14490	14470	-25	2138	17828
2012-07-25	14470	14430	14470	14340	14370	14405	-65	2776	16690
2012-07-26	14405	14430	14445	14390	14430	14420	15	1444	15618
2012-07-27	14420	14435	14605	14425	14580	14545	125	3450	13300
2012-07-30	14545	14580	14650	14560	14595	14610	65	2266	11814
2012-07-31	14610	14610	14675	14585	14665	14630	20	2546	9570
2012-08-01	14630	14545	14580	14520	14560	14550	-80	620	9210
2012-08-02	14550	14500	14545	14500	14545	14515	-35	1120	8590
2012-08-03	14515	14485	14545	14485	14545	14520	5	1020	7790
2012-08-06	14520	14600	14605	14495	14605	14590	70	1170	6840
2012-08-07	14590	14590	14620	14585	14605	14590	0	640	6480
2012-08-08	14590	14680	14685	14650	14660	14665	75	2090	5440
2012-08-09	14665	14700	14730	14690	14730	14705	40	1530	4520
2012-08-10	14705	14710	14730	14590	14730	14660	-45	1090	4230
2012-08-13	14660	14570	14650	14570	14580	14610	-50	470	4040
2012-08-14	14610	14675	14675	14560	14625	14590	-20	930	3890
2012-08-15	14590	14575	14600	14555	14565	14570	-20	880	3510
