2008-06-18	16240	15410	15410	15410	15410	15410	-830	10	10
2008-06-19	15410	?	?	?	15410	15410	0	?	10
2008-06-20	15410	?	?	?	15410	15410	0	?	10
2008-06-24	15410	?	?	?	15410	15410	0	?	10
2008-06-25	15410	16025	16025	16025	16025	16025	615	4	10
2008-06-26	16025	16450	16530	16450	16530	16510	485	8	2
2008-06-27	16510	16550	16550	16250	16250	16410	-100	298	24
2008-06-30	16410	16200	16560	16200	16560	16365	-45	262	2
2008-07-01	16365	?	?	?	16560	16365	0	?	2
2008-07-02	16365	16020	16350	16020	16350	16235	-130	6	2
2008-07-03	16235	?	?	?	16350	16235	0	?	2
2008-07-04	16235	16350	16350	15610	15690	15705	-530	70	52
2008-07-07	15705	15740	15740	15740	15740	15740	35	2	54
2008-07-08	15740	15300	15580	15300	15550	15455	-285	8	52
2008-07-09	15455	15500	15500	15405	15445	15435	-20	14	58
2008-07-10	15435	15500	15500	15500	15500	15500	65	2	58
2008-07-11	15500	15900	15990	15850	15990	15870	370	36	50
2008-07-14	15870	16440	16440	16305	16350	16380	510	8	46
2008-07-15	16380	16005	16005	15890	15890	15960	-420	12	56
2008-07-16	15960	15650	15650	15590	15590	15605	-355	14	58
2008-07-17	15605	15585	15605	15505	15505	15575	-30	10	58
2008-07-18	15575	15305	15305	15305	15305	15305	-270	2	60
2008-07-21	15305	15480	15545	15450	15450	15485	180	8	62
2008-07-22	15485	15550	15550	15550	15550	15550	65	6	62
2008-07-23	15550	15550	15650	15370	15370	15535	-15	28	62
2008-07-24	15535	15795	15795	15300	15300	15545	10	4	64
2008-07-25	15545	15300	15450	15300	15450	15375	-170	4	66
2008-07-28	15375	15495	15495	15495	?	?	?	4	68
2008-07-29	15355	15900	15900	15600	15600	15695	340	18	74
2008-07-30	15695	15300	15300	15300	15300	15300	-395	2	74
2008-07-31	15300	15700	15700	15700	15700	15700	400	4	72
2008-08-01	15700	16100	16100	15400	15400	15535	-165	12	78
2008-08-04	15535	15400	15465	15200	15410	15390	-145	14	78
2008-08-05	15390	14800	14900	14770	14770	14830	-560	26	98
2008-08-06	14830	?	?	?	14770	14830	0	?	98
2008-08-07	14830	?	?	?	14770	14830	0	?	98
2008-08-08	14830	14550	14600	14550	14600	14575	-255	4	100
2008-08-11	14575	14280	14295	14050	14050	14215	-360	22	114
2008-08-12	14215	14030	14100	14030	14100	14065	-150	4	116
2008-08-13	14065	13795	13990	13705	13990	13810	-255	62	170
2008-08-14	13810	?	?	?	13990	13810	0	?	170
2008-08-15	13810	13680	13780	13320	13710	13565	-245	148	180
2008-08-18	13565	?	?	?	13710	13565	0	?	180
2008-08-19	13565	13730	13740	13670	13670	13720	155	18	182
2008-08-20	13720	14100	14100	14070	14090	14085	365	18	196
2008-08-21	14085	?	?	?	14090	14085	0	?	196
2008-08-22	14085	14500	14550	14500	14550	14530	445	18	190
2008-08-25	14530	14285	14285	14000	14000	14140	-390	4	190
2008-08-26	14140	?	?	?	14000	14140	0	?	190
2008-08-27	14140	?	?	?	14000	14140	0	?	190
2008-08-28	14140	?	?	?	14000	14140	0	?	190
2008-08-29	14140	14200	14700	14200	14320	14380	240	8	188
2008-09-01	14380	14560	14620	14450	14470	14575	195	24	184
2008-09-02	14575	14470	14470	14360	14360	14415	-160	4	184
2008-09-03	14415	?	?	?	14360	14415	0	?	184
2008-09-04	14415	14400	14600	14400	14535	14495	80	28	184
2008-09-05	14495	?	?	?	14535	14495	0	?	184
2008-09-08	14495	14200	14200	14200	14200	14200	-295	2	184
2008-09-09	14200	14110	14110	14005	14050	14065	-135	8	186
2008-09-10	14065	13850	14050	13825	14050	13920	-145	24	178
2008-09-11	13920	14140	14155	14140	14150	14145	225	6	176
2008-09-12	14145	14540	14540	14540	14540	14540	395	2	176
2008-09-16	14540	13960	14100	13955	14000	14005	-535	14	178
2008-09-17	14005	14350	14350	14200	14200	14275	270	4	178
2008-09-18	14275	14350	14350	14060	14170	14185	-90	12	176
2008-09-19	14185	?	?	?	14170	14185	0	?	176
2008-09-22	14185	14450	14500	14450	14500	14480	295	12	176
2008-09-23	14480	14500	14520	14500	14520	14510	30	22	180
2008-09-24	14510	14995	15000	14380	14595	14590	80	76	184
2008-09-25	14590	?	?	?	14595	14590	0	?	184
2008-09-26	14590	?	?	?	14595	14590	0	?	184
2008-10-06	14590	14005	14005	14005	14005	14005	-585	6	178
2008-10-07	14005	13160	13160	13160	13160	13160	-845	10	176
2008-10-08	13160	13250	13280	12800	13060	13010	-150	108	162
2008-10-09	13010	12875	12875	12485	12525	12640	-370	82	148
2008-10-10	12640	12200	12200	12200	12200	12200	-440	4	146
2008-10-13	12200	12405	12405	12405	12405	12405	205	2	148
2008-10-14	12405	12895	12895	12490	12510	12635	230	66	190
2008-10-15	12635	12125	12125	12125	12125	12125	-510	12	188
2008-10-16	12125	11395	11395	11395	11395	11395	-730	4	186
2008-10-17	11395	10810	11100	10755	11100	10815	-580	204	304
2008-10-20	10815	10900	11245	10860	11245	11135	320	68	282
2008-10-21	11135	10860	10860	10465	10465	10510	-625	390	552
2008-10-22	10510	10120	10440	10085	10085	10140	-370	308	608
2008-10-23	10140	9560	9850	9530	9630	9575	-565	358	500
2008-10-24	9575	9955	9955	9500	9500	9710	135	420	614
2008-10-27	9710	9800	9850	9320	9320	9500	-210	710	796
2008-10-28	9500	9600	9800	9200	9700	9450	-50	566	876
2008-10-29	9450	9600	9800	9520	9770	9735	285	596	1322
2008-10-30	9735	10120	10120	9950	10120	10095	360	420	1536
2008-10-31	10095	9485	9865	9485	9590	9665	-430	778	1780
2008-11-03	9665	10000	10050	9970	9975	10010	345	148	1790
2008-11-04	10010	10050	10075	9920	10075	9985	-25	234	1866
2008-11-05	9985	10175	10225	10000	10050	10115	130	300	1882
2008-11-06	10115	9750	9850	9750	9780	9800	-315	10	1880
2008-11-07	9800	9555	9995	9555	9800	9800	0	238	1964
2008-11-10	9800	9980	10020	9915	9965	9970	170	160	2036
2008-11-11	9970	9870	9880	9700	9740	9770	-200	104	2066
2008-11-12	9770	9875	9880	9820	9880	9870	100	46	2066
2008-11-13	9870	9950	9950	9915	9925	9930	60	14	2058
2008-11-14	9930	10050	10110	10000	10050	10040	110	92	2032
2008-11-17	10040	9820	10065	9820	10030	10005	-35	198	2120
2008-11-18	10005	10030	10090	9930	9960	9995	-10	214	2172
2008-11-19	9995	10070	10090	10015	10090	10035	40	48	2130
2008-11-20	10035	9760	9900	9660	9700	9795	-240	214	2156
2008-11-21	9795	9700	9760	9500	9750	9605	-190	174	2164
2008-11-24	9605	9895	9895	9800	9825	9855	250	50	2170
2008-11-25	9855	10000	10035	9905	9990	9995	140	126	2118
2008-11-26	9995	10095	10095	9985	10050	10040	45	72	2118
2008-11-27	10040	10140	10150	9970	9970	10095	55	24	2114
2008-11-28	10095	9905	9920	9760	9865	9820	-275	138	2140
2008-12-01	9820	9885	9885	9885	9885	9885	65	4	2140
2008-12-02	9885	9880	9930	9815	9815	9880	-5	166	2258
2008-12-03	9880	9880	9880	9730	9755	9780	-100	102	2228
2008-12-04	9780	9600	9600	9385	9385	9400	-380	1624	2786
2008-12-05	9400	9225	9345	8835	8835	8965	-435	1572	2826
2008-12-08	8965	8610	9320	8610	9320	9215	250	298	2752
2008-12-09	9215	9400	9585	9200	9415	9375	160	298	2632
2008-12-10	9375	9520	9690	9390	9520	9535	160	264	2540
2008-12-11	9535	9645	9645	9285	9470	9400	-135	816	2342
2008-12-12	9400	9320	9365	9100	9250	9225	-175	514	2540
2008-12-15	9225	9420	9475	9390	9450	9435	210	102	2558
2008-12-16	9435	9390	9390	9200	9300	9290	-145	160	2620
2008-12-17	9290	9325	9370	9290	9350	9320	30	828	2576
2008-12-18	9320	9355	9365	9300	9310	9325	5	50	2548
2008-12-19	9325	9250	9650	9250	9500	9435	110	610	2522
2008-12-22	9435	9500	9810	9500	9810	9725	290	508	2374
2008-12-23	9725	9810	9825	9670	9710	9740	15	170	2360
2008-12-24	9740	9860	9860	9725	9860	9795	55	136	2362
2008-12-25	9795	9820	9845	9735	9820	9805	10	434	2476
2008-12-26	9805	9765	9780	9700	9700	9725	-80	78	2484
2008-12-29	9725	9850	9965	9765	9830	9830	105	156	2496
2008-12-30	9830	9995	9995	9800	9825	9845	15	72	2482
2008-12-31	9845	9835	10235	9830	10235	9960	115	92	2488
2009-01-05	9960	10555	10555	10450	10555	10545	585	210	2514
2009-01-06	10545	10700	11175	10560	11175	10945	400	530	2476
2009-01-07	10945	11320	11600	10910	11095	11445	500	1104	2664
2009-01-08	11445	10870	10870	10870	10870	10870	-575	70	2662
2009-01-09	10870	10600	11125	10500	10800	10825	-45	1296	2994
2009-01-12	10825	11360	11360	11000	11000	11160	335	482	3152
2009-01-13	11160	10600	11000	10600	10830	10810	-350	648	3306
2009-01-14	10810	11230	11230	11030	11230	11105	295	646	3376
2009-01-15	11105	11295	11295	10870	10900	10920	-185	582	3656
2009-01-16	10920	11000	11170	10960	11095	11060	140	592	3796
2009-01-19	11060	11010	11190	10915	11000	11095	35	476	3846
2009-01-20	11095	10990	11005	10600	10720	10800	-295	1108	4334
2009-01-21	10800	10350	10680	10350	10535	10570	-230	350	4450
2009-01-22	10570	10200	10275	10040	10180	10140	-430	594	4642
2009-01-23	10140	10035	10250	10035	10210	10140	0	1060	4974
2009-02-02	10140	10110	10330	9900	9925	9945	-195	3034	6662
2009-02-03	9945	9975	10360	9975	10300	10205	260	4096	8044
2009-02-04	10205	10410	10505	10285	10340	10375	170	5794	9382
2009-02-05	10375	10375	10465	10235	10260	10385	10	3876	10146
2009-02-06	10385	10160	10560	10050	10525	10405	20	3898	10980
2009-02-09	10405	10620	10925	10620	10925	10840	435	7988	14150
2009-02-10	10840	10880	10900	10610	10745	10720	-120	8144	16512
2009-02-11	10720	10585	10640	10220	10300	10510	-210	14510	22414
2009-02-12	10510	10395	10550	10320	10500	10455	-55	10562	25318
2009-02-13	10455	10495	10555	10405	10460	10480	25	6096	26650
2009-02-16	10480	10440	10440	10230	10265	10305	-175	8354	29048
2009-02-17	10305	10200	10465	10130	10350	10325	20	15734	33796
2009-02-18	10325	10180	10310	9985	10140	10145	-180	24102	38970
2009-02-19	10145	10300	10335	10105	10170	10205	60	13610	41570
2009-02-20	10205	10240	10255	10080	10080	10165	-40	20546	47196
2009-02-23	10165	9935	10250	9930	10230	10120	-45	26160	52218
2009-02-24	10120	10140	10195	10050	10090	10105	-15	26256	59210
2009-02-25	10105	10350	10400	10205	10275	10295	190	45290	69512
2009-02-26	10295	10450	10455	10220	10235	10345	50	39108	69844
2009-02-27	10345	10260	10280	10075	10150	10160	-185	26688	73362
2009-03-02	10160	10240	10360	10100	10285	10245	85	42486	75674
2009-03-03	10245	10100	10320	10095	10290	10245	0	47086	82828
2009-03-04	10245	10390	10550	10320	10545	10450	205	114490	108274
2009-03-05	10450	10960	10960	10550	10570	10730	280	148376	113412
2009-03-06	10730	10650	10720	10580	10685	10650	-80	110682	116080
2009-03-09	10650	10730	10730	10420	10435	10575	-75	92274	116612
2009-03-10	10575	10495	10630	10420	10610	10540	-35	135208	123016
2009-03-11	10540	10700	10700	10560	10570	10625	85	96692	113970
2009-03-12	10625	10550	10630	10510	10610	10555	-70	62600	111680
2009-03-13	10555	10670	10670	10545	10570	10610	55	74740	111982
2009-03-16	10610	10545	10725	10505	10720	10645	35	99614	117796
2009-03-17	10645	10790	10880	10705	10725	10785	140	182864	117486
2009-03-18	10785	10730	10785	10670	10730	10730	-55	104226	115076
2009-03-19	10730	10760	10935	10705	10870	10810	80	156672	116506
2009-03-20	10810	10950	11250	10920	11230	11070	260	232572	129394
2009-03-23	11070	11160	11620	11150	11605	11415	345	199166	123404
2009-03-24	11415	11580	11740	11220	11415	11445	30	206490	113146
2009-03-25	11445	11400	11475	11280	11280	11375	-70	121304	108594
2009-03-26	11375	11380	11690	11360	11660	11530	155	168742	105940
2009-03-27	11530	11790	11960	11445	11575	11730	200	171622	95214
2009-03-30	11730	11625	11710	11485	11525	11600	-130	98822	85966
2009-03-31	11600	11455	11695	11330	11675	11525	-75	79030	79154
2009-04-01	11525	11675	11770	11585	11615	11690	165	54404	71800
2009-04-02	11690	11680	11790	11615	11770	11695	5	29528	67546
2009-04-03	11695	11770	11830	11650	11735	11740	45	16788	60036
2009-04-07	11740	11850	12275	11810	12250	12055	315	26246	55196
2009-04-08	12055	12070	12180	11765	11845	11965	-90	19014	50070
2009-04-09	11965	12005	12170	12000	12170	12085	120	9180	47926
2009-04-10	12085	12345	12680	12200	12660	12500	415	15572	43688
2009-04-13	12500	12665	13090	12605	12930	12875	375	16284	40464
2009-04-14	12875	12975	13050	12540	12745	12735	-140	13304	38050
2009-04-15	12735	12745	13270	12710	13085	13070	335	13448	35816
2009-04-16	13070	13630	13720	13520	13720	13655	585	17584	33572
2009-04-17	13655	13620	13800	13470	13540	13645	-10	16514	30236
2009-04-20	13645	13585	13690	13330	13365	13500	-145	8602	27392
2009-04-21	13500	12945	12980	12825	12825	12835	-665	776	27490
2009-04-22	12835	12710	12840	12260	12335	12605	-230	12044	24460
2009-04-23	12605	12310	12450	12135	12430	12315	-290	6480	22388
2009-04-24	12315	12285	12330	12070	12100	12205	-110	6536	20992
2009-04-27	12205	12200	12250	11780	11805	11945	-260	3186	20080
2009-04-28	11945	11695	12000	11695	11905	11895	-50	3396	18160
2009-04-29	11895	11900	12255	11860	12255	12000	105	3704	16478
2009-04-30	12000	12380	12505	12280	12395	12395	395	3160	15492
2009-05-04	12395	12700	13135	12700	13135	13050	655	2358	14660
2009-05-05	13050	13150	13350	12145	12670	12830	-220	2580	13116
2009-05-06	12830	12825	13000	12650	12995	12870	40	1882	12068
2009-05-07	12870	13300	13350	13055	13105	13210	340	2572	10984
2009-05-08	13210	13190	13200	12820	13165	13050	-160	1114	10328
2009-05-11	13050	13050	13050	12490	12520	12660	-390	1820	9342
2009-05-12	12660	12650	12750	12500	12700	12615	-45	990	8860
2009-05-13	12615	12780	12850	12600	12800	12760	145	518	8694
2009-05-14	12760	12330	12520	12310	12425	12415	-345	1058	7938
2009-05-15	12415	12590	12625	12430	12600	12555	140	826	7318
2009-05-18	12555	12475	12680	12350	12570	12495	-60	1072	6946
2009-05-19	12495	12750	13080	12750	13030	12910	415	786	6754
2009-05-20	12910	12870	12930	12750	12750	12840	-70	442	6714
2009-05-21	12840	12650	12750	12525	12610	12620	-220	624	6780
2009-05-22	12620	12570	12775	12565	12775	12655	35	360	6702
2009-05-25	12655	12800	12800	12650	12670	12735	80	450	6604
2009-05-26	12735	12700	12770	12575	12580	12655	-80	750	6478
2009-05-27	12655	12780	12960	12400	12960	12645	-10	452	6112
2009-06-01	12645	12900	13160	12900	13065	13025	380	892	5740
2009-06-02	13025	13050	13090	13020	13025	13035	10	470	5590
2009-06-03	13035	13090	13100	13030	13100	13080	45	220	5480
2009-06-04	13080	13070	13085	12970	13070	13055	-25	590	5420
2009-06-05	13055	13270	13395	13270	13320	13365	310	1250	5170
2009-06-08	13365	13370	13370	13180	13190	13295	-70	830	4840
2009-06-09	13295	13335	13335	13200	13300	13255	-40	510	4830
2009-06-10	13255	13385	13575	13385	13520	13515	260	570	4740
2009-06-11	13515	13440	13700	13440	13575	13525	10	890	4390
2009-06-12	13525	14000	14000	13620	13780	13755	230	1240	4150
2009-06-15	13755	13850	13850	13170	13270	13450	-305	1050	4050
