2011-10-18		54870	55620	54870	54940	55120	0	22	8
2011-10-19	55120	55160	55600	54220	54310	54970	-150	110	76
2011-10-20	54970	52220	52220	51670	51900	51820	-3150	98	140
2011-10-21	51820	51880	53000	51460	52080	52080	260	76	182
2011-10-24	52080	53090	55200	53060	55200	54180	2100	140	250
2011-10-25	54180	56010	57960	55680	57050	56600	2420	318	460
2011-10-26	56600	56680	57970	56260	57760	57110	510	106	470
2011-10-27	57110	57860	57970	57450	57970	57790	680	38	474
2011-10-28	57790	61250	61250	59500	59920	60160	2370	70	494
2011-10-31	60160	59350	59420	57770	58560	58980	-1180	90	480
2011-11-01	58980	57990	59550	57990	58200	58430	-550	50	498
2011-11-02	58430	57970	58490	57480	58490	57770	-660	30	498
2011-11-03	57770	58310	58310	56800	56800	57600	-170	76	512
2011-11-04	57600	58000	59790	58000	59360	58920	1320	44	516
2011-11-07	58920	58590	58610	57800	58310	58140	-780	80	518
2011-11-08	58140	58540	58540	57680	58110	58020	-120	80	506
2011-11-09	58020	58020	59130	58020	58080	58610	590	28	506
2011-11-10	58610	56170	56170	55090	55090	55250	-3360	196	608
2011-11-11	55250	55550	56310	55450	56150	55920	670	178	652
2011-11-14	55920	57230	58770	57230	58770	57930	2010	90	640
2011-11-15	57930	57670	58180	57650	57860	57840	-90	90	638
2011-11-16	57840	58430	58490	56600	56780	57100	-740	114	646
2011-11-17	57100	56660	57390	56120	57250	56720	-380	116	652
2011-11-18	56720	55300	55980	55270	55850	55690	-1030	44	646
2011-11-21	55690	54750	55630	54750	55500	55400	-290	70	654
2011-11-22	55400	55020	55340	54990	55050	55110	-290	48	646
2011-11-23	55110	55660	55690	54500	54500	55010	-100	92	658
2011-11-24	55010	54560	54680	53100	54110	53990	-1020	134	696
2011-11-25	53990	54010	54130	53570	53660	53960	-30	130	674
2011-11-28	53960	55470	55570	55150	55150	55370	1410	34	672
2011-11-29	55370	55180	55490	55040	55450	55270	-100	90	688
2011-11-30	55270	55320	55320	54580	54900	54920	-350	60	674
2011-12-01	54920	58210	58210	57740	57820	57910	2990	50	692
2011-12-02	57910	56470	58050	56470	58050	57720	-190	74	698
2011-12-05	57720	58380	58380	58030	58030	58210	490	16	696
2011-12-06	58210	57500	57800	57400	57690	57580	-630	60	702
2011-12-07	57580	57900	58400	57820	58400	58050	470	64	696
2011-12-08	58050	57810	57870	57710	57870	57780	-270	28	690
2011-12-09	57780	57280	57370	56950	56950	57250	-530	26	692
2011-12-12	57250	57100	57100	56500	56530	56710	-540	28	686
2011-12-13	56710	55950	56020	55810	55850	55920	-790	70	718
2011-12-14	55920	55460	55590	55340	55550	55570	-350	184	852
2011-12-15	55570	52420	53650	52420	53000	53520	-2050	160	882
2011-12-16	53520	53420	54310	53420	54130	53770	250	86	894
2011-12-19	53770	53770	54600	53050	53770	53430	-340	60	904
2011-12-20	53430	53930	53970	53300	53650	53710	280	32	892
2011-12-21	53710	54500	54590	54440	54440	54490	780	54	894
2011-12-22	54490	54400	54640	54300	54510	54420	-70	74	888
2011-12-23	54420	55520	55540	55320	55540	55480	1060	22	882
2011-12-26	55480	55650	55650	55150	55150	55400	-80	16	886
2011-12-27	55400	55140	55140	54980	55130	55100	-300	48	910
2011-12-28	55100	55320	55470	55320	55470	55390	290	4	910
2011-12-29	55390	54400	54500	54200	54200	54350	-1040	28	912
2011-12-30	54350	55140	55400	54780	55400	54900	550	26	908
2012-01-04	54900	56340	56450	55800	55800	56250	1350	40	900
2012-01-05	56250	56050	56110	55980	56010	56020	-230	18	888
2012-01-06	56020	56130	56130	55700	55990	55890	-130	26	900
2012-01-09	55890	55540	55800	55200	55580	55440	-450	26	912
2012-01-10	55440	55350	56270	55170	55980	55760	320	140	928
2012-01-11	55760	56200	57030	56190	57020	56510	750	70	918
2012-01-12	56510	57150	57800	57050	57770	57480	970	66	896
2012-01-13	57480	57400	58690	57400	58460	58420	940	220	956
2012-01-16	58420	57900	58760	57870	58760	58270	-150	48	946
2012-01-17	58270	58850	60500	58850	60490	60100	1830	446	918
2012-01-18	60100	60410	60550	60000	60100	60310	210	90	916
2012-01-19	60310	60820	61100	60580	61000	60880	570	182	942
2012-01-20	60880	61240	61540	60900	60900	61060	180	320	888
2012-01-30	61060	61340	61650	60580	60580	60930	-130	74	868
2012-01-31	60930	60900	61000	60520	61000	60870	-60	56	838
2012-02-01	60870	60400	60400	59720	59810	60170	-700	104	828
2012-02-02	60170	60450	60500	60010	60440	60330	160	38	814
2012-02-03	60330	60040	60600	60040	60510	60480	150	98	836
2012-02-06	60480	61360	61550	61100	61220	61320	840	84	848
2012-02-07	61320	61220	61220	60000	60370	60490	-830	400	1018
2012-02-08	60490	60650	62020	60630	62020	61440	950	234	1130
2012-02-09	61440	61770	62400	61650	61720	61810	370	140	1130
2012-02-10	61810	62100	62370	61950	62040	62170	360	36	1136
2012-02-13	62170	61240	61350	60770	61200	61070	-1100	68	1134
2012-02-14	61070	60720	60720	60210	60350	60380	-690	190	1216
2012-02-15	60380	60500	61070	60300	60800	60820	440	80	1236
2012-02-16	60820	60750	60750	59010	59400	59550	-1270	336	1128
2012-02-17	59550	60240	60300	59910	60020	60120	570	98	1110
2012-02-20	60120	60440	60530	59300	59420	59590	-530	330	1238
2012-02-21	59590	59590	60180	59370	60150	59910	320	132	1262
2012-02-22	59910	60820	60850	60550	60680	60640	730	134	1284
2012-02-23	60640	60460	60600	59720	60520	60370	-270	198	1304
2012-02-24	60370	60560	60720	59810	59830	60170	-200	218	1260
2012-02-27	60170	60400	60980	60370	60820	60670	500	68	1264
2012-02-28	60670	60880	61390	60850	61390	61080	410	114	1232
2012-02-29	61080	61150	61440	61000	61360	61230	150	118	1258
2012-03-01	61230	60820	60930	60540	60670	60780	-450	200	1278
2012-03-02	60780	61190	61840	61160	61780	61560	780	172	1284
2012-03-05	61560	61670	61940	61420	61510	61600	40	168	1314
2012-03-06	61600	61500	61500	60590	60610	60750	-850	160	1262
2012-03-07	60750	59720	59800	59330	59620	59520	-1230	480	1490
2012-03-08	59520	59980	60020	59750	59750	59910	390	252	1500
2012-03-09	59910	60040	60750	60040	60750	60310	400	198	1448
2012-03-12	60310	61020	61060	60690	60810	60910	600	172	1480
2012-03-13	60910	60850	61400	60850	61400	61230	320	128	1504
2012-03-14	61230	61680	61760	60850	60880	61250	20	274	1576
2012-03-15	61250	60720	60900	60400	60780	60590	-660	238	1600
2012-03-16	60590	61280	61400	61000	61200	61210	620	120	1618
2012-03-19	61210	60970	60980	60500	60580	60650	-560	146	1636
2012-03-20	60650	60970	61060	60500	60850	60750	100	214	1762
2012-03-21	60750	60440	60800	60440	60780	60650	-100	82	1790
2012-03-22	60650	60750	60770	59940	60060	60220	-430	234	1854
2012-03-23	60220	59990	60390	59930	60390	60070	-150	218	1926
2012-03-26	60070	60570	60650	60480	60520	60540	470	84	1912
2012-03-27	60540	61190	61330	61110	61220	61150	610	88	1882
2012-03-28	61150	60890	60940	60400	60400	60820	-330	334	2006
2012-03-29	60820	60170	60190	59850	59990	59980	-840	494	2212
2012-03-30	59980	60300	60400	60200	60300	60270	290	166	2212
2012-04-05	60270	60170	60330	59490	60270	60050	-220	614	2484
2012-04-06	60050	60300	60730	60130	60720	60260	210	936	2550
2012-04-09	60260	60400	60580	60080	60080	60370	110	222	2544
2012-04-10	60370	60000	60200	59560	59600	59810	-560	792	2722
2012-04-11	59810	58600	58600	57840	57990	58130	-1680	1084	3042
2012-04-12	58130	58120	58480	57950	58400	58250	120	858	3098
2012-04-13	58250	58750	59020	58120	58220	58550	300	618	3098
2012-04-16	58550	56980	57060	56690	56860	56920	-1630	1530	3420
2012-04-17	56920	55200	57270	55200	56600	56910	-10	880	3614
2012-04-18	56910	57200	58040	57070	57990	57570	660	2694	4396
2012-04-19	57570	57400	57760	57400	57700	57620	50	1016	4640
2012-04-20	57620	57740	57970	57530	57760	57780	160	1340	4794
2012-04-23	57780	58180	58180	57400	57400	57710	-70	2112	5592
2012-04-24	57710	57400	57760	57190	57570	57460	-250	1718	6020
2012-04-25	57460	57710	57710	57470	57580	57590	130	716	6200
2012-04-26	57590	57780	58330	57670	58300	57970	380	2492	6996
2012-04-27	57970	58610	58630	58350	58460	58500	530	2504	7992
2012-05-02	58500	58800	58950	58570	58760	58740	240	2720	9082
2012-05-03	58740	58520	58570	58010	58090	58290	-450	1270	9200
2012-05-04	58290	57910	58370	57890	58370	58140	-150	984	9084
2012-05-07	58140	57600	57710	57300	57610	57490	-650	2848	9676
2012-05-08	57490	57790	58020	57650	57690	57890	400	2210	10616
2012-05-09	57890	57540	57540	57070	57400	57290	-600	3052	11172
2012-05-10	57290	57360	57780	57360	57780	57590	300	3496	12342
2012-05-11	57590	57700	57700	57260	57350	57400	-190	4788	14196
2012-05-14	57400	57530	57660	56050	56200	56590	-810	17778	17642
2012-05-15	56590	55480	55850	55150	55780	55490	-1100	21482	23108
2012-05-16	55490	55200	55480	54320	54340	54930	-560	29720	31010
2012-05-17	54930	54900	55420	54600	55390	55030	100	29184	36314
2012-05-18	55030	54870	55400	54720	55170	55010	-20	31264	38130
2012-05-21	55010	55660	56110	55520	55830	55830	820	28380	40550
2012-05-22	55830	56100	56100	55770	55830	55920	90	20488	44058
2012-05-23	55920	55190	55240	54680	54900	54950	-970	35300	51554
2012-05-24	54950	54980	55120	54500	55040	54840	-110	39458	54392
2012-05-28	55050	55520	56170	55460	56130	55840	790	37148	56882
2012-05-29	55840	55860	56130	55620	55990	55880	40	41392	56230
2012-05-30	55880	55560	55560	55010	55170	55250	-630	54822	65150
2012-05-31	55250	54140	54520	54140	54450	54320	-930	61254	76622
2012-06-01	54320	54300	54590	54110	54230	54350	30	55262	83084
2012-06-04	54350	53030	53420	52210	52620	52810	-1540	151060	105384
2012-06-05	52810	53350	53510	53100	53340	53310	500	96776	108346
2012-06-06	53310	53450	53750	53090	53660	53510	200	110626	111062
2012-06-07	53510	53980	54080	53440	53450	53800	290	103278	118228
2012-06-08	53800	53260	53380	52790	52800	53070	-730	159028	135182
2012-06-11	53070	53800	54830	53710	54200	54260	1190	166152	128984
2012-06-12	54260	53500	53760	53450	53590	53590	-670	123024	143296
2012-06-13	53590	53800	53950	53610	53910	53790	200	114010	143266
2012-06-14	53790	53600	54200	53560	53870	53850	60	192456	165076
2012-06-15	53850	54200	54920	54130	54870	54550	700	257278	156904
2012-06-18	54550	55220	55350	54790	54960	55040	490	311836	176742
2012-06-19	55040	54830	55100	54650	54670	54930	-110	297648	191496
2012-06-20	54930	55050	55330	54860	54910	55150	220	317172	197644
2012-06-21	55150	54350	54450	54010	54060	54300	-850	404318	250256
2012-06-25	54300	53640	54410	53620	54030	54170	-130	385992	262016
2012-06-26	54170	54330	54480	53480	53620	53980	-190	499554	292214
2012-06-27	53980	53690	53850	53420	53740	53630	-350	507680	308338
2012-06-28	53630	54300	54400	54060	54200	54200	570	372018	281210
2012-06-29	54200	54070	55410	54050	55240	54790	590	636706	264342
2012-07-02	54790	55750	55950	55260	55370	55490	700	423812	254902
2012-07-03	55490	55320	56310	55320	56100	55920	430	532398	241464
2012-07-04	55920	56020	56300	55810	55970	56020	100	370436	231902
2012-07-05	56020	55950	56110	55660	55980	55910	-110	393450	227046
2012-07-06	55910	55940	56080	55500	55720	55740	-170	422788	222318
2012-07-09	55740	55040	55390	55000	55180	55180	-560	322772	219610
2012-07-10	55180	55100	55520	55030	55080	55300	120	302028	216476
2012-07-11	55300	54970	55370	54770	55150	55080	-220	321394	211782
2012-07-12	55080	55290	55290	54900	55150	55110	30	274450	210710
2012-07-13	55110	55150	55790	55110	55770	55470	360	266296	207948
2012-07-16	55470	55880	56260	55820	56170	56080	610	205230	190928
2012-07-17	56080	56420	56560	55790	55920	56120	40	183342	176226
2012-07-18	56120	56000	56110	55540	55820	55790	-330	119280	163140
2012-07-19	55790	56080	56270	55850	56230	56070	280	68026	152364
2012-07-20	56070	56300	56390	55920	55990	56170	100	64998	145532
2012-07-23	56170	55300	55460	54440	54570	54950	-1220	136494	111144
2012-07-24	54950	54450	54890	54340	54700	54680	-270	62530	106562
2012-07-25	54680	54300	54760	53900	53910	54330	-350	56072	99042
2012-07-26	54330	54390	54570	54100	54430	54320	-10	33450	93462
2012-07-27	54320	54590	54960	54270	54960	54660	340	28026	88328
2012-07-30	54660	55160	55410	54750	55000	55160	500	35164	79622
2012-07-31	55160	55150	55270	54900	55180	55110	-50	15680	78136
2012-08-01	55110	54920	55170	54560	54950	54860	-250	20672	76464
2012-08-02	54860	54500	54800	54490	54760	54680	-180	11962	76086
2012-08-03	54680	54130	54330	53990	54300	54100	-580	24142	74736
2012-08-06	54100	54650	54840	54540	54610	54640	540	8254	73934
2012-08-07	54640	54760	54950	54610	54860	54820	180	8238	71994
2012-08-08	54820	55200	55230	54800	54850	55050	230	13452	67744
2012-08-09	55050	55050	55320	54950	55270	55170	120	12560	64602
2012-08-10	55170	55100	55190	54640	54730	54880	-290	9702	63460
2012-08-13	54880	54830	54870	54450	54620	54680	-200	8016	63428
2012-08-14	54680	54690	54820	54030	54790	54450	-230	14240	64322
2012-08-15	54450	54620	54940	54480	54850	54730	280	11174	63940
2012-08-16	54730	54900	54980	54550	54560	54730	0	6302	63862
2012-08-17	54730	54890	55090	54810	55010	54930	200	9094	62542
2012-08-20	54930	55090	55130	54870	55020	55000	70	6244	61594
2012-08-21	55000	54900	55250	54760	55180	55010	10	7634	60890
2012-08-22	55010	55470	55610	55310	55600	55470	460	11508	59304
2012-08-23	55470	55680	56260	55630	56180	56030	560	20486	54908
2012-08-24	56030	56000	56000	55710	55850	55860	-170	7536	55762
2012-08-27	55860	56280	56530	55800	56000	56000	140	9548	54792
2012-08-28	56000	55590	55760	55510	55650	55620	-380	6404	54078
2012-08-29	55620	55680	55840	55350	55550	55540	-80	7538	53634
2012-08-30	55540	55310	56000	55310	55880	55620	80	8238	54396
2012-08-31	55620	55620	55860	55610	55710	55730	110	5352	54354
2012-09-03	55730	55690	56360	55640	56300	56120	390	7866	55202
2012-09-04	56120	56400	56480	56000	56100	56120	0	7296	54774
2012-09-05	56120	55940	56100	55870	55920	55990	-130	6504	53404
2012-09-06	55990	56400	56560	56090	56360	56340	350	14190	51886
2012-09-07	56340	56310	56940	56200	56810	56630	290	10392	52304
2012-09-10	56630	58010	58200	57680	58140	58060	1430	19682	53436
2012-09-11	58060	58150	61540	57900	61540	58060	0	10848	54876
2012-09-12	58060	58340	58650	58300	58430	58520	460	12066	55406
2012-09-13	58520	58460	58600	58220	58410	58480	-40	12788	59298
2012-09-14	58480	59500	60630	59500	60400	60200	1720	25226	56684
2012-09-17	60200	60250	60440	59880	59920	60140	-60	13346	54664
2012-09-18	60140	59320	59950	59320	59760	59710	-430	11132	52950
2012-09-19	59710	59980	60450	59800	60400	60100	390	11630	50978
2012-09-20	60100	60150	60270	59480	59550	59820	-280	15812	47432
2012-09-21	59820	59870	60070	59730	59900	59910	90	9114	46240
2012-09-24	59910	59600	59600	59000	59300	59200	-710	15834	42706
2012-09-25	59200	59530	59570	59200	59300	59390	190	9462	39876
2012-09-26	59390	59150	59540	59080	59250	59350	-40	10182	38172
2012-09-27	59350	59150	59780	58770	59250	59170	-180	14780	35636
2012-09-28	59170	59800	59880	59300	59880	59490	320	12316	30630
2012-10-08	59490	59210	59380	59060	59170	59200	-290	5840	27760
2012-10-10	59420	59100	59190	58970	59030	59070	-350	10250	20210
2012-10-11	59070	58850	59220	58780	59090	59010	-60	7930	15890
2012-10-12	59010	59190	59380	59000	59010	59200	190	5120	13080
2012-10-15	59200	55880	59270	55880	59270	58390	-810	7490	11370
