2008-01-02	57310	56800	58100	56310	56770	56920	-390	2720	3894
2008-01-03	56920	57000	57800	56900	57770	57350	430	432	4092
2008-01-04	57350	59610	59640	59600	59640	59630	2280	180	4034
2008-01-07	59630	58660	59800	58500	?	?	?	328	4076
2008-01-08	59260	59000	59500	58870	59250	59140	-120	644	4372
2008-01-09	59140	61480	61500	60010	61500	61080	1940	1270	4328
2008-01-10	61080	60530	61320	60290	60490	60870	-210	1730	4512
2008-01-11	60870	60880	62000	60670	61810	61050	180	1674	4934
2008-01-14	61050	61820	62300	61360	62000	61980	930	1368	5076
2008-01-15	61980	62300	62600	60380	60650	61720	-260	974	5142
2008-01-16	61720	59800	59980	59250	59250	59350	-2370	718	5344
2008-01-18	59510	59010	59680	58680	59680	59350	-160	996	6354
2008-01-21	59350	60630	61020	60200	60200	60640	1290	756	6296
2008-01-22	60640	58210	58680	58210	58210	58310	-2330	1218	7090
2008-01-23	58310	60220	60220	57170	58500	58680	370	1968	7558
2008-01-24	58680	58100	59470	58100	59450	59000	320	1686	7808
2008-01-25	59000	59800	60000	58590	59880	59780	780	1106	7872
2008-01-28	59780	59500	59600	58250	58660	58780	-1000	1488	8536
2008-01-29	58780	59940	59940	59300	?	?	?	570	8512
2008-01-30	59630	60980	61030	60000	60070	60520	890	2078	9200
2008-01-31	60520	59800	60700	59800	60700	60370	-150	1478	9608
2008-02-01	60370	61760	61760	60890	?	?	?	518	9536
2008-02-04	61170	61010	62100	61000	62100	61590	420	2774	11392
2008-02-05	61590	62000	62350	61710	62300	61970	380	2412	12188
2008-02-13	61970	64440	64440	63310	63400	63990	2020	3400	11480
2008-02-14	63990	63800	64280	63170	?	?	?	3264	12624
2008-02-15	63850	62810	64050	62810	64030	63800	-50	4432	14312
2008-02-18	63800	64040	65500	64040	65490	64860	1060	4172	14974
2008-02-19	64860	66290	66900	66030	66140	66390	1530	6486	15574
2008-02-20	66390	66990	67400	66030	66200	66620	230	9034	18148
2008-02-21	66620	66790	67480	66520	67400	67080	460	7230	19420
2008-02-22	67080	67990	68300	67680	68010	68060	980	8466	20204
2008-02-25	68060	68180	69200	68180	?	?	?	4896	20336
2008-02-26	69220	68710	68990	66520	66780	67540	-1680	13988	21598
2008-02-27	67540	68600	69230	68000	?	?	?	10850	23614
2008-02-28	68720	69730	69730	68500	?	?	?	16156	24178
2008-02-29	69030	69100	69400	68650	68750	68970	-60	11598	25538
2008-03-03	68970	68520	69700	68520	69370	69230	260	12608	27344
2008-03-04	69230	69800	70560	69200	69460	69880	650	26512	30640
2008-03-05	69880	68250	68780	67850	67880	68310	-1570	26862	30598
2008-03-06	68310	70200	70490	69310	69430	69720	1410	30808	32698
2008-03-07	69720	68800	69470	68500	69370	68930	-790	18844	34732
2008-03-10	68930	68700	69090	68000	68360	68460	-470	32022	36914
2008-03-11	68460	67260	67820	67000	?	?	?	16980	37304
2008-03-12	67600	67720	68100	66480	66610	67230	-370	52668	42616
2008-03-13	67230	67480	67500	66620	?	?	?	30030	45370
2008-03-14	66970	66550	67700	65610	67650	66930	-40	89852	53974
2008-03-17	66930	67390	68250	67050	68200	67800	870	130478	67272
2008-03-18	67800	65090	65860	65080	65080	65430	-2370	143906	76246
2008-03-19	65430	65420	65670	64710	65100	65260	-170	131226	75342
2008-03-20	65260	63050	63390	62660	62730	63030	-2230	117240	82454
2008-03-21	63030	63350	64450	63130	64360	64020	990	112878	76954
2008-03-24	64020	64810	64910	63760	63960	64120	100	112342	86122
2008-03-25	64120	64320	64750	64200	64630	64530	410	93324	86888
2008-03-26	64530	65000	65280	64820	?	?	?	66344	93218
2008-03-27	64940	65000	65620	64460	65130	65020	80	149096	88694
2008-03-28	65020	66470	66500	65870	66160	66160	1140	129812	83692
2008-03-31	66160	65900	66440	65820	?	?	?	50626	88072
2008-04-01	66100	65700	65800	63980	64250	64830	-1270	139648	86944
2008-04-02	64830	65000	65270	64840	?	?	?	27754	85338
2008-04-03	65020	66180	66490	65810	66140	66110	1090	103886	84586
2008-04-07	66110	67000	67270	66650	66760	66990	880	84176	86018
2008-04-08	66990	66520	66660	65620	65770	66060	-930	84378	85276
2008-04-09	66060	65330	65780	65090	65750	65400	-660	90966	83752
2008-04-10	65400	66880	66900	66050	66320	66430	1030	80780	81186
2008-04-11	66430	65740	65740	65360	65470	65520	-910	63862	78146
2008-04-14	65520	64850	64940	63430	64410	64030	-1490	107880	71468
2008-04-15	64030	64410	64880	64220	64620	64530	500	61084	66948
2008-04-16	64530	64020	64440	63660	64380	64030	-500	56580	61252
2008-04-17	64030	65000	65320	64580	64880	65010	980	33670	55990
2008-04-18	65010	64220	64620	64120	64500	64410	-600	16818	51472
2008-04-21	64410	64790	65200	64360	64440	64760	350	13202	47652
2008-04-22	64760	64300	64870	64150	64690	64510	-250	7536	45600
2008-04-23	64510	65320	65320	64880	65000	65010	500	5240	43812
2008-04-24	65010	64770	65680	64630	65500	65300	290	9388	39864
2008-04-25	65300	65350	65500	64930	65000	65180	-120	3884	38198
2008-04-28	65180	65710	66020	65510	65730	65790	610	7188	34566
2008-04-29	65790	65750	65850	65470	65490	65670	-120	2812	33156
2008-04-30	65670	65400	65490	65380	?	?	?	3404	31180
2008-05-05	65370	64550	64860	64460	64690	64680	-690	4374	28536
2008-05-06	64680	65000	65200	64810	64920	64980	300	2200	27428
2008-05-07	64980	64900	64900	64400	64400	64580	-400	2616	26400
2008-05-08	64580	64400	64670	64000	64400	64200	-380	3806	24936
2008-05-09	64200	64000	64030	63500	63600	63760	-440	6632	21528
2008-05-12	63760	63390	63390	62450	62450	62850	-910	4882	19964
2008-05-13	62850	62800	63200	62580	63100	62830	-20	3318	18352
2008-05-14	62830	62850	63080	62410	62510	62720	-110	2068	17938
2008-05-15	62720	62110	62110	61540	61880	61830	-890	3456	17706
2008-05-16	61830	62480	63100	62310	63100	62690	860	2656	16072
2008-05-19	62690	63780	63900	63200	63250	63560	870	2550	15136
2008-05-20	63560	62900	63300	62800	63300	62980	-580	2044	14386
2008-05-21	62980	63100	63300	62590	62600	62810	-170	2038	13956
2008-05-22	62810	62700	63300	62600	63200	63050	240	1392	13978
2008-05-23	63050	62600	62930	62460	62750	62790	-260	2272	12780
2008-05-26	62790	63300	63300	62750	63000	63070	280	798	12512
2008-05-27	63070	62920	62920	62700	62780	62790	-280	1606	12062
2008-05-28	62790	62610	62810	62610	62790	62710	-80	1550	11294
2008-05-29	62710	62590	62630	61850	62000	62290	-420	1988	10908
2008-05-30	62290	60130	61960	60130	61350	60900	-1390	2652	9750
2008-06-02	60900	61100	61150	60800	60950	60970	70	1630	9090
2008-06-03	60970	61010	61250	60850	61120	61050	80	1250	8620
2008-06-04	61050	59930	60900	59930	60700	60730	-320	1000	8530
2008-06-05	60730	60800	61190	60750	60900	60950	220	1150	8130
2008-06-06	60950	61250	61390	61240	61390	61290	340	900	7830
2008-06-10	61290	61050	61350	60750	60950	61020	-270	2060	7200
2008-06-11	61020	60700	60900	60640	60900	60740	-280	1390	6490
2008-06-12	60740	60700	61130	60700	60960	60940	200	1390	5720
2008-06-13	60940	60900	62970	60850	61450	61260	320	1340	4910
2008-06-16	61260	61600	61650	61450	61520	61520	260	1410	4720
