2008-01-02	57220	57500	57500	56410	56500	56550	-670	50	214
2008-01-03	56550	57800	57800	56590	57250	56890	340	198	376
2008-01-04	56890	59120	59160	59110	59160	59130	2240	74	442
2008-01-07	59130	58600	58600	58290	?	?	?	44	484
2008-01-08	58670	58490	58720	58050	58150	58340	-330	64	574
2008-01-09	58340	60000	60670	59260	60430	59940	1600	86	574
2008-01-10	59940	60500	60570	59420	59480	60260	320	104	604
2008-01-11	60260	59900	61000	59900	61000	60290	30	14	604
2008-01-14	60290	60710	61490	60500	61490	60950	660	12	606
2008-01-15	60950	61650	61720	59790	59790	61210	260	62	626
2008-01-16	61210	58760	58760	58760	58760	58760	-2450	14	630
2008-01-18	58600	58000	59040	58000	59040	58560	-40	16	672
2008-01-21	58560	59690	59880	59690	59730	59760	1200	24	674
2008-01-22	59760	58370	58370	57360	57360	57820	-1940	12	676
2008-01-23	57820	58160	58160	56100	57700	57440	-380	34	672
2008-01-24	57440	58240	58350	58200	58350	58240	800	26	674
2008-01-25	58240	58500	58900	58400	58800	58670	430	16	672
2008-01-28	58670	58800	58800	57300	57310	57540	-1130	46	672
2008-01-29	57540	58300	58350	58080	?	?	?	16	672
2008-01-30	58380	58690	59650	58690	59080	58930	550	14	666
2008-01-31	58930	58850	59200	58850	59200	59050	120	8	666
2008-02-01	59050	59750	60100	59750	?	?	?	26	666
2008-02-04	60020	60270	60800	60270	60800	60630	610	68	674
2008-02-05	60630	60550	61340	60550	61330	61020	390	48	678
2008-02-13	61020	63460	63460	61850	62500	62960	1940	154	708
2008-02-14	62960	63030	63070	62450	?	?	?	134	776
2008-02-15	62880	62750	63130	62360	63050	62780	-100	138	878
2008-02-18	62780	63350	64590	63350	64500	64130	1350	84	904
2008-02-19	64130	65300	66000	65300	65450	65550	1420	56	912
2008-02-20	65550	65030	65990	65000	65650	65390	-160	32	912
2008-02-21	65390	65400	65980	65400	65700	65720	330	56	946
2008-02-22	65720	67970	67970	66010	66500	66590	870	146	1024
2008-02-25	66590	66880	67440	66800	?	?	?	198	1008
2008-02-26	67270	67120	67450	64700	65250	65530	-1740	120	1012
2008-02-27	65530	66460	67400	66460	?	?	?	78	1004
2008-02-28	67100	67150	67760	67150	?	?	?	26	1002
2008-02-29	67370	67210	67500	67160	67300	67300	-70	48	994
2008-03-03	67300	67560	68000	67560	67700	67700	400	40	998
2008-03-04	67700	68500	68990	67990	67990	68540	840	84	982
2008-03-05	68540	67000	67640	66700	66700	67190	-1350	54	1002
2008-03-06	67190	68560	68680	67900	67900	68360	1170	570	844
2008-03-07	68360	67500	67600	67100	67580	67420	-940	94	800
2008-03-10	67420	67580	67580	67120	67470	67200	-220	128	744
2008-03-11	67200	65810	66790	65800	?	?	?	76	738
2008-03-12	66650	66850	66890	65800	66000	66120	-530	136	718
2008-03-13	66120	66130	66300	66000	?	?	?	80	732
2008-03-14	65990	65120	66800	65120	66750	66470	480	76	754
2008-03-17	66470	65310	67300	65310	67280	67020	550	140	828
2008-03-18	67020	64600	64990	64330	64330	64690	-2330	208	850
2008-03-19	64690	64310	64990	64050	64380	64590	-100	90	882
2008-03-20	64590	63400	63400	62020	62080	62330	-2260	50	872
2008-03-21	62330	62500	63750	62500	63600	63370	1040	162	892
2008-03-24	63370	63150	63150	63150	63150	63150	-220	6	894
2008-03-25	63150	63700	63700	63500	63600	63650	500	288	956
2008-03-26	63650	63820	64180	63820	?	?	?	34	968
2008-03-27	63990	63660	64510	63660	64470	64390	400	70	992
2008-03-28	64390	65170	65500	65170	65300	65390	1000	90	1012
2008-03-31	65390	65430	65800	65350	?	?	?	20	1006
2008-04-01	65440	64720	64720	63680	63680	64370	-1070	26	992
2008-04-02	64370	63830	64800	63830	?	?	?	42	998
2008-04-03	64270	65050	65400	65050	65320	65160	890	78	986
2008-04-07	65160	66210	66210	65860	65860	66030	870	38	986
2008-04-08	66030	65650	65650	64830	64980	65060	-970	16	984
2008-04-09	65060	64570	65000	64570	64940	64770	-290	48	1000
2008-04-10	64770	65970	65970	65250	65520	65550	780	22	998
2008-04-11	65550	64910	64910	64610	64750	64750	-800	64	976
2008-04-14	64750	63790	63790	62540	63690	63430	-1320	178	904
2008-04-15	63430	63410	64000	63410	63900	63830	400	108	936
2008-04-16	63830	63320	63550	63120	63470	63290	-540	52	924
2008-04-17	63290	64600	64600	64000	64300	64270	980	30	924
2008-04-18	64270	63300	63840	63000	63700	63570	-700	110	962
2008-04-21	63570	64120	64510	63830	63830	64380	810	94	952
2008-04-22	64380	63970	64070	63730	64000	63930	-450	142	950
2008-04-23	63930	64370	64400	64220	64400	64310	380	60	950
2008-04-24	64310	64250	65810	64250	64830	64760	450	94	962
2008-04-25	64760	64560	64560	64300	64550	64440	-320	16	958
2008-04-28	64440	65000	65400	65000	65350	65300	860	52	948
2008-04-29	65300	65350	65350	64770	64770	64960	-340	68	922
2008-04-30	64960	64770	65300	63570	?	?	?	100	960
2008-05-05	65050	64310	64410	64270	64400	64360	-690	26	938
2008-05-06	64360	65000	65000	64630	64900	64750	390	252	856
2008-05-07	64750	64700	64700	64180	64190	64340	-410	62	854
2008-05-08	64340	64450	64450	63620	63960	63890	-450	96	866
2008-05-09	63890	63600	63600	63100	63100	63390	-500	94	874
2008-05-12	63390	62810	62810	62000	62250	62190	-1200	252	1004
2008-05-13	62190	62120	62910	62000	62730	62380	190	114	1004
2008-05-14	62380	62450	62570	62000	62000	62230	-150	534	1200
2008-05-15	62230	61570	61570	61110	61500	61290	-940	158	1246
2008-05-16	61290	61950	62560	61950	62560	62260	970	156	1262
2008-05-19	62260	63370	63390	62380	62550	63080	820	134	1282
2008-05-20	63080	62290	62800	62110	62750	62480	-600	94	1284
2008-05-21	62480	62350	62800	62150	62300	62330	-150	30	1298
2008-05-22	62330	62280	62680	62280	62650	62550	220	96	1298
2008-05-23	62550	61910	62450	61910	62130	62190	-360	44	1314
2008-05-26	62190	62610	63200	62470	62600	62640	450	16	1312
2008-05-27	62640	62230	62450	61780	62190	62150	-490	40	1316
2008-05-28	62150	62170	62350	62140	62280	62290	140	76	1362
2008-05-29	62290	61800	61860	61350	61450	61700	-590	230	1476
2008-05-30	61700	60050	60430	59860	60400	60280	-1420	684	1872
2008-06-02	60280	60400	60520	59910	60140	60310	30	206	1978
2008-06-03	60310	60300	60490	60200	60400	60350	40	132	2044
2008-06-04	60350	58230	60160	58230	59890	59840	-510	212	2082
2008-06-05	59840	59960	60200	59780	59780	59920	80	108	2110
2008-06-06	59920	60400	60400	60100	60190	60170	250	112	2146
2008-06-10	60170	59230	60500	59230	59450	59590	-580	162	2184
2008-06-11	59590	59290	59520	59140	59520	59290	-300	184	2202
2008-06-12	59290	59500	59800	59330	59400	59490	200	228	2274
2008-06-13	59490	59400	59800	59400	59760	59610	120	210	2286
2008-06-16	59610	60000	60400	59780	60290	60170	560	218	2308
2008-06-17	60170	60400	61080	60390	60950	60850	680	618	2724
2008-06-18	60850	60660	60850	60550	60780	60670	-180	330	2922
2008-06-19	60670	61720	61900	61500	61750	61710	1040	308	3016
2008-06-20	61710	61400	61750	61140	61750	61450	-260	184	3114
2008-06-24	62150	62140	62150	61340	61500	61770	-380	104	3198
2008-06-25	61770	61300	61820	61300	61700	61660	-110	112	3196
2008-06-26	61660	61990	62190	61800	61950	62020	360	134	3204
2008-06-27	62020	62200	62200	61800	61960	61980	-40	88	3200
2008-06-30	61980	62300	63200	62200	63090	62600	620	188	3250
2008-07-01	62600	62800	63050	62750	62760	62870	270	102	3252
2008-07-02	62870	63230	63540	62890	63430	63320	450	184	3250
2008-07-03	63320	64510	64580	63130	64000	64170	850	272	3282
2008-07-04	64170	63010	63400	62880	63170	63220	-950	188	3344
2008-07-07	63220	62500	62780	62500	62780	62670	-550	130	3308
2008-07-08	62670	62600	62900	62510	62750	62700	30	158	3346
2008-07-09	62700	62020	62150	61850	62150	62090	-610	240	3468
2008-07-10	62090	62200	62430	62050	62300	62240	150	140	3484
2008-07-11	62240	62320	62580	62130	62550	62370	130	244	3580
2008-07-14	62370	62600	62910	62480	62680	62720	350	146	3618
2008-07-15	62720	62510	62550	62100	62280	62230	-490	50	3640
2008-07-16	62230	62050	62220	61980	62040	62090	-140	92	3652
2008-07-17	62090	61910	62100	61870	61870	61950	-140	56	3640
2008-07-18	61950	61880	62050	61620	61960	61820	-130	82	3650
2008-07-21	61820	61690	62070	61610	61950	61890	70	54	3652
2008-07-22	61890	62140	62480	62100	62400	62360	470	294	3704
2008-07-23	62360	62180	62430	62010	62010	62240	-120	546	4030
2008-07-24	62240	61990	62130	61200	61220	61770	-470	826	4414
2008-07-25	61770	61000	61150	60750	60860	60910	-860	1198	5112
2008-07-28	60910	60960	61590	60960	?	?	?	310	5226
2008-07-29	61330	61300	61520	61040	61160	61230	-100	736	5632
2008-07-30	61230	60990	61100	60480	60680	60720	-510	870	6082
2008-07-31	60720	61400	61600	61200	61530	61380	660	742	6142
2008-08-01	61380	61360	61360	61050	61240	61150	-230	282	6210
2008-08-04	61150	60880	60890	60260	60820	60740	-410	760	6600
2008-08-05	60740	59770	59770	58690	58850	59120	-1620	4284	8942
2008-08-06	59120	59160	59500	58960	59280	59240	120	2214	10052
2008-08-07	59240	58990	59190	58550	59120	58900	-340	822	10364
2008-08-08	58900	58990	59050	58480	58480	58840	-60	1780	11234
2008-08-11	58840	57700	57700	56480	56580	57090	-1750	3574	13118
2008-08-12	57090	56500	56510	55100	55500	55620	-1470	6276	14630
2008-08-13	55620	54830	56500	54510	56450	55530	-90	8324	16384
2008-08-14	55530	57260	57600	56030	57280	56860	1330	6592	16442
2008-08-15	56860	56000	56410	55320	55680	55860	-1000	7126	18308
2008-08-18	55860	56900	57760	56720	57740	57260	1400	6512	18598
2008-08-19	57260	57000	57540	56610	56820	57040	-220	6176	19372
2008-08-20	57040	58500	58570	58020	58520	58280	1240	7438	19150
2008-08-21	58280	58510	59070	58320	59070	58780	500	6186	19306
2008-08-22	58780	60300	60320	59710	59910	60060	1280	6600	19320
2008-08-25	60060	59200	59400	59020	59300	59210	-850	3016	19530
2008-08-26	59210	59330	59780	58430	58580	59090	-120	5734	19990
2008-08-27	59090	59080	59200	58470	59130	58880	-210	6376	20308
2008-08-28	58880	59200	59330	58910	59120	59100	220	5968	21054
2008-08-29	59100	58700	58720	58330	58380	58510	-590	6304	22722
2008-09-01	58510	58130	58490	57500	57590	57960	-550	7912	24142
2008-09-02	57960	56820	57050	56400	56730	56770	-1190	16496	27794
2008-09-03	56770	57130	57650	57040	57250	57380	610	17284	30520
2008-09-04	57380	57820	57980	57130	57470	57490	110	15844	32062
2008-09-05	57490	56300	56520	55980	55980	56210	-1280	26456	39294
2008-09-08	56210	54730	55120	53960	54270	54560	-1650	61842	56516
2008-09-09	54560	54050	54590	53750	54540	54230	-330	108202	66542
2008-09-10	54230	54080	54860	54050	54290	54480	250	94862	73164
2008-09-11	54480	54500	54830	54320	54550	54590	110	78672	77812
2008-09-12	54590	55120	55720	55050	55700	55400	810	102838	81868
2008-09-16	55400	54550	54600	53180	53180	53710	-1690	139842	95530
2008-09-17	53710	54000	54050	52900	53350	53470	-240	169698	103324
2008-09-18	53470	53790	53950	51900	52000	52660	-810	266738	119986
2008-09-19	52660	52390	52580	51620	52460	52240	-420	234624	111912
2008-09-22	52240	53800	54320	53360	54320	53810	1570	177732	108598
2008-09-23	53810	54880	54980	54030	54070	54550	740	189776	115968
2008-09-24	54550	53050	53530	52560	53490	52940	-1610	191004	110226
2008-09-25	52940	52710	53580	52640	53440	53230	290	143154	109388
2008-09-26	53230	53400	53600	53100	53360	53350	120	89058	102188
2008-10-06	53350	51210	51210	51210	51210	51210	-2140	652	101988
2008-10-07	51210	48640	48640	48640	48640	48640	-2570	706	101658
2008-10-08	48640	45720	46120	45720	45720	45760	-2880	89940	84002
2008-10-09	45760	?	?	?	45720	45720	-40	?	76552
2008-10-10	45720	43890	43890	43890	43890	43890	-1830	320	76402
2008-10-13	43890	41690	41690	41690	41690	41690	-2200	9262	68170
2008-10-14	41690	43050	44190	42620	43150	43460	1770	181912	62158
2008-10-15	43460	41800	41980	41720	41730	41740	-1720	27342	58356
2008-10-16	41740	40070	40070	40070	40070	40070	-1670	596	57792
2008-10-17	40070	38100	40600	38060	38060	38660	-1410	96272	47494
2008-10-20	38660	38410	39800	38090	39610	39080	420	41882	43486
2008-10-21	39080	38850	39300	37510	37510	38090	-990	24304	39302
2008-10-22	38090	36180	36180	36180	36180	36180	-1910	342	38988
2008-10-23	36180	34000	34000	34000	34000	34000	-2180	1498	37788
2008-10-24	34000	?	?	?	34000	34000	0	?	20164
2008-10-27	34000	32640	32640	32640	32640	32640	-1360	110	20110
2008-10-28	32640	32700	33000	31000	32000	31580	-1060	24662	21526
2008-10-29	31580	32840	32840	30930	32250	32220	640	17168	21554
2008-10-30	32220	33500	33500	33420	33500	33490	1270	3154	22262
2008-10-31	33490	31810	32600	31810	31810	31980	-1510	21248	22486
2008-11-03	31980	32500	33500	31520	33200	32830	850	5816	21134
2008-11-04	32830	32790	33480	32110	32450	32630	-200	6272	20888
2008-11-05	32630	33600	33800	32250	32750	33110	480	1884	20502
2008-11-06	33110	31780	32170	31780	31780	31800	-1310	3794	18982
2008-11-07	31800	30260	30890	30210	30560	30410	-1390	6020	17796
2008-11-10	30410	31290	31620	31200	31620	31540	1130	3036	17500
2008-11-11	31540	30840	30840	30250	30320	30610	-930	3182	17370
2008-11-12	30610	29430	30300	29430	30300	29860	-750	4486	17132
2008-11-13	29860	29800	30350	29300	30040	29800	-60	4252	17056
2008-11-14	29800	30610	30990	30410	30990	30910	1110	3812	17294
2008-11-17	30910	30510	30590	30050	30290	30270	-640	4072	16718
2008-11-18	30270	29990	30330	29910	30150	30150	-120	3766	16152
2008-11-19	30150	30410	30600	30230	30580	30420	270	1252	15574
2008-11-20	30420	30100	30100	29250	29390	29740	-680	4898	15762
2008-11-21	29740	29290	29450	28550	29080	28720	-1020	4346	15626
2008-11-24	28720	29560	29560	28550	28800	28790	70	2286	15732
2008-11-25	28790	29940	29940	29340	29560	29670	880	3370	14816
2008-11-26	29670	29600	29800	29150	29450	29360	-310	1752	14294
2008-11-27	29360	29900	30000	29590	29850	29790	430	2564	13590
2008-11-28	29790	29730	29730	29400	29400	29530	-260	1926	13176
2008-12-01	29530	29350	29800	29300	29800	29620	90	2236	12050
2008-12-02	29620	29320	29700	29250	29300	29450	-170	1610	11170
2008-12-03	29450	29490	29490	28800	28850	29060	-390	2290	9760
2008-12-04	29060	28250	28250	27890	27890	27980	-1080	3090	9500
2008-12-05	27980	27780	27780	26860	26860	26870	-1110	1930	8710
2008-12-08	26870	25990	27380	25530	27380	26720	-150	2020	8160
2008-12-09	26720	27750	27750	26510	26750	26930	210	2060	7130
2008-12-10	26930	26800	28000	26800	27910	27520	590	1900	5880
2008-12-11	27520	27610	28000	27420	27900	27670	150	1950	4840
2008-12-12	27670	27900	27900	26900	27600	27350	-320	2060	3650
2008-12-15	27350	28000	28290	27550	27800	28020	670	1680	2590
