2009-11-18	52950	54340	54610	54000	54510	54310	1360	116	62
2009-11-19	54310	54330	54660	54260	54650	54390	80	190	138
2009-11-20	54390	54500	54970	54500	54830	54740	350	102	122
2009-11-23	54740	55880	56190	54900	56190	55900	1160	52	136
2009-11-24	55900	56100	56220	55150	55490	55790	-110	166	202
2009-11-25	55790	55770	56190	55750	56150	55970	180	62	232
2009-11-26	55970	56000	56990	55100	56390	56470	500	220	332
2009-11-27	56470	55650	55650	54700	54820	55240	-1230	174	412
2009-11-30	55240	55790	56100	55560	55870	55840	600	58	436
2009-12-01	55840	56700	56700	55700	55860	55900	60	96	476
2009-12-02	55900	56200	56780	55030	56500	56290	390	156	518
2009-12-03	56290	56800	56980	56510	56750	56770	480	144	576
2009-12-04	56770	56400	56730	55450	56730	56430	-340	194	628
2009-12-07	56430	56500	56760	56500	56630	56660	230	90	626
2009-12-08	56660	56630	56700	56600	56610	56620	-40	48	648
2009-12-09	56620	55660	55840	55230	55350	55590	-1030	66	660
2009-12-10	55590	55300	55440	54130	54700	54640	-950	244	704
2009-12-11	54640	54700	54880	54300	54880	54670	30	92	686
2009-12-14	54670	55050	55450	54610	55400	54860	190	68	672
2009-12-15	54860	55350	55670	55350	55550	55590	730	84	676
2009-12-16	55590	55860	55860	55670	55670	55750	160	24	682
2009-12-17	55750	56500	56640	55800	55990	56400	650	154	690
2009-12-18	56400	55600	55890	55400	55890	55710	-690	76	670
2009-12-21	55710	56000	56100	55580	56080	55970	260	36	688
2009-12-22	55970	56000	56000	55700	55710	55820	-150	14	686
2009-12-23	55820	55900	56130	55510	55900	55840	20	52	712
2009-12-24	55840	56430	57400	56430	57350	57080	1240	114	690
2009-12-25	57080	57610	58130	57470	58130	57820	740	174	688
2009-12-28	57820	58470	59150	58470	58990	58900	1080	116	714
2009-12-29	58900	58830	59000	58750	58750	58830	-70	18	714
2009-12-30	58830	58850	59580	58850	59500	59320	490	46	710
2009-12-31	59320	59630	60300	59630	60300	59930	610	128	714
2010-01-04	59930	60570	61050	60010	60700	60830	900	146	740
2010-01-05	60830	60600	61150	60550	61000	60880	50	80	768
2010-01-06	60880	61000	62320	61000	62120	61910	1030	242	796
2010-01-07	61910	63100	64060	61400	61570	62810	900	354	812
2010-01-08	62810	61500	61600	60280	61370	60900	-1910	104	840
2010-01-11	60900	62810	62810	62300	62580	62470	1570	40	836
2010-01-12	62470	61960	62360	61800	62200	62060	-410	186	928
2010-01-13	62060	60730	61040	59560	60390	60550	-1510	212	974
2010-01-14	60550	61790	61790	61160	61160	61420	870	82	1014
2010-01-15	61420	61350	61350	60700	60830	61020	-400	108	1050
2010-01-18	61020	60370	61100	60340	61000	60960	-60	502	1310
2010-01-19	60960	61690	61790	61550	61600	61660	700	72	1298
2010-01-20	61660	62390	62980	61010	61190	61340	-320	132	1364
2010-01-21	61340	60840	61340	60630	61030	60940	-400	26	1354
2010-01-22	60940	59500	59680	58990	59450	59460	-1480	328	1380
2010-01-25	59460	59590	59630	59590	59630	59600	140	6	1380
2010-01-26	59600	60150	60260	59220	59220	60090	490	78	1378
2010-01-27	60090	?	?	?	59690	59690	-400	?	1378
2010-01-28	59690	57600	57720	57220	57270	57510	-2180	420	1336
2010-01-29	57510	56450	56500	55010	55390	55650	-1860	400	1316
2010-02-01	55650	55020	55020	53400	54330	53980	-1670	148	1316
2010-02-02	53980	54850	55200	54210	54210	54580	600	66	1304
2010-02-03	54580	54970	55910	54500	55640	55010	430	436	1196
2010-02-04	55010	53510	54130	53400	53990	53690	-1320	154	1230
2010-02-05	53690	52270	52270	51590	52000	51970	-1720	120	1220
2010-02-08	51970	53080	53080	52380	52570	52740	770	122	1204
2010-02-09	52740	52400	53380	52100	53040	52980	240	226	1180
2010-02-10	52980	53800	54880	53700	54700	54170	1190	100	1140
2010-02-11	54170	55180	56000	55180	55240	55500	1330	106	1160
2010-02-12	55500	56310	56400	55960	56400	56210	710	14	1158
2010-02-22	56210	59360	59500	59000	59100	59150	2940	124	1166
2010-02-23	59150	58630	59500	58450	59300	58860	-290	158	1186
2010-02-24	58860	58000	58570	57910	58540	58270	-590	94	1200
2010-02-25	58270	58700	59080	58110	58110	58680	410	56	1206
2010-02-26	58680	58470	59240	58160	58230	58450	-230	126	1260
2010-03-01	58450	61360	61370	60100	60730	61000	2550	268	1348
2010-03-02	61000	60200	60330	59290	59290	59930	-1070	74	1336
2010-03-03	59930	60020	60020	59720	59890	59880	-50	52	1350
2010-03-04	59880	60400	60550	59760	59860	60150	270	102	1350
2010-03-05	60150	59690	60270	59530	60050	60000	-150	136	1344
2010-03-08	60000	60480	61300	60380	61180	60940	940	334	1480
2010-03-09	60940	60870	60870	60540	60650	60700	-240	88	1490
2010-03-10	60700	60910	61090	60800	60900	60950	250	76	1508
2010-03-11	60950	60260	60650	59600	59750	60080	-870	244	1536
2010-03-12	60080	59970	60090	59520	59920	59820	-260	116	1532
2010-03-15	59820	59610	59610	58780	58840	58980	-840	100	1536
2010-03-16	58980	58430	59200	58400	59190	58950	-30	180	1534
2010-03-17	58950	59950	60900	59780	60780	60450	1500	600	1848
2010-03-18	60450	60660	61100	60280	60300	60800	350	364	1976
2010-03-19	60800	60650	61280	60650	61200	60930	130	240	2094
2010-03-22	60930	60390	60500	60110	60250	60300	-630	94	2098
2010-03-23	60300	60080	60920	60080	60100	60390	90	202	2152
2010-03-24	60390	60080	60420	59580	59710	59880	-510	150	2122
2010-03-25	59880	59630	59910	59410	59740	59710	-170	78	2120
2010-03-26	59710	59800	61200	59800	60600	60500	790	260	2158
2010-03-29	60500	61630	62500	61630	62300	62090	1590	870	2512
2010-03-30	62090	62730	62730	62060	62510	62400	310	202	2576
2010-03-31	62400	63350	63350	61920	62030	62260	-140	278	2532
2010-04-01	62260	62270	63070	62270	62830	62750	490	232	2606
2010-04-02	62750	63030	63450	62940	63450	63160	410	82	2594
2010-04-06	63160	63650	64000	63540	64000	63830	670	60	2594
2010-04-07	63830	63570	63630	63270	63450	63480	-350	212	2680
2010-04-09	62740	63150	63440	63000	63310	63250	510	128	2672
2010-04-12	63250	63970	64270	63340	63440	63830	580	220	2770
2010-04-13	63830	63000	63280	62840	63040	63040	-790	154	2756
2010-04-14	63040	63710	63710	63090	63100	63360	320	304	2860
2010-04-15	63360	63310	63700	62750	63390	63210	-150	258	2874
2010-04-16	63210	63360	63360	62880	62990	62940	-270	90	2846
2010-04-19	62940	61500	61700	60560	60740	60970	-1970	550	2956
2010-04-20	60970	61080	61430	61070	61340	61310	340	438	3014
2010-04-21	61310	61270	61650	60910	61650	61210	-100	154	3010
2010-04-22	61210	61160	61580	61160	61300	61430	220	136	3062
2010-04-23	61430	61480	61650	61200	61320	61390	-40	154	3102
2010-04-26	61390	62120	62120	61860	61860	61960	570	166	3108
2010-04-27	61960	61620	61620	60590	61080	61080	-880	200	3094
2010-04-28	61080	59110	59420	58480	58720	59100	-1980	500	3160
2010-04-29	59100	59500	59540	59090	59170	59250	150	248	3238
2010-04-30	59250	59380	59570	58500	59020	58960	-290	246	3228
2010-05-04	58960	58390	58700	58010	58400	58400	-560	336	3102
2010-05-05	58400	56480	57140	56480	57140	56910	-1490	682	3144
2010-05-06	56910	57080	57680	56090	56090	57000	90	1086	3354
2010-05-07	57000	55580	55780	54800	54850	55230	-1770	1554	3700
2010-05-10	55230	56430	57010	55850	56900	56370	1140	1068	3940
2010-05-11	56370	57010	57200	55840	55960	56440	70	742	4070
2010-05-12	56440	55900	56650	55820	56280	56150	-290	990	4148
2010-05-13	56150	56620	57000	56500	57000	56780	630	294	4184
2010-05-14	56780	56580	56900	56500	56800	56710	-70	328	4226
2010-05-17	56710	56000	56000	53870	53870	54530	-2180	1654	4454
2010-05-18	54530	52000	53970	52000	53750	53120	-1410	2610	4458
2010-05-19	53120	52250	53780	52000	53290	52830	-290	2424	4374
2010-05-20	52830	54000	54410	53640	54130	53970	1140	1362	4520
2010-05-21	53970	53380	53830	52850	53730	53280	-690	778	4498
2010-05-24	53280	54550	55400	54320	55400	54910	1630	840	4538
2010-05-25	54910	54600	55040	54180	54180	54620	-290	820	4562
2010-05-26	54620	54710	55100	54640	54970	54890	270	524	4632
2010-05-27	54890	54500	55360	54450	55350	54870	-20	630	4810
2010-05-28	54870	55950	56030	55630	55830	55840	970	756	4858
2010-05-31	55840	55500	55800	55120	55120	55540	-300	474	4932
2010-06-01	55540	54730	54910	54080	54080	54420	-1120	1184	4824
2010-06-02	54420	54080	54540	52690	53390	53460	-960	3280	5532
2010-06-03	53460	54080	54160	53470	53890	53920	460	1338	5602
2010-06-04	53920	52710	53120	52420	52950	52830	-1090	1144	5806
2010-06-07	52830	50180	50180	50180	50180	50180	-2650	576	5734
2010-06-08	50180	50000	50020	48900	49470	49450	-730	3136	5698
2010-06-09	49450	49500	50490	49220	50400	49960	510	2126	6338
2010-06-10	49960	50200	51000	50000	50660	50460	500	3642	7040
2010-06-11	50460	51150	51750	51150	51390	51360	900	1928	7496
2010-06-17	51360	52720	52720	51600	51670	52080	720	2342	8034
2010-06-18	52080	51680	51760	50920	50920	51340	-740	2328	8988
2010-06-21	51340	51650	53900	51520	53600	52840	1500	6574	11200
2010-06-22	52840	52800	53110	52480	52860	52830	-10	4686	11944
2010-06-23	52830	52450	53430	52350	53100	52910	80	6870	12652
2010-06-24	52910	53010	53800	53010	53480	53560	650	4818	13322
2010-06-25	53560	53510	53750	52960	53180	53330	-230	3884	13636
2010-06-28	53330	54180	54490	53850	54000	54130	800	5508	14192
2010-06-29	54130	53700	53900	52600	52800	53150	-980	8074	16216
2010-06-30	53150	51700	51880	51250	51820	51520	-1630	11380	18746
2010-07-01	51520	51440	51880	51060	51070	51370	-150	13444	22860
2010-07-02	51370	51250	52340	51160	52210	51730	360	16082	24542
2010-07-05	51730	52070	52570	51860	52240	52220	490	19496	27988
2010-07-06	52220	51610	52330	51400	52210	51930	-290	15286	29000
2010-07-07	51930	52560	52580	52000	52100	52250	320	12066	30730
2010-07-08	52250	53290	53390	52860	52860	53140	890	20700	30944
2010-07-09	53140	52960	53680	52910	53520	53360	220	22534	33378
2010-07-12	53360	53490	53650	52930	52940	53340	-20	25460	36368
2010-07-13	53340	53050	53100	52150	52180	52590	-750	28246	38854
2010-07-14	52590	52800	53090	52650	52830	52890	300	28364	41392
2010-07-15	52890	52490	53380	52350	52810	52850	-40	42630	45930
2010-07-16	52850	53010	53180	52480	53030	52890	40	41496	50216
2010-07-19	52890	51800	52300	51800	52230	52090	-800	62482	58098
2010-07-20	52090	52250	53060	52200	53000	52700	610	59804	61346
2010-07-21	52700	53200	53500	53150	53310	53350	650	49726	62666
2010-07-22	53350	53800	53940	53540	53930	53710	360	78026	72216
2010-07-23	53710	54770	55480	54690	55410	55120	1410	156454	92904
2010-07-26	55120	55330	55680	55070	55640	55410	290	182348	113756
2010-07-27	55410	55600	55700	55110	55130	55420	10	298110	134804
2010-07-28	55420	54950	56360	54910	56250	55640	220	417508	165472
2010-07-29	55640	56100	56490	55810	56230	56140	500	450466	177070
2010-07-30	56140	56390	56400	55900	56280	56180	40	389258	185814
2010-08-02	56180	56830	58030	56800	57590	57520	1340	451366	195214
2010-08-03	57520	58030	58230	57400	57450	57800	280	442306	198186
2010-08-04	57800	57330	57800	57060	57660	57380	-420	432502	203924
2010-08-05	57380	58100	58500	57250	57400	57800	420	544078	210008
2010-08-06	57800	57100	57900	57010	57830	57440	-360	377992	205170
2010-08-09	57440	57860	58310	57850	58280	58090	650	321068	205602
2010-08-10	58090	57990	58030	57130	57240	57550	-540	348414	207372
2010-08-11	57550	57060	57690	56600	56700	57120	-430	424108	202794
2010-08-12	57120	56660	56750	55910	56270	56310	-810	437282	196182
2010-08-13	56310	56650	57360	56460	57330	56870	560	307672	203226
2010-08-16	56870	56800	57460	56550	57300	57040	170	331814	192334
2010-08-17	57040	57400	57770	57080	57750	57480	440	267078	184718
2010-08-18	57480	58080	58520	57900	58040	58240	760	261108	170428
2010-08-19	58240	58270	58360	57710	58260	58080	-160	210912	162142
2010-08-20	58080	57860	57930	57010	57050	57440	-640	150116	146876
2010-08-23	57440	57200	57430	56990	57190	57180	-260	84254	142436
2010-08-24	57180	56960	57400	56720	56920	56990	-190	72142	131932
2010-08-25	56990	56550	56950	56440	56770	56690	-300	58886	121064
2010-08-26	56690	57100	57490	57100	57350	57290	600	43704	114494
2010-08-27	57290	57540	57860	57380	57850	57610	320	29842	107378
2010-08-30	57610	58500	59390	58350	59330	59050	1440	41272	95236
2010-08-31	59050	58800	58850	58150	58350	58610	-440	32798	85568
2010-09-01	58610	58620	59840	58610	59500	59410	800	22112	81460
2010-09-02	59410	59980	60370	59830	59920	60040	630	25210	72886
2010-09-03	60040	59920	60000	59620	59880	59800	-240	10290	71212
2010-09-06	59800	60050	60580	60010	60530	60410	610	16492	65972
2010-09-07	60410	60410	60410	59540	59710	59870	-540	8086	64738
2010-09-08	59870	59660	59880	59400	59810	59640	-230	8028	62438
2010-09-09	59640	60030	60200	57500	58600	58740	-900	13300	59960
2010-09-10	58740	58440	58870	58320	58770	58610	-130	6566	58542
2010-09-13	58610	59010	59700	59010	59540	59390	780	5616	57704
2010-09-14	59390	60000	60000	58980	59080	59300	-90	5158	56616
2010-09-15	59300	59300	59480	58880	59120	59100	-200	3852	55530
2010-09-16	59100	59180	59390	58790	59100	59080	-20	4774	54748
2010-09-17	59080	59610	60130	59290	60000	59740	660	6288	52558
2010-09-20	59740	60120	60400	59920	60210	60200	460	6878	50672
2010-09-21	60200	60280	60280	59540	59800	59790	-410	10290	46074
2010-09-27	59790	60510	61250	60260	60580	60600	810	5584	45500
2010-09-28	60600	60200	60530	60090	60400	60390	-210	3840	43810
2010-09-29	60390	60640	60760	60440	60760	60580	190	5636	42808
2010-09-30	60580	60610	60700	57710	60570	60070	-510	8286	39586
2010-10-08	60070	60230	61320	60050	60600	60650	580	6774	37708
2010-10-11	60650	61820	63300	61820	62900	62600	1950	7816	36510
2010-10-12	62600	62420	62500	61850	62100	62140	-460	6740	34838
2010-10-13	62140	62790	63160	62310	62660	62780	640	4938	34348
2010-10-14	62780	63090	63790	63090	63510	63450	670	7092	32344
2010-10-15	63450	62700	63490	62680	63410	63230	-220	7954	29498
2010-10-18	63230	63200	63260	62700	62760	62920	-310	4520	28032
2010-10-19	62920	63610	63810	63050	63290	63420	500	5950	25522
2010-10-20	63420	62020	62670	61630	62470	62260	-1160	5690	24102
2010-10-21	62260	62800	62990	62210	62450	62540	280	3906	23612
2010-10-22	62540	62350	62940	62260	62790	62590	50	3276	22950
2010-10-25	62590	63500	64820	63290	64430	63990	1400	7532	20870
2010-10-26	63990	64550	64820	64110	64300	64410	420	4188	20288
2010-10-27	64410	67460	67460	63820	63900	64210	-200	4766	19008
2010-10-28	64210	63480	63830	63380	63700	63640	-570	3864	17966
2010-10-29	63640	63300	63300	62310	62600	62750	-890	7134	15636
2010-11-01	62750	62750	63490	62750	63330	63270	520	1806	15060
2010-11-02	63270	63100	63580	63010	63200	63160	-110	2110	14830
2010-11-03	63160	63490	63950	63310	63580	63660	500	2250	14230
2010-11-04	63660	63700	64020	63550	64020	63740	80	2830	14460
2010-11-05	63740	64300	66850	64300	66440	66180	2440	3480	13480
2010-11-08	66180	66200	66450	65520	65640	65870	-310	2350	13210
2010-11-09	65870	65210	68970	65210	67110	66470	600	3070	12110
2010-11-10	66470	67070	67240	66470	66590	66750	280	1720	11680
2010-11-11	66750	66400	68200	66400	67800	67620	870	3770	9940
2010-11-12	67620	67500	67500	64310	64790	65420	-2200	4260	8250
2010-11-15	65420	64800	65500	63100	64450	64920	-500	2360	7700
