2009-10-16	?	48900	49090	48870	48870	48930	?	8	6
2009-10-19	48930	49000	49910	49000	49910	49310	380	82	54
2009-10-20	49310	50240	50500	50000	50050	50200	890	18	58
2009-10-21	50200	50020	50150	49890	50080	49960	-240	42	86
2009-10-22	49960	50960	51000	50470	50500	50850	890	80	110
2009-10-23	50850	50780	51380	50780	51350	51170	320	72	130
2009-10-26	51170	51400	52390	51340	51970	51710	540	72	134
2009-10-27	51710	50760	51380	50760	51290	51210	-500	12	132
2009-10-28	51210	52020	52020	51120	51400	51460	250	48	152
2009-10-29	51460	50300	50460	50140	50250	50260	-1200	90	184
2009-10-30	50260	51550	51630	51300	51360	51400	1140	148	220
2009-11-02	51400	50700	51050	50430	51000	50710	-690	78	244
2009-11-03	50710	51100	51170	50990	50990	51070	360	18	250
2009-11-04	51070	51420	51540	51300	51460	51460	390	168	332
2009-11-05	51460	51330	51330	50940	51020	51050	-410	132	414
2009-11-06	51050	51050	51530	51050	51380	51270	220	112	400
2009-11-09	51270	51600	51720	51440	51720	51590	320	78	422
2009-11-10	51590	51560	51660	51220	51390	51440	-150	64	454
2009-11-11	51440	51500	51600	51280	51280	51430	-10	42	472
2009-11-12	51430	51780	51880	51510	51790	51760	330	56	468
2009-11-13	51760	51420	51750	51420	51730	51580	-180	270	652
2009-11-16	51580	51790	53480	51790	53350	52950	1370	476	778
2009-11-17	52950	53500	54490	53500	53850	54030	1080	104	762
2009-11-18	54030	54150	54580	54120	54580	54340	310	114	796
2009-11-19	54340	54350	54690	54210	54690	54330	-10	74	842
2009-11-20	54330	54570	54940	54430	54820	54600	270	168	894
2009-11-23	54600	55500	56100	55500	56000	55860	1260	114	894
2009-11-24	55860	55790	56050	55120	55310	55630	-230	114	908
2009-11-25	55630	55900	56080	55700	56080	55920	290	54	898
2009-11-26	55920	56190	56990	56100	56300	56560	640	130	924
2009-11-27	56560	55550	55790	54680	54750	55240	-1320	278	1000
2009-11-30	55240	55600	56000	55100	55800	55770	530	160	976
2009-12-01	55770	56010	56020	55590	55750	55820	50	92	988
2009-12-02	55820	56220	56730	56100	56630	56500	680	228	1090
2009-12-03	56500	56820	56980	56600	56750	56750	250	122	1142
2009-12-04	56750	56450	56770	56330	56600	56520	-230	124	1196
2009-12-07	56520	56600	56700	56210	56650	56580	60	40	1208
2009-12-08	56580	56650	56700	56560	56560	56580	0	100	1200
2009-12-09	56580	55640	55850	55020	55020	55620	-960	216	1278
2009-12-10	55620	54890	55830	53500	54600	54710	-910	386	1438
2009-12-11	54710	54590	54790	54150	54750	54550	-160	120	1414
2009-12-14	54550	55000	55800	54520	55360	55070	520	256	1444
2009-12-15	55070	55300	55650	55300	55400	55500	430	126	1414
2009-12-16	55500	55480	55760	55480	55620	55680	180	174	1408
2009-12-17	55680	56100	56450	55900	55970	56120	440	426	1466
2009-12-18	56120	55270	55800	55270	55720	55620	-500	128	1442
2009-12-21	55620	55780	56100	55710	55910	55910	290	88	1486
2009-12-22	55910	56060	56060	55700	55700	55900	-10	70	1488
2009-12-23	55900	55620	56000	55600	55810	55840	-60	78	1484
2009-12-24	55840	56490	57500	56150	57500	56750	910	376	1456
2009-12-25	56750	57780	58150	57420	58150	57900	1150	200	1568
2009-12-28	57900	57710	59300	57710	58900	58770	870	114	1568
2009-12-29	58770	58770	59050	58590	58980	58820	50	198	1586
2009-12-30	58820	58730	59550	58730	59500	59260	440	220	1602
2009-12-31	59260	59800	60300	59670	60300	60010	750	728	1884
2010-01-04	60010	60450	61000	60070	60500	60710	700	262	1932
2010-01-05	60710	60950	61070	60440	60990	60760	50	166	1920
2010-01-06	60760	61000	62370	61000	62130	61830	1070	266	1920
2010-01-07	61830	62500	63870	60610	61550	62300	470	626	1946
2010-01-08	62300	61800	61800	60370	61100	61040	-1260	634	2206
2010-01-11	61040	61510	62920	61510	62560	62450	1410	216	2180
2010-01-12	62450	62050	62340	61680	62250	61980	-470	140	2198
2010-01-13	61980	60710	60900	59550	60440	60300	-1680	174	2244
2010-01-14	60300	61500	61570	61190	61190	61310	1010	104	2248
2010-01-15	61310	61200	61350	60600	60780	60880	-430	118	2278
2010-01-18	60880	60500	61130	60500	61130	60890	10	56	2290
2010-01-19	60890	61500	61860	61500	61810	61680	790	42	2284
2010-01-20	61680	61810	61850	61110	61150	61460	-220	110	2310
2010-01-21	61460	61100	61270	60670	61270	60960	-500	28	2310
2010-01-22	60960	59990	60000	58700	59340	59440	-1520	502	2476
2010-01-25	59440	59520	60050	59310	59910	59660	220	164	2480
2010-01-26	59660	60240	60300	59300	59300	59850	190	54	2486
2010-01-27	59850	59760	59770	59490	59630	59630	-220	174	2554
2010-01-28	59630	58500	58500	57280	57400	57650	-1980	562	2434
2010-01-29	57650	56600	56800	55360	55410	56120	-1530	714	2518
2010-02-01	56120	55220	55310	53310	54140	53940	-2180	502	2334
2010-02-02	53940	54560	55390	53940	54170	54690	750	316	2308
2010-02-03	54690	55310	55940	54580	55840	55280	590	200	2264
2010-02-04	55280	54440	54440	53280	54190	53910	-1370	566	2406
2010-02-05	53910	52500	52500	51500	52070	51950	-1960	862	2446
2010-02-08	51950	52500	53120	52480	52650	52730	780	312	2480
2010-02-09	52730	52300	53400	52170	53230	52890	160	202	2460
2010-02-10	52890	53510	54900	53510	54750	54200	1310	550	2406
2010-02-11	54200	55200	55800	55200	55450	55500	1300	200	2472
2010-02-12	55500	56500	56630	56040	56490	56340	840	114	2512
2010-02-22	56340	57500	59620	57500	59220	59410	3070	594	2358
2010-02-23	59410	58330	59490	58320	59350	58860	-550	488	2490
2010-02-24	58860	58030	58520	57760	58450	58130	-730	236	2534
2010-02-25	58130	58950	59100	58040	58160	58570	440	256	2510
2010-02-26	58570	58160	58590	58090	58260	58320	-250	124	2532
2010-03-01	58320	61220	61230	59790	60800	60690	2370	386	2604
2010-03-02	60690	59680	60430	59400	59400	59710	-980	178	2598
2010-03-03	59710	60460	60470	59620	59740	59950	240	124	2604
2010-03-04	59950	60100	60600	59700	59700	60190	240	204	2582
2010-03-05	60190	59790	60250	59590	60000	59970	-220	270	2588
2010-03-08	59970	60420	61300	60380	61300	60830	860	272	2668
2010-03-09	60830	60760	60800	60450	60590	60630	-200	178	2688
2010-03-10	60630	60860	61000	60820	60940	60910	280	94	2704
2010-03-11	60910	60510	60600	59590	59770	60110	-800	328	2748
2010-03-12	60110	59770	60010	59620	59880	59840	-270	202	2690
2010-03-15	59840	59530	59690	58700	58750	58930	-910	284	2732
2010-03-16	58930	58500	59200	58280	59200	58830	-100	182	2760
2010-03-17	58830	59800	60890	59500	60860	60310	1480	1004	3068
2010-03-18	60310	60600	61100	60170	60200	60560	250	304	3158
2010-03-19	60560	60240	61240	60240	61050	60940	380	402	3298
2010-03-22	60940	60210	60550	60020	60130	60240	-700	266	3374
2010-03-23	60240	60400	60800	60110	60150	60490	250	82	3378
2010-03-24	60490	60340	60380	59500	59800	60020	-470	162	3356
2010-03-25	60020	59580	59830	59350	59830	59590	-430	404	3390
2010-03-26	59590	59740	61000	59670	60650	60290	700	218	3404
2010-03-29	60290	61200	62440	60860	62370	62050	1760	1070	3632
2010-03-30	62050	62820	62820	61910	62510	62430	380	424	3724
2010-03-31	62430	62650	62780	61900	61900	62070	-360	502	3660
2010-04-01	62070	62060	62990	62060	62850	62630	560	156	3654
2010-04-02	62630	62850	63380	62800	63380	63080	450	306	3658
2010-04-06	63080	63530	64060	63500	63830	63810	730	332	3698
2010-04-07	63810	63670	63840	63300	63470	63460	-350	328	3740
2010-04-09	62790	62940	63400	62940	63300	63220	430	364	3730
2010-04-12	63220	63500	64170	63300	63450	63870	650	720	4052
2010-04-13	63870	63050	63280	62880	63050	63030	-840	442	3970
2010-04-14	63030	63200	63720	63010	63100	63390	360	284	3932
2010-04-15	63390	63380	63550	63010	63150	63400	10	122	3976
2010-04-16	63400	63010	63320	62810	62810	62960	-440	290	3966
2010-04-19	62960	61710	61950	60680	60760	61020	-1940	694	4056
2010-04-20	61020	61400	61490	61030	61490	61190	170	568	4296
2010-04-21	61190	60730	61550	60730	61440	61080	-110	432	4382
2010-04-22	61080	61230	61590	61000	61160	61330	250	372	4414
2010-04-23	61330	61300	61560	61100	61250	61310	-20	376	4446
2010-04-26	61310	62000	62080	61800	61900	61930	620	220	4438
2010-04-27	61930	61630	61630	60850	61000	61110	-820	542	4524
2010-04-28	61110	59000	59360	58230	58820	58950	-2160	2136	5122
2010-04-29	58950	58820	59400	58820	59100	59180	230	518	5180
2010-04-30	59180	59320	59590	58450	58900	58780	-400	1946	5836
2010-05-04	58780	58390	58540	57980	58300	58280	-500	694	5928
2010-05-05	58280	56500	57120	56490	57040	56780	-1500	1860	6700
2010-05-06	56780	56900	57710	56180	56240	56950	170	3496	8058
2010-05-07	56950	55690	55820	54120	54780	55180	-1770	3236	8602
2010-05-10	55180	55700	57250	55630	56900	56350	1170	2868	8604
2010-05-11	56350	57440	57440	55670	55930	56480	130	2454	8852
2010-05-12	56480	55630	56680	55630	56180	56130	-350	2972	9382
2010-05-13	56130	56470	56980	56400	56970	56680	550	2192	9388
2010-05-14	56680	56510	56800	56400	56680	56650	-30	1412	9558
2010-05-17	56650	55350	55420	53810	53810	54560	-2090	4552	10372
2010-05-18	54560	52030	53960	52030	53750	53060	-1500	7304	10474
2010-05-19	53060	52500	53660	51890	53180	52830	-230	9866	10542
2010-05-20	52830	53590	54360	53540	53980	53990	1160	5112	10784
2010-05-21	53990	53200	53860	52780	53720	53340	-650	4346	11268
2010-05-24	53340	54680	55360	54300	55330	54890	1550	5624	11558
2010-05-25	54890	54790	55060	54020	54020	54570	-320	5068	12084
2010-05-26	54570	54800	55060	54620	54930	54870	300	4300	12124
2010-05-27	54870	54600	55380	54380	55280	54860	-10	6100	13390
2010-05-28	54860	55950	56080	55000	55760	55790	930	5906	14316
2010-05-31	55790	55350	55770	55100	55100	55450	-340	7476	14722
2010-06-01	55450	54700	54900	54000	54100	54350	-1100	12054	17402
2010-06-02	54350	54260	54330	52580	53370	53360	-990	26276	21202
2010-06-03	53360	54000	54130	53430	53830	53880	520	27728	23292
2010-06-04	53880	52500	53090	52300	52940	52760	-1120	35854	28236
2010-06-07	52760	50120	50120	50120	50120	50120	-2640	4370	26396
2010-06-08	50120	49620	50000	48830	49360	49440	-680	58656	32060
2010-06-09	49440	49650	50520	49170	50420	49780	340	59918	38878
2010-06-10	49780	50340	51010	49950	50640	50470	690	61664	43472
2010-06-11	50470	51150	51640	51130	51440	51370	900	55626	45636
2010-06-17	51370	52600	52670	51600	51650	52020	650	55714	54798
2010-06-18	52020	51620	51740	50860	50910	51350	-670	84472	64432
2010-06-21	51350	51630	53910	51520	53700	52690	1340	146028	75000
2010-06-22	52690	52700	53180	52480	52830	52840	150	139408	87336
2010-06-23	52840	52600	53500	52330	53140	52940	100	184710	101928
2010-06-24	52940	53140	53850	53140	53500	53580	640	186486	115470
2010-06-25	53580	53670	53780	52970	53120	53380	-200	190076	124118
2010-06-28	53380	54230	54540	53850	54000	54140	760	306072	130712
2010-06-29	54140	53700	53940	52580	52790	53190	-950	441894	155486
2010-06-30	53190	51810	51930	51250	51800	51560	-1630	488126	164104
2010-07-01	51560	51390	51950	51040	51040	51440	-120	589474	199400
2010-07-02	51440	51200	52320	51200	52200	51680	240	596566	195580
2010-07-05	51680	52000	52610	51860	52260	52230	550	486776	192234
2010-07-06	52230	51600	52380	51400	52250	51980	-250	561542	203580
2010-07-07	51980	52500	52610	52010	52130	52280	300	413992	206326
2010-07-08	52280	53300	53460	52970	52990	53190	910	417750	196556
2010-07-09	53190	53090	53800	52950	53640	53410	220	437496	205360
2010-07-12	53410	53630	53750	53010	53060	53450	40	410694	209752
2010-07-13	53450	53200	53200	52250	52290	52660	-790	440522	208600
2010-07-14	52660	52920	53200	52710	52910	52980	320	397290	208430
2010-07-15	52980	52570	53520	52440	52870	52910	-70	425586	211266
2010-07-16	52910	53110	53260	52510	53120	52960	50	399046	209224
2010-07-19	52960	51910	52450	51910	52320	52210	-750	386906	215228
2010-07-20	52210	52340	53130	52340	53060	52770	560	330972	215290
2010-07-21	52770	53300	53600	53250	53350	53440	670	324946	209660
2010-07-22	53440	53810	53980	53600	53930	53770	330	356960	200746
2010-07-23	53770	54800	55490	54690	55400	55110	1340	361868	183000
2010-07-26	55110	55330	55670	55100	55570	55420	310	238368	164194
2010-07-27	55420	55620	55700	55100	55100	55430	10	187628	145330
2010-07-28	55430	54910	56260	54900	56200	55570	140	148230	130070
2010-07-29	55570	56100	56460	55850	56220	56150	580	81854	120034
2010-07-30	56150	56260	56370	55950	56270	56180	30	48832	112522
2010-08-02	56180	56830	58000	56800	57690	57470	1290	52742	102504
2010-08-03	57470	58010	58300	57450	57470	57870	400	41332	94378
2010-08-04	57870	57310	57730	57090	57600	57350	-520	31134	88312
2010-08-05	57350	58040	58450	57250	57400	57770	420	30366	85584
2010-08-06	57770	57130	57890	57020	57810	57420	-350	18582	82884
2010-08-09	57420	57810	58260	57810	58250	58070	650	14656	79276
2010-08-10	58070	58000	58010	57180	57250	57530	-540	14298	75872
2010-08-11	57530	56970	57700	56700	56830	57120	-410	18060	71712
2010-08-12	57120	56600	56800	56050	56400	56390	-730	18934	67062
2010-08-13	56390	56720	57400	56570	57400	56950	560	8680	65278
2010-08-16	56950	56800	57470	56650	57400	57060	110	10266	62526
2010-08-17	57060	57400	57790	57160	57750	57510	450	7520	60380
2010-08-18	57510	58110	58500	57960	58050	58250	740	7356	57200
2010-08-19	58250	58250	58370	57760	58280	58090	-160	5718	55148
2010-08-20	58090	57890	57960	57050	57130	57410	-680	6324	53360
2010-08-23	57410	57290	57490	57030	57310	57290	-120	5838	52708
2010-08-24	57290	57060	57600	56820	57120	57090	-200	6294	51596
2010-08-25	57090	56820	57100	56650	56870	56820	-270	6648	49274
2010-08-26	56820	57160	57550	57160	57400	57390	570	6160	47180
2010-08-27	57390	57560	57910	57500	57850	57690	300	2962	46582
2010-08-30	57690	58580	59400	58500	59350	59130	1440	11166	43064
2010-08-31	59130	58990	58990	58220	58450	58660	-470	5596	41428
2010-09-01	58660	58760	59800	58710	59470	59480	820	5890	39356
2010-09-02	59480	60000	60380	59840	59930	60020	540	4746	38082
2010-09-03	60020	59930	60010	59670	59900	59830	-190	2700	36470
2010-09-06	59830	60100	60500	60030	60440	60360	530	6314	35536
2010-09-07	60360	60500	60500	59530	59640	59800	-560	3224	34614
2010-09-08	59800	59650	59840	59360	59800	59620	-180	2332	33948
2010-09-09	59620	60210	60210	57760	58580	58640	-980	6370	31756
2010-09-10	58640	58570	58900	58320	58890	58590	-50	3272	30926
2010-09-13	58590	59300	59600	59150	59450	59360	770	2624	30648
2010-09-14	59360	59720	59720	59000	59060	59260	-100	2968	29556
2010-09-15	59260	59320	59450	58910	59190	59130	-130	3844	28684
2010-09-16	59130	59500	59500	58810	59100	59200	70	4306	26286
2010-09-17	59200	59480	60080	59300	60000	59710	510	5264	24404
2010-09-20	59710	60000	60330	59900	60210	60160	450	5394	21176
2010-09-21	60160	60160	60160	59550	59720	59800	-360	4106	19724
2010-09-27	59800	61100	61100	60300	60560	60560	760	4084	17954
2010-09-28	60560	60200	60500	60080	60300	60340	-220	2712	16756
2010-09-29	60340	60520	60720	60430	60700	60540	200	3192	14884
2010-09-30	60540	60610	60610	59500	60300	59920	-620	3594	13026
2010-10-08	59920	60000	61200	60000	60600	60700	780	2406	11960
2010-10-11	60700	62000	62990	61010	62740	62420	1720	4980	9940
2010-10-12	62420	62000	62390	61820	62100	62110	-310	3750	8870
2010-10-13	62110	62940	63000	62200	62560	62590	480	3150	7230
2010-10-14	62590	63100	63530	63010	63520	63190	600	3450	6710
2010-10-15	63190	63190	63600	62800	63180	62970	-220	1060	6240
