2009-12-03	4725	4735	4735	4735	4735	4735	10	2	2
2009-12-04	4735	4837	4837	4698	4698	4788	53	6	4
2009-12-07	4788	4858	4858	4840	4840	4846	58	10	6
2009-12-08	4846	?	?	?	4846	4846	0	?	6
2009-12-09	4846	4866	4876	4866	4866	4869	23	6	12
2009-12-10	4869	4828	4828	4723	4770	4773	-96	6	14
2009-12-11	4773	?	?	?	4773	4773	0	?	14
2009-12-14	4773	?	?	?	4773	4773	0	?	14
2009-12-15	4773	4780	4780	4780	4780	4780	7	2	14
2009-12-16	4780	4843	4843	4820	4820	4831	51	4	16
2009-12-17	4831	4802	4830	4802	4805	4810	-21	24	36
2009-12-18	4810	4801	4801	4800	4800	4800	-10	10	44
2009-12-21	4800	4880	4880	4790	4790	4815	15	20	60
2009-12-22	4815	4837	4837	4771	4785	4788	-27	14	68
2009-12-23	4788	4790	4795	4753	4753	4765	-23	14	70
2009-12-24	4765	4800	4822	4773	4801	4800	35	36	90
2009-12-25	4800	4807	4838	4772	4780	4802	2	44	86
2009-12-28	4802	4800	4853	4800	4822	4840	38	24	100
2009-12-29	4840	4879	4879	4821	4821	4845	5	20	100
2009-12-30	4845	4821	4862	4816	4850	4843	-2	24	106
2009-12-31	4843	4885	4885	4885	4885	4885	42	2	106
2010-01-04	4885	4835	4885	4835	4875	4875	-10	22	110
2010-01-05	4875	4910	5015	4880	5000	4964	89	58	140
2010-01-06	4964	4960	5055	4960	5016	5002	38	26	150
2010-01-07	5002	5064	5085	4871	4919	4971	-31	64	154
2010-01-08	4971	4980	4980	4875	4875	4914	-57	16	146
2010-01-11	4914	5005	5055	4970	5002	5004	90	36	156
2010-01-12	5004	4950	5000	4950	4973	4979	-25	46	148
2010-01-13	4979	4850	4920	4841	4920	4891	-88	48	142
2010-01-14	4891	4950	4960	4946	4947	4953	62	54	166
2010-01-15	4953	4946	4946	4890	4902	4914	-39	72	184
2010-01-18	4914	4881	4944	4850	4944	4899	-15	28	190
2010-01-19	4899	4965	4965	4954	4954	4961	62	12	190
2010-01-20	4961	4938	4950	4920	4946	4939	-22	18	194
2010-01-21	4939	4936	4968	4912	4968	4946	7	22	198
2010-01-22	4946	4902	4930	4860	4882	4899	-47	56	184
2010-01-25	4899	4880	4899	4876	4882	4881	-18	68	170
2010-01-26	4881	4900	4900	4850	4850	4862	-19	30	170
2010-01-27	4862	4850	4850	4849	4850	4849	-13	8	166
2010-01-28	4849	4793	4845	4780	4829	4817	-32	72	172
2010-01-29	4817	4780	4829	4780	4803	4797	-20	58	182
2010-02-01	4797	4775	4779	4703	4703	4759	-38	82	214
2010-02-02	4759	4748	4771	4725	4740	4751	-8	36	220
2010-02-03	4751	4778	4809	4778	4809	4804	53	30	198
2010-02-04	4804	4768	4768	4768	4768	4768	-36	4	202
2010-02-05	4768	4650	4670	4650	4670	4663	-105	6	200
2010-02-08	4663	4700	4700	4683	4683	4694	31	6	198
2010-02-09	4694	4655	4700	4655	4700	4692	-2	42	168
2010-02-10	4692	4769	4769	4713	4713	4741	49	4	168
2010-02-11	4741	4773	4773	4740	4746	4748	7	24	154
2010-02-12	4748	4770	4772	4755	4755	4761	13	22	156
2010-02-22	4761	4860	4870	4853	4854	4860	99	24	164
2010-02-23	4860	4850	4850	4820	4841	4840	-20	20	168
2010-02-24	4840	4841	4841	4829	4840	4835	-5	20	170
2010-02-25	4835	4880	4880	4818	4818	4851	16	8	170
2010-02-26	4851	4817	4832	4817	4832	4826	-25	14	172
2010-03-01	4826	4905	4905	4851	4863	4873	47	6	170
2010-03-02	4873	4835	4844	4835	4844	4839	-34	4	168
2010-03-03	4839	4880	4880	4846	4846	4854	15	8	174
2010-03-04	4854	4887	4887	4822	4822	4867	13	20	172
2010-03-05	4867	4823	4842	4823	4842	4829	-38	6	178
2010-03-08	4829	4898	4898	4864	4864	4876	47	16	176
2010-03-09	4876	4841	4895	4841	4872	4873	-3	14	174
2010-03-10	4873	4859	4867	4859	4867	4863	-10	4	178
2010-03-11	4863	4896	4896	4840	4864	4865	2	68	162
2010-03-12	4865	4872	4874	4866	4868	4868	3	32	176
2010-03-15	4868	4834	4835	4821	4835	4831	-37	32	198
2010-03-16	4831	4865	4865	4817	4817	4825	-6	38	188
2010-03-17	4825	4887	4915	4867	4878	4881	56	16	176
2010-03-18	4881	4881	4881	4881	4881	4881	0	2	176
2010-03-19	4881	4841	4870	4841	4868	4859	-22	20	170
2010-03-22	4859	4863	4863	4863	4863	4863	4	2	170
2010-03-23	4863	4898	4898	4860	4860	4870	7	14	168
2010-03-24	4870	4851	4895	4851	4895	4873	3	4	168
2010-03-25	4873	4869	4869	4853	4853	4858	-15	12	178
2010-03-26	4858	4877	4884	4870	4878	4877	19	42	188
2010-03-29	4877	4896	4896	4887	4887	4890	13	6	190
2010-03-30	4890	4929	4929	4889	4892	4895	5	60	210
2010-03-31	4895	4881	4885	4850	4850	4866	-29	38	232
2010-04-01	4866	4869	4908	4864	4868	4879	13	50	208
2010-04-02	4879	4905	4905	4866	4866	4878	-1	20	224
2010-04-06	4878	4898	4900	4873	4882	4888	10	8	220
2010-04-07	4888	4889	4892	4889	4891	4890	2	22	206
2010-04-09	4876	4872	4918	4872	4900	4896	20	10	206
2010-04-12	4896	4907	4913	4890	4890	4903	7	30	206
2010-04-13	4903	4906	4906	4905	4905	4905	2	10	196
2010-04-14	4905	4905	4905	4898	4898	4901	-4	4	194
2010-04-15	4901	?	?	?	4901	4901	0	?	194
2010-04-16	4901	4894	4894	4872	4883	4882	-19	24	196
2010-04-19	4882	4883	4883	4821	4848	4856	-26	18	188
2010-04-20	4856	4865	4866	4865	4866	4865	9	12	194
2010-04-21	4865	4878	4879	4860	4878	4876	11	16	200
2010-04-22	4876	4850	4873	4850	4873	4861	-15	4	200
2010-04-23	4861	4869	4873	4869	4869	4869	8	18	188
2010-04-26	4869	4884	4899	4884	4899	4889	20	12	192
2010-04-27	4889	4879	4879	4840	4857	4859	-30	14	196
2010-04-28	4859	4829	4829	4813	4813	4825	-34	18	196
2010-04-29	4825	4835	4840	4830	4830	4835	10	10	198
2010-04-30	4835	4842	4852	4842	4845	4844	9	12	206
2010-05-04	4844	4854	4855	4849	4850	4850	6	24	198
2010-05-05	4850	4773	4810	4773	4810	4802	-48	14	194
2010-05-06	4802	4847	4847	4785	4798	4806	4	32	196
2010-05-07	4806	4785	4785	4745	4751	4762	-44	58	202
2010-05-10	4762	4800	4812	4796	4812	4799	37	82	134
2010-05-11	4799	4812	4820	4778	4778	4812	13	22	134
2010-05-12	4812	4825	4825	4825	4825	4825	13	2	134
2010-05-13	4825	4809	4809	4809	4809	4809	-16	4	134
2010-05-14	4809	4745	4790	4745	4746	4770	-39	38	160
2010-05-17	4770	4672	4680	4561	4565	4637	-133	100	188
2010-05-18	4637	4600	4638	4600	4635	4612	-25	28	190
2010-05-19	4612	4625	4625	4551	4600	4584	-28	42	204
2010-05-20	4584	4648	4648	4590	4590	4614	30	12	202
2010-05-21	4614	4490	4529	4471	4473	4485	-129	54	208
2010-05-24	4485	4519	4549	4467	4549	4514	29	30	208
2010-05-25	4514	4500	4520	4470	4470	4497	-17	26	218
2010-05-26	4497	4498	4508	4490	4500	4501	4	32	220
2010-05-27	4501	4500	4542	4500	4533	4529	28	12	226
2010-05-28	4529	4571	4583	4570	4583	4575	46	30	216
2010-05-31	4575	4570	4570	4558	4558	4565	-10	18	210
2010-06-01	4565	4545	4559	4522	4522	4541	-24	26	200
2010-06-02	4541	4509	4513	4442	4445	4459	-82	176	330
2010-06-03	4459	4499	4499	4474	4480	4482	23	14	324
2010-06-04	4482	4461	4499	4452	4490	4494	12	132	322
2010-06-07	4494	4320	4345	4271	4295	4299	-195	58	336
2010-06-08	4299	4295	4389	4295	4388	4361	62	16	332
2010-06-09	4361	4400	4456	4350	4456	4419	58	60	326
2010-06-10	4419	4481	4504	4420	4449	4464	45	34	340
2010-06-11	4464	4487	4487	4451	4468	4474	10	56	338
2010-06-17	4474	4485	4502	4460	4475	4476	2	30	356
2010-06-18	4476	4464	4464	4464	4464	4464	-12	2	356
2010-06-21	4464	4499	4519	4483	4501	4505	41	40	342
2010-06-22	4505	4523	4523	4499	4499	4505	0	14	332
2010-06-23	4505	4490	4490	4485	4485	4489	-16	30	356
2010-06-24	4489	4485	4485	4451	4474	4470	-19	6	356
2010-06-25	4470	4366	4366	4366	4366	4366	-104	2	356
2010-06-28	4366	4493	4495	4480	4490	4488	122	14	352
2010-06-29	4488	4476	4481	4420	4459	4450	-38	18	356
2010-06-30	4450	4459	4459	4384	4420	4422	-28	18	348
2010-07-01	4422	4418	4418	4391	4399	4403	-19	16	352
2010-07-02	4403	4374	4399	4358	4399	4369	-34	34	342
2010-07-05	4369	4390	4410	4390	4406	4402	33	14	346
2010-07-06	4402	4365	4380	4365	4372	4372	-30	6	348
2010-07-07	4372	4372	4372	4372	4372	4372	0	2	348
2010-07-08	4372	4406	4420	4406	4412	4415	43	10	348
2010-07-09	4415	4415	4416	4408	4408	4413	-2	8	352
2010-07-12	4413	4404	4404	4390	4390	4398	-15	6	354
2010-07-13	4398	4390	4390	4350	4356	4359	-39	32	352
2010-07-14	4359	4383	4383	4377	4382	4381	22	12	354
2010-07-15	4381	4379	4380	4379	4380	4379	-2	4	350
2010-07-16	4379	4363	4369	4358	4359	4362	-17	30	370
2010-07-19	4362	4355	4368	4355	4364	4364	2	16	360
2010-07-20	4364	4366	4395	4366	4380	4376	12	22	346
2010-07-21	4376				4376	4376	0		346
2010-07-22	4376	4375	4389	4375	4389	4382	6	34	334
2010-07-23	4382	4445	4450	4418	4450	4439	57	98	296
2010-07-26	4439	4470	4492	4440	4492	4476	37	188	434
2010-07-27	4476	4479	4480	4465	4468	4474	-2	34	454
2010-07-28	4474	4450	4468	4386	4460	4442	-32	20	458
2010-07-29	4442	4451	4485	4451	4485	4464	22	12	450
2010-07-30	4464	4459	4501	4459	4501	4486	22	288	240
2010-08-02	4486	4520	4565	4520	4555	4554	68	34	238
2010-08-03	4554	4591	4591	4556	4556	4576	22	42	252
2010-08-04	4576	4588	4588	4536	4558	4557	-19	28	270
2010-08-05	4557	4572	4575	4535	4535	4555	-2	16	272
2010-08-06	4555	4530	4572	4530	4572	4558	3	18	264
2010-08-09	4558	4568	4603	4568	4580	4578	20	88	282
2010-08-10	4578	4556	4571	4556	4563	4564	-14	16	280
2010-08-11	4564	4581	4581	4545	4556	4556	-8	10	276
2010-08-12	4556	4530	4530	4485	4499	4503	-53	54	262
2010-08-13	4503	4499	4510	4491	4510	4497	-6	74	272
2010-08-16	4497	4510	4532	4510	4520	4520	23	12	274
2010-08-17	4520	4520	4625	4518	4525	4529	9	112	288
2010-08-18	4529	4644	4645	4533	4549	4557	28	382	370
2010-08-19	4557	4564	4630	4560	4614	4608	51	1094	928
2010-08-20	4608	4580	4591	4488	4490	4520	-88	1402	1382
2010-08-23	4520	4500	4500	4440	4440	4453	-67	1322	2142
2010-08-24	4453	4411	4419	4382	4398	4401	-52	1938	3186
2010-08-25	4401	4398	4416	4371	4413	4401	0	2560	4628
2010-08-26	4401	4437	4447	4420	4430	4431	30	4088	6846
2010-08-27	4431	4429	4432	4416	4421	4422	-9	2578	7846
2010-08-30	4422	4445	4477	4440	4468	4466	44	3688	8478
2010-08-31	4466	4436	4436	4390	4390	4405	-61	4938	11562
2010-09-01	4405	4384	4427	4360	4397	4393	-12	10786	12162
2010-09-02	4393	4430	4439	4410	4430	4420	27	6612	12804
2010-09-03	4420	4445	4446	4420	4427	4429	9	5000	13924
2010-09-06	4429	4429	4465	4415	4455	4448	19	9462	16348
2010-09-07	4448	4449	4457	4440	4452	4449	1	7178	17260
2010-09-08	4449	4462	4485	4453	4485	4466	17	10920	18356
2010-09-09	4466	4500	4505	4309	4415	4427	-39	22666	17854
2010-09-10	4427	4426	4449	4416	4440	4432	5	10504	18138
2010-09-13	4432	4500	4500	4460	4473	4472	40	15292	21144
2010-09-14	4472	4466	4474	4420	4425	4447	-25	18984	22732
2010-09-15	4447	4419	4431	4389	4402	4404	-43	23206	25976
2010-09-16	4404	4403	4415	4386	4415	4400	-4	23516	29158
2010-09-17	4400	4405	4430	4366	4429	4407	7	29550	29012
2010-09-20	4407	4418	4451	4413	4435	4431	24	33934	31916
2010-09-21	4431	4449	4468	4431	4439	4447	16	46994	37080
2010-09-27	4447	4477	4483	4448	4465	4461	14	43854	42168
2010-09-28	4461	4448	4454	4414	4416	4438	-23	35658	42184
2010-09-29	4438	4438	4438	4393	4420	4414	-24	41082	36544
2010-09-30	4414	4438	4467	4420	4461	4450	36	55170	33494
2010-10-08	4450	4491	4507	4465	4477	4491	41	46176	35068
2010-10-11	4491	4531	4661	4518	4598	4595	104	65226	36886
2010-10-12	4595	4570	4585	4533	4562	4564	-31	23756	33158
2010-10-13	4564	4572	4661	4572	4660	4622	58	28672	32850
2010-10-14	4622	4693	4709	4654	4693	4683	61	23930	29154
2010-10-15	4683	4660	4663	4626	4655	4648	-35	10706	27402
2010-10-18	4648	4598	4598	4509	4576	4566	-82	11084	23366
2010-10-19	4566	4611	4663	4573	4596	4603	37	10328	23150
2010-10-20	4603	4499	4567	4450	4553	4538	-65	13500	18018
2010-10-21	4538	4582	4600	4540	4557	4564	26	6240	18050
2010-10-22	4564	4557	4597	4542	4567	4566	2	4022	18030
2010-10-25	4566	4590	4685	4590	4668	4643	77	4954	17394
2010-10-26	4643	4730	4762	4556	4642	4651	8	3690	16910
2010-10-27	4651	4656	4720	4557	4557	4609	-42	2888	16326
2010-10-28	4609	4570	4594	4560	4565	4575	-34	1358	16128
2010-10-29	4575	4521	4562	4507	4520	4535	-40	1568	15598
2010-11-01	4535	4552	4580	4544	4571	4555	20	278	15560
2010-11-02	4555	4632	4632	4615	4616	4620	65	180	15580
2010-11-03	4620	4630	4630	4600	4614	4614	-6	120	15560
2010-11-04	4614	4611	4655	4611	4655	4635	21	300	15620
2010-11-05	4635	4695	4767	4695	4724	4727	92	460	15760
2010-11-08	4727	4746	4750	4700	4700	4725	-2	100	15840
2010-11-09	4725	4600	4830	4600	4793	4741	16	400	15720
2010-11-10	4741	4800	4830	4718	4720	4785	44	360	15560
2010-11-11	4785	4750	4830	4730	4830	4778	-7	140	15600
2010-11-12	4778	4800	4800	4590	4630	4638	-140	380	15520
2010-11-15	4638	4646	4650	4630	4630	4644	6	100	15600
2010-11-16	4644	4628	4630	4620	4620	4626	-18	80	15580
2010-11-17	4626	4488	4549	4460	4480	4486	-140	900	15460
2010-11-18	4486	4484	4484	4470	4470	4477	-9	100	15500
2010-11-19	4477	4512	4537	4473	4473	4497	20	220	15560
2010-11-22	4497				4500	4500	3		15560
2010-11-23	4500	4470	4480	4440	4440	4463	-37	100	15560
2010-11-24	4463	4470	4470	4470	4470	4470	7	120	15560
2010-11-25	4470	4500	4500	4480	4490	4493	23	180	15580
2010-11-26	4493	4515	4515	4470	4470	4488	-5	80	15620
2010-11-29	4488	4470	4500	4470	4480	4483	-5	60	15640
2010-11-30	4483	4520	4540	4480	4540	4505	22	320	15880
