2009-11-02	?	4530	4568	4530	4568	4550	?	8	8
2009-11-03	4550	4580	4580	4570	4570	4576	26	6	14
2009-11-04	4576	4599	4599	4599	4599	4599	23	2	16
2009-11-05	4599	4598	4616	4590	4600	4600	1	18	26
2009-11-06	4600	4598	4630	4598	4625	4619	19	20	38
2009-11-09	4619	4590	4650	4590	4650	4628	9	20	54
2009-11-10	4628	4658	4670	4632	4632	4649	21	12	60
2009-11-11	4649	4637	4637	4637	4637	4637	-12	2	60
2009-11-12	4637	4649	4670	4631	4631	4645	8	8	58
2009-11-13	4645	4600	4634	4586	4634	4610	-35	14	54
2009-11-16	4610	4641	4710	4630	4695	4675	65	66	104
2009-11-17	4675	4725	4725	4690	4699	4707	32	20	108
2009-11-18	4707	4701	4779	4701	4779	4744	37	64	154
2009-11-19	4744	4780	4785	4760	4780	4770	26	90	216
2009-11-20	4770	4770	4779	4738	4771	4761	-9	360	288
2009-11-23	4761	4798	4847	4782	4815	4809	48	750	436
2009-11-24	4809	4769	4815	4751	4768	4784	-25	42	442
2009-11-25	4784	4770	4795	4770	4795	4783	-1	44	418
2009-11-26	4783	4817	4817	4781	4783	4788	5	32	406
2009-11-27	4788	4752	4760	4666	4695	4713	-75	74	380
2009-11-30	4713	4721	4746	4710	4721	4725	12	44	366
2009-12-01	4725	4731	4740	4700	4700	4725	0	34	366
2009-12-02	4725	4750	4760	4740	4760	4753	28	48	380
2009-12-03	4753	4733	4749	4710	4710	4730	-23	18	376
2009-12-04	4730	4759	4800	4750	4800	4770	40	54	388
2009-12-07	4770	4785	4815	4782	4793	4804	34	104	414
2009-12-08	4804	4795	4805	4780	4790	4790	-14	58	432
2009-12-09	4790	4798	4853	4751	4853	4801	11	86	444
2009-12-10	4801	4780	4800	4680	4720	4726	-75	70	426
2009-12-11	4726	4750	4750	4730	4740	4742	16	28	440
2009-12-14	4742	4750	4750	4689	4719	4711	-31	34	426
2009-12-15	4711	4730	4775	4730	4757	4757	46	36	430
2009-12-16	4757	4762	4782	4762	4782	4774	17	10	438
2009-12-17	4774	4782	4799	4754	4772	4774	0	54	428
2009-12-18	4774	4726	4778	4726	4756	4757	-17	26	430
2009-12-21	4757	4762	4768	4762	4762	4765	8	18	444
2009-12-22	4765	4752	4755	4725	4725	4738	-27	24	442
2009-12-23	4738	4755	4755	4712	4723	4728	-10	32	442
2009-12-24	4728	4752	4775	4752	4766	4762	34	62	478
2009-12-25	4762	4750	4751	4746	4748	4749	-13	16	480
2009-12-28	4749	4780	4794	4696	4794	4780	31	58	506
2009-12-29	4780	4799	4824	4793	4800	4809	29	72	520
2009-12-30	4809	4782	4810	4782	4810	4792	-17	22	518
2009-12-31	4792	4891	4891	4812	4830	4834	42	36	516
2010-01-04	4834	4824	4860	4805	4842	4843	9	40	530
2010-01-05	4843	4918	4987	4880	4960	4922	79	162	634
2010-01-06	4922	4970	5015	4970	5006	5004	82	42	650
2010-01-07	5004	5048	5048	4889	4889	4942	-62	60	652
2010-01-08	4942	4920	4920	4855	4885	4880	-62	36	640
2010-01-11	4880	4990	5000	4955	5000	4983	103	34	638
2010-01-12	4983	4961	4980	4899	4980	4941	-42	14	642
2010-01-13	4941	4835	4929	4830	4880	4863	-78	160	582
2010-01-14	4863	4939	4939	4922	4922	4934	71	16	582
2010-01-15	4934	4909	4925	4875	4875	4887	-47	50	546
2010-01-18	4887	4878	4879	4875	4879	4877	-10	6	548
2010-01-19	4877	4915	4939	4877	4892	4922	45	16	558
2010-01-20	4922	4950	4950	4890	4890	4904	-18	32	572
2010-01-21	4904	4894	4910	4890	4910	4897	-7	12	578
2010-01-22	4897	4828	4898	4828	4898	4845	-52	114	538
2010-01-25	4845	4831	4869	4815	4869	4833	-12	22	540
2010-01-26	4833	4890	4890	4800	4802	4815	-18	100	534
2010-01-27	4815	4802	4892	4786	4800	4805	-10	44	528
2010-01-28	4805	4732	4800	4731	4766	4756	-49	30	518
2010-01-29	4756	4728	4779	4728	4750	4756	0	128	568
2010-02-01	4756	4665	4720	4665	4675	4675	-81	104	582
2010-02-02	4675	4750	4750	4651	4651	4718	43	30	598
2010-02-03	4718	4737	4748	4693	4740	4738	20	32	572
2010-02-04	4738	4720	4759	4720	4740	4744	6	40	576
2010-02-05	4744	4660	4689	4621	4639	4631	-113	190	626
2010-02-08	4631	4659	4670	4658	4661	4661	30	42	636
2010-02-09	4661	4661	4661	4611	4628	4642	-19	36	618
2010-02-10	4642	4674	4699	4650	4650	4682	40	12	614
2010-02-11	4682	4688	4688	4688	4688	4688	6	2	612
2010-02-12	4688	4705	4727	4705	4727	4717	29	14	612
2010-02-22	4717	4781	4785	4781	4785	4783	66	10	614
2010-02-23	4783	4785	4799	4781	4789	4787	4	44	606
2010-02-24	4787	4781	4797	4781	4793	4789	2	28	600
2010-02-25	4789	4795	4818	4783	4783	4792	3	28	578
2010-02-26	4792	4779	4789	4779	4789	4784	-8	4	578
2010-03-01	4784	4804	4813	4804	4812	4809	25	10	572
2010-03-02	4809	4865	4865	4781	4781	4813	4	6	572
2010-03-03	4813	?	?	?	4813	4813	0	?	572
2010-03-04	4813	4815	4825	4812	4812	4821	8	28	550
2010-03-05	4821	4782	4833	4782	4833	4809	-12	12	554
2010-03-08	4809	4844	4845	4825	4834	4834	25	30	544
2010-03-09	4834	4823	4823	4823	4823	4823	-11	2	546
2010-03-10	4823	?	?	?	4823	4823	0	?	546
2010-03-11	4823	4828	4828	4820	4820	4824	1	12	542
2010-03-12	4824	4825	4825	4825	4825	4825	1	10	536
2010-03-15	4825	4823	4836	4784	4785	4805	-20	28	542
2010-03-16	4805	4785	4789	4780	4788	4784	-21	30	546
2010-03-17	4784	4842	4844	4817	4817	4840	56	20	564
2010-03-18	4840	4828	4839	4819	4828	4828	-12	66	544
2010-03-19	4828	4828	4828	4828	4828	4828	0	6	538
2010-03-22	4828	4819	4819	4819	4819	4819	-9	2	538
2010-03-23	4819	4836	4836	4807	4807	4829	10	32	534
2010-03-24	4829	4845	4846	4823	4826	4837	8	64	530
2010-03-25	4837	4800	4820	4800	4810	4810	-27	84	540
2010-03-26	4810	4815	4836	4815	4831	4830	20	80	480
2010-03-29	4830	4837	4837	4837	4837	4837	7	2	480
2010-03-30	4837	4845	4851	4845	4851	4848	11	12	480
2010-03-31	4848	4841	4841	4818	4818	4828	-20	22	480
2010-04-01	4828	?	?	?	4829	4829	1	?	480
2010-04-02	4829	4840	4842	4840	4842	4841	12	6	474
2010-04-06	4841	4918	4918	4850	4858	4864	23	32	470
2010-04-07	4864	4861	4878	4861	4870	4866	2	90	484
2010-04-09	4847	4853	4867	4852	4867	4862	15	16	466
2010-04-12	4862	4872	4876	4871	4871	4872	10	10	464
2010-04-13	4872	4874	4874	4874	4874	4874	2	2	466
2010-04-14	4874	4811	4866	4811	4860	4858	-16	26	466
2010-04-15	4858	4876	4877	4874	4874	4875	17	14	466
2010-04-16	4875	4859	4859	4859	4859	4859	-16	10	462
2010-04-19	4859	4837	4838	4820	4822	4828	-31	50	470
2010-04-20	4828	4822	4840	4822	4840	4836	8	48	480
2010-04-21	4836	4842	4856	4842	4855	4851	15	54	482
2010-04-22	4851	4822	4869	4822	4849	4845	-6	82	464
2010-04-23	4845	4842	4842	4840	4840	4841	-4	26	464
2010-04-26	4841	4896	4896	4862	4864	4867	26	24	480
2010-04-27	4867	4852	4862	4852	4854	4854	-13	12	490
2010-04-28	4854	4782	4812	4782	4812	4804	-50	162	406
2010-04-29	4804	4810	4810	4810	4810	4810	6	4	406
2010-04-30	4810	4810	4829	4810	4829	4817	7	12	412
2010-05-04	4817	4850	4850	4827	4835	4838	21	14	408
2010-05-05	4838	4810	4810	4641	4804	4785	-53	84	450
2010-05-06	4785	4808	4808	4784	4784	4788	3	16	454
2010-05-07	4788	4842	4842	4709	4727	4737	-51	142	522
2010-05-10	4737	4771	4794	4765	4794	4779	42	166	492
2010-05-11	4779	4799	4804	4751	4751	4791	12	28	498
2010-05-12	4791	4779	4786	4760	4762	4768	-23	50	486
2010-05-13	4768	4771	4771	4771	4771	4771	3	8	492
2010-05-14	4771	4746	4750	4705	4710	4729	-42	52	484
2010-05-17	4729	4658	4660	4522	4568	4612	-117	324	642
2010-05-18	4612	4568	4616	4542	4616	4594	-18	132	640
2010-05-19	4594	4550	4587	4530	4543	4556	-38	210	666
2010-05-20	4556	4597	4689	4562	4569	4595	39	146	682
2010-05-21	4595	4503	4503	4441	4444	4461	-134	324	878
2010-05-24	4461	4465	4486	4464	4486	4470	9	68	880
2010-05-25	4470	?	?	?	4440	4440	-30	?	880
2010-05-26	4440	4461	4469	4364	4455	4451	11	34	886
2010-05-27	4451	4453	4498	4453	4498	4475	24	48	872
2010-05-28	4475	4545	4587	4542	4550	4554	79	134	858
2010-05-31	4554	4550	4550	4512	4512	4535	-19	60	876
2010-06-01	4535	4512	4512	4500	4500	4505	-30	8	882
2010-06-02	4505	4480	4480	4372	4410	4447	-58	194	992
2010-06-03	4447	4447	4463	4431	4452	4454	7	50	1002
2010-06-04	4454	4435	4462	4435	4446	4454	0	34	988
2010-06-07	4454	4374	4374	4235	4289	4300	-154	166	998
2010-06-08	4300	4331	4365	4315	4355	4350	50	78	958
2010-06-09	4350	4378	4430	4350	4430	4391	41	50	922
2010-06-10	4391	4301	4441	4301	4405	4408	17	224	914
2010-06-11	4408	4433	4440	4416	4427	4431	23	18	914
2010-06-17	4431	4441	4549	4420	4420	4441	10	236	948
2010-06-18	4441	4423	4437	4420	4420	4426	-15	36	946
2010-06-21	4426	4451	4500	4443	4499	4470	44	98	980
2010-06-22	4470	4480	4485	4451	4465	4470	0	104	950
2010-06-23	4470	4450	4487	4439	4454	4456	-14	50	954
2010-06-24	4456	4440	4459	4440	4440	4445	-11	848	1208
2010-06-25	4445	4464	4464	4411	4425	4431	-14	80	1230
2010-06-28	4431	4460	4460	4450	4450	4456	25	28	1228
2010-06-29	4456	4430	4438	4410	4420	4417	-39	52	1240
2010-06-30	4417	4360	4406	4360	4406	4380	-37	216	1334
2010-07-01	4380	4380	4388	4361	4370	4375	-5	76	1314
2010-07-02	4375	4329	4388	4320	4359	4337	-38	110	1326
2010-07-05	4337	4359	4379	4350	4360	4364	27	128	1336
2010-07-06	4364	4324	4339	4324	4339	4331	-33	12	1338
2010-07-07	4331	4344	4355	4344	4350	4350	19	20	1352
2010-07-08	4350	4379	4392	4373	4380	4379	29	24	1348
2010-07-09	4379	4410	4410	4373	4376	4381	2	38	1344
2010-07-12	4381	4381	4385	4356	4358	4370	-11	162	1354
2010-07-13	4370	4357	4358	4310	4312	4327	-43	104	1408
2010-07-14	4327	4345	4357	4337	4343	4346	19	48	1410
2010-07-15	4346	4346	4346	4327	4333	4335	-11	24	1412
2010-07-16	4335	4340	4340	4318	4329	4323	-12	146	1512
2010-07-19	4323	4326	4348	4292	4331	4325	2	248	1640
2010-07-20	4325	4345	4365	4330	4356	4349	24	286	1580
2010-07-21	4349	4350	4360	4350	4354	4355	6	76	1622
2010-07-22	4355	4340	4360	4340	4360	4349	-6	630	1524
2010-07-23	4349	4387	4418	4383	4410	4407	58	1020	970
2010-07-26	4407	4414	4444	4407	4444	4425	18	420	996
2010-07-27	4425	4430	4436	4424	4425	4430	5	116	1020
2010-07-28	4430	4401	4427	4396	4425	4410	-20	156	1038
2010-07-29	4410	4420	4467	4420	4467	4441	31	710	1342
2010-07-30	4441	4460	4471	4450	4469	4459	18	2432	2908
2010-08-02	4459	4480	4528	4480	4515	4515	56	1182	3118
2010-08-03	4515	4557	4568	4525	4535	4536	21	1880	3164
2010-08-04	4536	4539	4539	4493	4521	4513	-23	1734	2986
2010-08-05	4513	4527	4528	4499	4506	4513	0	1036	2908
2010-08-06	4513	4500	4540	4498	4538	4520	7	926	3196
2010-08-09	4520	4518	4553	4518	4544	4543	23	1398	3422
2010-08-10	4543	4542	4552	4512	4520	4528	-15	800	3538
2010-08-11	4528	4511	4522	4504	4504	4513	-15	1720	3584
2010-08-12	4513	4472	4484	4448	4454	4459	-54	2316	4658
2010-08-13	4459	4422	4472	4422	4470	4453	-6	3338	5312
2010-08-16	4453	4450	4480	4444	4480	4470	17	8008	8560
2010-08-17	4470	4473	4485	4464	4473	4474	4	16126	16730
2010-08-18	4474	4483	4511	4475	4496	4498	24	27206	23698
2010-08-19	4498	4499	4598	4499	4567	4557	59	111870	61044
2010-08-20	4557	4539	4549	4445	4447	4484	-73	93656	52462
2010-08-23	4484	4451	4458	4398	4399	4415	-69	59058	57552
2010-08-24	4415	4372	4382	4350	4353	4363	-52	58334	62494
2010-08-25	4363	4343	4383	4330	4382	4362	-1	71250	67212
2010-08-26	4362	4398	4405	4379	4391	4390	28	50908	67756
2010-08-27	4390	4392	4393	4368	4378	4380	-10	52222	69974
2010-08-30	4380	4412	4439	4393	4424	4423	43	74566	63662
2010-08-31	4423	4400	4400	4351	4352	4367	-56	54972	68532
2010-09-01	4367	4326	4380	4312	4352	4350	-17	79640	75944
2010-09-02	4350	4377	4388	4360	4383	4373	23	55088	69408
2010-09-03	4373	4398	4398	4370	4375	4380	7	36742	68688
2010-09-06	4380	4360	4419	4355	4412	4401	21	49350	70378
2010-09-07	4401	4403	4416	4391	4406	4403	2	51530	70530
2010-09-08	4403	4406	4436	4403	4435	4418	15	66318	71574
2010-09-09	4418	4456	4460	4198	4370	4375	-43	84668	56494
2010-09-10	4375	4372	4405	4371	4394	4384	9	45030	56210
2010-09-13	4384	4430	4435	4409	4425	4420	36	43682	48990
2010-09-14	4420	4422	4422	4353	4368	4386	-34	34312	43076
2010-09-15	4386	4390	4390	4340	4358	4355	-31	28060	38288
2010-09-16	4355	4346	4367	4345	4365	4356	1	16090	34258
2010-09-17	4356	4350	4380	4317	4376	4360	4	17170	26002
2010-09-20	4360	4377	4382	4356	4377	4371	11	10116	21148
2010-09-21	4371	4393	4397	4351	4369	4380	9	9614	16132
2010-09-27	4380	4400	4412	4380	4389	4393	13	8156	12140
2010-09-28	4393	4384	4384	4334	4334	4363	-30	2546	11542
2010-09-29	4363	4349	4357	4320	4343	4335	-28	4694	9682
2010-09-30	4335	4350	4386	4320	4375	4372	37	4590	8282
2010-10-08	4372	4380	4423	4377	4404	4406	34	2342	7780
2010-10-11	4406	4450	4564	4450	4493	4496	90	2100	8340
2010-10-12	4496	4410	4491	4410	4489	4464	-32	960	8100
2010-10-13	4464	4502	4570	4502	4568	4554	90	960	8540
2010-10-14	4554	4605	4610	4573	4608	4599	45	1420	9080
2010-10-15	4599	4575	4580	4561	4575	4571	-28	500	8820
2010-10-18	4571	4458	4500	4458	4500	4491	-80	260	8680
2010-10-19	4491	4690	4690	4494	4510	4543	52	360	8660
2010-10-20	4543	4406	4465	4406	4465	4445	-98	120	8680
2010-10-21	4445	4370	4480	4370	4470	4472	27	420	8600
2010-10-22	4472	4470	4500	4468	4490	4483	11	160	8600
2010-10-25	4483	4532	4570	4532	4570	4554	71	100	8580
2010-10-26	4554	4699	4699	4472	4500	4538	-16	240	8600
2010-10-27	4538	4521	4521	4470	4470	4491	-47	200	8540
2010-10-28	4491	4450	4480	4430	4430	4449	-42	560	8100
2010-10-29	4449	4410	4470	4410	4470	4434	-15	140	8080
