2009-10-09	?	4510	4510	4416	4418	4450	?	12	8
2009-10-12	4450	4406	4421	4406	4421	4413	-37	4	6
2009-10-13	4413	4440	4440	4440	4440	4440	27	8	12
2009-10-14	4440	4470	4505	4470	4505	4494	54	8	18
2009-10-15	4494	4450	4559	4450	4535	4524	30	28	40
2009-10-16	4524	4530	4575	4530	4542	4558	34	204	226
2009-10-19	4558	4570	4587	4570	4582	4580	22	30	242
2009-10-20	4580	4560	4595	4560	4570	4581	1	36	248
2009-10-21	4581	4548	4548	4530	4545	4544	-37	46	264
2009-10-22	4544	4639	4639	4580	4580	4619	75	16	272
2009-10-23	4619	4560	4601	4560	4601	4566	-53	12	278
2009-10-26	4566	4566	4611	4566	4611	4596	30	42	280
2009-10-27	4596	4578	4578	4565	4565	4569	-27	12	270
2009-10-28	4569	4624	4625	4589	4589	4615	46	18	268
2009-10-29	4615	4501	4538	4501	4527	4519	-96	18	274
2009-10-30	4519	4580	4580	4555	4560	4568	49	16	278
2009-11-02	4568	4517	4520	4503	4520	4511	-57	16	276
2009-11-03	4511	4544	4560	4544	4549	4551	40	12	282
2009-11-04	4551	4568	4568	4541	4541	4554	3	6	284
2009-11-05	4554	4565	4565	4565	4565	4565	11	4	282
2009-11-06	4565	4569	4583	4561	4580	4573	8	22	292
2009-11-09	4573	4565	4600	4565	4600	4581	8	100	360
2009-11-10	4581	4629	4629	4588	4590	4605	24	18	364
2009-11-11	4605	4596	4600	4586	4586	4594	-11	6	366
2009-11-12	4594	4615	4615	4581	4601	4599	5	8	368
2009-11-13	4599	4555	4579	4555	4579	4569	-30	96	296
2009-11-16	4569	4615	4670	4587	4648	4626	57	36	308
2009-11-17	4626	4606	4685	4606	4643	4648	22	86	310
2009-11-18	4648	4680	4723	4645	4723	4698	50	54	320
2009-11-19	4698	4707	4748	4694	4719	4726	28	60	326
2009-11-20	4726	4685	4730	4685	4706	4709	-17	74	274
2009-11-23	4709	4758	4780	4758	4780	4766	57	24	264
2009-11-24	4766	4779	4779	4708	4720	4755	-11	102	266
2009-11-25	4755	4724	4762	4706	4751	4740	-15	52	246
2009-11-26	4740	4722	4739	4722	4739	4730	-10	4	246
2009-11-27	4730	4699	4699	4618	4618	4635	-95	24	240
2009-11-30	4635	4660	4680	4655	4670	4666	31	8	242
2009-12-01	4666	4679	4693	4670	4670	4680	14	6	240
2009-12-02	4680	4693	4693	4693	4693	4693	13	2	238
2009-12-03	4693	4684	4700	4680	4700	4690	-3	34	240
2009-12-04	4690	4713	4740	4700	4740	4727	37	16	242
2009-12-07	4727	4735	4750	4712	4712	4732	5	6	244
2009-12-08	4732	4697	4764	4697	4711	4707	-25	68	262
2009-12-09	4707	4658	4658	4658	4658	4658	-49	2	262
2009-12-10	4658	4697	4697	4605	4630	4667	9	58	292
2009-12-11	4667	4718	4718	4655	4655	4686	19	4	292
2009-12-14	4686	4655	4730	4655	4668	4664	-22	22	278
2009-12-15	4664	4708	4708	4681	4686	4695	31	8	280
2009-12-16	4695	4702	4754	4702	4740	4739	44	34	282
2009-12-17	4739	4748	4748	4671	4734	4727	-12	28	308
2009-12-18	4727	4750	4750	4692	4716	4719	-8	12	308
2009-12-21	4719	4693	4693	4693	4693	4693	-26	2	308
2009-12-22	4693	4670	4685	4670	4685	4681	-12	14	314
2009-12-23	4681	4676	4676	4665	4673	4672	-9	28	310
2009-12-24	4672	4728	4728	4695	4695	4711	39	4	308
2009-12-25	4711	4700	4727	4700	4726	4711	0	18	306
2009-12-28	4711	4734	4748	4734	4740	4742	31	22	304
2009-12-29	4742	4763	4764	4750	4750	4756	14	20	302
2009-12-30	4756	4738	4750	4733	4750	4739	-17	16	310
2009-12-31	4739	4750	4796	4748	4796	4787	48	28	322
2010-01-04	4787	4790	4790	4790	4790	4790	3	2	322
2010-01-05	4790	4850	4920	4832	4895	4867	77	56	308
2010-01-06	4867	4938	4978	4938	4948	4958	91	28	324
2010-01-07	4958	5018	5018	4845	4870	4925	-33	78	318
2010-01-08	4925	4845	4845	4800	4845	4810	-115	20	322
2010-01-11	4810	4910	4970	4893	4970	4928	118	72	316
2010-01-12	4928	4895	4930	4880	4889	4894	-34	14	324
2010-01-13	4894	4740	4840	4740	4818	4812	-82	20	326
2010-01-14	4812	4851	4900	4851	4877	4880	68	18	326
2010-01-15	4880	4842	4842	4825	4825	4836	-44	6	326
2010-01-18	4836	4780	4846	4780	4820	4824	-12	18	322
2010-01-19	4824	?	?	?	4825	4825	1	?	322
2010-01-20	4825	4845	4867	4845	4850	4853	28	18	326
2010-01-21	4853	4790	4870	4610	4827	4815	-38	232	346
2010-01-22	4815	4801	4801	4766	4788	4788	-27	18	332
2010-01-25	4788	4791	4791	4791	4791	4791	3	4	336
2010-01-26	4791	4751	4820	4751	4760	4775	-16	26	336
2010-01-27	4775	4743	4768	4743	4750	4757	-18	20	334
2010-01-28	4757	4645	4750	4645	4740	4696	-61	58	312
2010-01-29	4696	4679	4732	4679	4700	4705	9	28	308
2010-02-01	4705	4787	4787	4612	4612	4639	-66	182	284
2010-02-02	4639	4659	4659	4615	4640	4642	3	12	284
2010-02-03	4642	4661	4697	4661	4697	4665	23	24	278
2010-02-04	4665	4655	4699	4655	4666	4677	12	18	280
2010-02-05	4677	4553	4598	4553	4587	4576	-101	48	284
2010-02-08	4576	4587	4619	4587	4592	4597	21	12	284
2010-02-09	4597	4567	4580	4567	4580	4578	-19	20	266
2010-02-10	4578	4649	4649	4590	4590	4624	46	12	266
2010-02-11	4624	4658	4658	4638	4638	4651	27	32	274
2010-02-12	4651	4675	4690	4655	4690	4666	15	12	280
2010-02-22	4666	4768	4768	4740	4740	4755	89	24	282
2010-02-23	4755	4741	4741	4741	4741	4741	-14	4	284
2010-02-24	4741	4722	4750	4722	4739	4744	3	18	280
2010-02-25	4744	4756	4756	4742	4742	4745	1	8	276
2010-02-26	4745	4700	4765	4700	4730	4738	-7	10	276
2010-03-01	4738	4770	4808	4753	4777	4771	33	26	268
2010-03-02	4771	4777	4777	4755	4755	4773	2	38	302
2010-03-03	4773	4755	4777	4755	4764	4766	-7	24	314
2010-03-04	4766	4759	4759	4759	4759	4759	-7	2	314
2010-03-05	4759	4775	4775	4770	4770	4771	12	6	314
2010-03-08	4771	4802	4802	4781	4789	4789	18	46	296
2010-03-09	4789	4763	4799	4763	4793	4785	-4	6	298
2010-03-10	4785	4798	4827	4770	4792	4786	1	142	322
2010-03-11	4786	4793	4805	4716	4768	4770	-16	8	320
2010-03-12	4770	4817	4817	4771	4788	4794	24	34	322
2010-03-15	4794	4795	4795	4732	4732	4759	-35	8	324
2010-03-16	4759	4709	4748	4709	4729	4731	-28	424	398
2010-03-17	4731	4776	4804	4763	4804	4796	65	54	428
2010-03-18	4796	4785	4815	4785	4788	4798	2	12	430
2010-03-19	4798	4804	4804	4707	4795	4770	-28	86	418
2010-03-22	4770	4774	4788	4770	4781	4774	4	220	428
2010-03-23	4774	4798	4874	4775	4781	4808	34	122	426
2010-03-24	4808	4794	4801	4765	4782	4786	-22	34	428
2010-03-25	4786	4763	4782	4758	4762	4767	-19	64	434
2010-03-26	4767	4790	4796	4761	4794	4785	18	44	446
2010-03-29	4785	4789	4805	4789	4796	4798	13	54	430
2010-03-30	4798	4826	4826	4808	4808	4809	11	52	396
2010-03-31	4809	4800	4800	4759	4775	4767	-42	278	514
2010-04-01	4767	4790	4807	4790	4792	4795	28	56	518
2010-04-02	4795	4850	4850	4803	4810	4813	18	132	482
2010-04-06	4813	4813	4851	4813	4831	4840	27	38	480
2010-04-07	4840	4847	4847	4825	4831	4838	-2	142	528
2010-04-09	4818	4812	4840	4812	4840	4825	7	26	528
2010-04-12	4825	4865	4865	4844	4855	4850	25	174	436
2010-04-13	4850	4855	4859	4843	4848	4851	1	60	442
2010-04-14	4851	4850	4850	4842	4850	4848	-3	28	458
2010-04-15	4848	4845	4862	4843	4843	4852	4	24	448
2010-04-16	4852	4826	4848	4826	4848	4839	-13	50	456
2010-04-19	4839	4821	4821	4790	4790	4811	-28	80	448
2010-04-20	4811	4823	4823	4801	4815	4816	5	28	448
2010-04-21	4816	4829	4839	4809	4829	4828	12	44	452
2010-04-22	4828	4835	4835	4820	4830	4830	2	30	460
2010-04-23	4830	4830	4830	4820	4820	4822	-8	40	428
2010-04-26	4822	4840	4850	4840	4849	4844	22	24	422
2010-04-27	4844	4822	4838	4812	4812	4830	-14	26	430
2010-04-28	4830	4800	4812	4760	4780	4777	-53	88	430
2010-04-29	4777	4781	4794	4781	4785	4788	11	62	452
2010-04-30	4788	4797	4821	4780	4801	4797	9	184	534
2010-05-04	4797	4812	4836	4803	4803	4818	21	62	522
2010-05-05	4818	4782	4784	4750	4778	4769	-49	122	556
2010-05-06	4769	4771	4778	4750	4750	4770	1	132	586
2010-05-07	4770	4700	4719	4677	4719	4698	-72	98	526
2010-05-10	4698	4730	4771	4721	4769	4748	50	140	496
2010-05-11	4748	4766	4780	4750	4750	4757	9	104	508
2010-05-12	4757	4743	4766	4730	4730	4753	-4	148	518
2010-05-13	4753	4788	4788	4733	4755	4750	-3	236	580
2010-05-14	4750	4744	4744	4701	4701	4708	-42	100	640
2010-05-17	4708	4626	4626	4472	4540	4543	-165	172	620
2010-05-18	4543	4560	4582	4525	4573	4559	16	94	604
2010-05-19	4559	4507	4545	4490	4503	4520	-39	130	586
2010-05-20	4520	4555	4579	4519	4530	4543	23	218	562
2010-05-21	4543	4470	4470	4392	4396	4420	-123	284	620
2010-05-24	4420	4396	4465	4396	4450	4430	10	128	634
2010-05-25	4430	4435	4449	4390	4390	4419	-11	206	660
2010-05-26	4419	4422	4437	4405	4426	4420	1	78	670
2010-05-27	4420	4451	4460	4417	4460	4438	18	276	608
2010-05-28	4438	4549	4549	4495	4514	4522	84	238	620
2010-05-31	4522	4509	4510	4477	4490	4498	-24	212	638
2010-06-01	4498	4451	4485	4451	4454	4464	-34	166	646
2010-06-02	4464	4425	4431	4358	4383	4400	-64	1314	1296
2010-06-03	4400	4401	4426	4398	4418	4416	16	504	1508
2010-06-04	4416	4425	4426	4409	4412	4413	-3	122	1546
2010-06-07	4413	4250	4264	4193	4260	4234	-179	1346	1884
2010-06-08	4234	4284	4331	4283	4330	4306	72	1028	1986
2010-06-09	4306	4323	4395	4321	4388	4363	57	1466	1824
2010-06-10	4363	4355	4399	4355	4369	4388	25	630	1788
2010-06-11	4388	4399	4418	4390	4390	4395	7	1408	1342
2010-06-17	4395	4452	4465	4380	4383	4399	4	1290	1092
2010-06-18	4399	4386	4399	4359	4393	4386	-13	534	920
2010-06-21	4386	4411	4488	4411	4468	4444	58	768	922
2010-06-22	4444	4438	4453	4421	4421	4431	-13	622	1216
2010-06-23	4431	4400	4424	4388	4422	4409	-22	356	1124
2010-06-24	4409	4409	4420	4406	4406	4412	3	454	1228
2010-06-25	4412	4421	4421	4386	4386	4394	-18	312	1214
2010-06-28	4394	4422	4447	4414	4418	4422	28	744	1276
2010-06-29	4422	4388	4489	4372	4386	4389	-33	532	1296
2010-06-30	4389	4360	4370	4336	4365	4350	-39	486	1248
2010-07-01	4350	4350	4350	4323	4326	4336	-14	516	1492
2010-07-02	4336	4324	4328	4280	4328	4303	-33	534	1498
2010-07-05	4303	4326	4353	4320	4326	4328	25	1136	2158
2010-07-06	4328	4289	4316	4285	4307	4299	-29	726	2186
2010-07-07	4299	4316	4316	4286	4307	4310	11	382	2218
2010-07-08	4310	4343	4355	4340	4343	4349	39	802	2238
2010-07-09	4349	4349	4359	4335	4338	4345	-4	1034	2862
2010-07-12	4345	4349	4351	4310	4313	4333	-12	1326	3212
2010-07-13	4333	4310	4328	4270	4290	4297	-36	1842	3526
2010-07-14	4297	4331	4338	4306	4319	4315	18	4054	4686
2010-07-15	4315	4309	4310	4295	4300	4302	-13	5248	6534
2010-07-16	4302	4310	4310	4293	4300	4299	-3	4532	7652
2010-07-19	4299	4280	4315	4272	4294	4288	-11	5194	8994
2010-07-20	4288	4307	4324	4293	4320	4308	20	8374	11014
2010-07-21	4308	4329	4329	4305	4313	4315	7	7328	13340
2010-07-22	4315	4295	4321	4295	4320	4305	-10	8382	14878
2010-07-23	4305	4359	4384	4347	4378	4366	61	22446	18928
2010-07-26	4366	4372	4399	4367	4391	4383	17	25546	23920
2010-07-27	4383	4385	4399	4370	4378	4384	1	17776	23958
2010-07-28	4384	4360	4380	4347	4380	4364	-20	34680	31472
2010-07-29	4364	4370	4426	4370	4423	4397	33	43948	39508
2010-07-30	4397	4424	4435	4405	4428	4417	20	46734	39090
2010-08-02	4417	4450	4497	4444	4475	4475	58	39676	46008
2010-08-03	4475	4520	4520	4478	4480	4498	23	35446	47420
2010-08-04	4498	4492	4492	4441	4479	4470	-28	29918	48410
2010-08-05	4470	4482	4490	4451	4464	4468	-2	24420	49736
2010-08-06	4468	4468	4497	4452	4495	4477	9	40934	55846
2010-08-09	4477	4488	4513	4480	4499	4498	21	33610	58456
2010-08-10	4498	4493	4505	4465	4473	4487	-11	26386	56508
2010-08-11	4487	4458	4478	4454	4456	4466	-21	24602	54542
2010-08-12	4466	4426	4435	4382	4405	4398	-68	37806	46604
2010-08-13	4398	4395	4416	4388	4416	4402	4	30916	47774
2010-08-16	4402	4402	4429	4389	4428	4413	11	28654	49814
2010-08-17	4413	4420	4437	4410	4428	4426	13	27222	49808
2010-08-18	4426	4435	4456	4424	4441	4447	21	33770	47198
2010-08-19	4447	4440	4511	4438	4491	4479	32	44162	40814
2010-08-20	4479	4460	4472	4400	4406	4428	-51	22328	38610
2010-08-23	4428	4403	4412	4350	4360	4372	-56	15642	33966
2010-08-24	4372	4320	4328	4296	4301	4308	-64	7462	30760
2010-08-25	4308	4273	4333	4271	4330	4300	-8	5932	27998
2010-08-26	4300	4398	4398	4325	4331	4333	33	3412	26620
2010-08-27	4333	4320	4342	4313	4328	4323	-10	3512	24432
2010-08-30	4323	4369	4378	4343	4360	4362	39	3882	21856
2010-08-31	4362	4357	4357	4264	4285	4302	-60	5064	18482
2010-09-01	4302	4280	4310	4280	4300	4292	-10	1102	17500
2010-09-02	4292	4309	4320	4300	4320	4309	17	740	16780
2010-09-03	4309	4316	4320	4310	4310	4315	6	240	16600
2010-09-06	4315	4310	4350	4310	4348	4334	19	1180	15500
2010-09-07	4334	4311	4340	4311	4340	4318	-16	80	15480
2010-09-08	4318	4320	4324	4320	4324	4322	4	80	15460
2010-09-09	4322	4351	4351	4152	4313	4282	-40	680	15300
2010-09-10	4282	4300	4340	4300	4340	4320	38	40	15260
2010-09-13	4320	4330	4330	4330	4330	4330	10	40	15240
2010-09-14	4330	4305	4305	4241	4263	4293	-37	300	15240
2010-09-15	4293	4310	4314	4275	4275	4295	2	280	15080
2010-09-16	4295	4299	4300	4299	4300	4299	4	200	14880
2010-09-17	4299	4273	4321	4273	4300	4285	-14	140	14820
2010-09-20	4285	4273	4349	4273	4305	4301	16	440	14460
2010-09-21	4301	4190	4320	4190	4301	4287	-14	2280	13120
2010-09-27	4287	4320	4330	4320	4330	4325	38	240	12920
2010-09-28	4325	4287	4295	4275	4275	4287	-38	100	12860
2010-09-29	4287	4288	4288	4276	4280	4280	-7	100	12780
2010-09-30	4280				4300	4300	20		12780
