2010-09-01									
2010-09-02									
2010-09-03									
2010-09-06									
2010-09-07									
2010-09-08									
2010-09-09									
2010-09-10									
2010-09-13									
2010-09-14									
2010-09-15									
2010-09-16									
2010-09-17									
2010-09-20									
2010-09-21									
2010-09-27									
2010-09-28									
2010-09-29									
2010-09-30									
2010-10-08		4882	4934	4882	4930	4911	0	20	16
2010-10-11	4911	5022	5080	5022	5080	5052	141	6	20
2010-10-12	5052	5037	5081	5037	5050	5054	2	8	24
2010-10-13	5054	5100	5161	5100	5128	5129	75	8	30
2010-10-14	5129	5198	5199	5198	5199	5198	69	30	58
2010-10-15	5198	5118	5169	5118	5157	5157	-41	20	60
2010-10-18	5157	5118	5119	5105	5119	5115	-42	16	74
2010-10-19	5115				5115	5115	0		74
2010-10-20	5115	5045	5045	5045	5045	5045	-70	2	74
2010-10-21	5045	5198	5198	5140	5140	5161	116	6	76
2010-10-22	5161	5188	5188	5084	5089	5121	-40	12	76
2010-10-25	5121	5240	5244	5240	5243	5242	121	6	80
2010-10-26	5242	5279	5279	5279	5279	5279	37	2	82
2010-10-27	5279	5178	5178	5162	5162	5170	-109	4	84
2010-10-28	5170	5140	5235	5101	5130	5153	-17	16	88
2010-10-29	5153	5167	5167	5167	5167	5167	14	4	88
2010-11-01	5167				5167	5167	0		88
2010-11-02	5167	5180	5216	5180	5215	5200	33	14	96
2010-11-03	5200	5215	5231	5201	5208	5212	12	106	194
2010-11-04	5212	5248	5275	5179	5257	5241	29	18	204
2010-11-05	5241	5399	5400	5390	5400	5398	157	108	122
2010-11-08	5398	5450	5450	5450	5450	5450	52	2	124
2010-11-09	5450	5450	5536	5450	5536	5502	52	6	120
2010-11-10	5502				5502	5502	0		120
2010-11-11	5502				5502	5502	0		120
2010-11-12	5502	5230	5447	5230	5330	5363	-139	28	128
2010-11-15	5363	5396	5396	5330	5330	5363	0	4	128
2010-11-16	5363	5396	5396	5203	5210	5269	-94	6	130
2010-11-17	5269	5100	5138	5020	5020	5111	-158	28	106
2010-11-18	5111	4934	5180	4934	5180	5108	-3	34	98
2010-11-19	5108	5137	5190	5137	5190	5163	55	4	96
2010-11-22	5163	5304	5304	5304	5304	5304	141	2	96
2010-11-23	5304	5111	5111	5111	5111	5111	-193	2	94
2010-11-24	5111	5089	5110	5080	5110	5093	-18	10	94
2010-11-25	5093	5100	5100	5100	5100	5100	7	4	90
2010-11-26	5100	5080	5080	5080	5080	5080	-20	2	90
2010-11-29	5080	5091	5130	5020	5120	5090	10	62	94
2010-11-30	5090				5090	5090	0		94
2010-12-01	5090	5076	5147	5075	5147	5105	15	22	98
2010-12-02	5105				5180	5180	75		98
2010-12-03	5180	5220	5220	5220	5220	5220	40	2	100
2010-12-06	5220	5298	5320	5298	5314	5313	93	10	98
2010-12-07	5313	5313	5313	5313	5313	5313	0	2	100
2010-12-08	5313	5201	5236	5109	5109	5182	-131	6	100
2010-12-09	5182	5229	5238	5229	5238	5233	51	4	100
2010-12-10	5233				5233	5233	0		100
2010-12-13	5233				5289	5289	56		100
2010-12-14	5289				5289	5289	0		100
2010-12-15	5289				5289	5289	0		100
2010-12-16	5289				5289	5289	0		100
2010-12-17	5289				5289	5289	0		100
2010-12-20	5289				5289	5289	0		100
2010-12-21	5289	5277	5277	5277	5277	5277	-12	2	100
2010-12-22	5277				5277	5277	0		100
2010-12-23	5277				5277	5277	0		100
2010-12-24	5277	5335	5335	5296	5296	5315	38	4	100
2010-12-27	5315				5315	5315	0		100
2010-12-28	5315				5298	5298	-17		100
2010-12-29	5298				5245	5245	-53		100
2010-12-30	5245	5239	5239	5239	5239	5239	-6	2	102
2010-12-31	5239	5197	5205	5197	5205	5199	-40	6	104
2011-01-04	5199				5199	5199	0		104
2011-01-05	5199				5199	5199	0		104
2011-01-06	5199	5220	5220	5220	5220	5220	21	4	104
2011-01-07	5220				5195	5195	-25		104
2011-01-10	5195	5184	5184	5184	5184	5184	-11	2	106
2011-01-11	5184	5160	5166	5160	5166	5163	-21	4	104
2011-01-12	5163	5170	5170	5170	5170	5170	7	2	102
2011-01-13	5170				5173	5173	3		102
2011-01-14	5173	5157	5163	5157	5157	5158	-15	8	102
2011-01-17	5158				5158	5158	0		102
2011-01-18	5158				5158	5158	0		102
2011-01-19	5158				5170	5170	12		102
2011-01-20	5170				5166	5166	-4		102
2011-01-21	5166				5148	5148	-18		102
2011-01-24	5148	5100	5100	5079	5080	5087	-61	18	96
2011-01-25	5087	5020	5064	4980	4987	5003	-84	22	96
2011-01-26	5003				4991	4991	-12		96
2011-01-27	4991	4996	4997	4965	4995	4987	-4	60	102
2011-01-28	4987				4976	4976	-11		102
2011-01-31	4976	5060	5061	5026	5061	5037	61	12	102
2011-02-01	5037	5065	5065	5065	5065	5065	28	2	102
2011-02-09	5065	5062	5062	5062	5062	5062	-3	2	102
2011-02-10	5062	5080	5165	5042	5042	5085	23	70	134
2011-02-11	5085	5065	5070	5050	5050	5066	-19	32	138
2011-02-14	5066	5050	5050	5050	5050	5050	-16	2	136
2011-02-15	5050	5078	5083	5075	5078	5078	28	34	124
2011-02-16	5078	5069	5096	5059	5075	5069	-9	24	128
2011-02-17	5069	5118	5118	5030	5061	5072	3	88	124
2011-02-18	5072				5072	5072	0		124
2011-02-21	5072				5077	5077	5		124
2011-02-22	5077	5141	5157	5141	5153	5150	73	30	126
2011-02-23	5150	5164	5164	5100	5100	5124	-26	34	126
2011-02-24	5124	5182	5182	5116	5172	5144	20	12	130
2011-02-25	5144	5143	5157	5141	5157	5148	4	8	132
2011-02-28	5148	5157	5196	5145	5190	5176	28	16	134
2011-03-01	5176	5178	5183	5155	5173	5176	0	14	134
2011-03-02	5176				5176	5176	0		134
2011-03-03	5176	5198	5201	5176	5190	5185	9	34	138
2011-03-04	5185	5152	5155	5144	5146	5151	-34	16	130
2011-03-07	5151	5215	5215	5166	5177	5181	30	30	120
2011-03-08	5181	5134	5134	5132	5132	5132	-49	6	114
2011-03-09	5132	5027	5112	5027	5086	5057	-75	78	180
2011-03-10	5057	5092	5102	5081	5098	5097	40	26	184
2011-03-11	5097	5065	5065	4954	4954	5030	-67	22	176
2011-03-14	5030	4955	4990	4928	4970	4965	-65	146	204
2011-03-15	4965	4975	4975	4930	4930	4953	-12	16	202
2011-03-16	4953	4936	4949	4888	4949	4914	-39	70	218
2011-03-17	4914	4970	4970	4969	4969	4969	55	4	218
2011-03-18	4969	4969	5010	4969	5000	5000	31	16	222
2011-03-21	5000	5022	5029	5016	5018	5023	23	16	218
2011-03-22	5023	5003	5003	5000	5000	5001	-22	12	206
2011-03-23	5001	5020	5024	5005	5011	5012	11	24	220
2011-03-24	5012				5012	5012	0		220
2011-03-25	5012	4993	4996	4993	4996	4994	-18	4	222
2011-03-28	4994				4994	4994	0		222
2011-03-29	4994	4964	4971	4964	4971	4967	-27	4	226
2011-03-30	4967	4967	4967	4962	4965	4964	-3	20	234
2011-03-31	4964	4951	4951	4951	4951	4951	-13	4	230
2011-04-01	4951	5029	5029	4973	4973	4982	31	18	222
2011-04-06	4982	4977	5015	4977	5015	5007	25	30	242
2011-04-07	5007	5009	5025	5008	5012	5021	14	40	266
2011-04-08	5021	5070	5120	5070	5099	5087	66	24	264
2011-04-11	5087	5145	5145	5085	5090	5104	17	34	262
2011-04-12	5104	5037	5037	5012	5023	5024	-80	32	264
2011-04-13	5024	4968	4976	4968	4976	4970	-54	46	232
2011-04-14	4970	4980	5000	4980	4980	4982	12	42	242
2011-04-15	4982	4994	4994	4981	4981	4988	6	6	242
2011-04-18	4988	4973	4973	4966	4966	4971	-17	10	236
2011-04-19	4971	4930	4935	4890	4922	4910	-61	50	224
2011-04-20	4910	4910	4953	4910	4953	4932	22	12	222
2011-04-21	4932	4951	4965	4951	4953	4955	23	26	210
2011-04-22	4955	4944	4959	4944	4952	4951	-4	18	204
2011-04-25	4951				4951	4951	0		204
2011-04-26	4951	4913	4933	4913	4927	4924	-27	8	204
2011-04-27	4924	4962	4962	4962	4962	4962	38	2	204
2011-04-28	4962	4979	4979	4979	4979	4979	17	2	202
2011-04-29	4979	4979	4979	4947	4947	4963	-16	4	202
2011-05-03	4963	4972	4980	4972	4980	4976	13	8	200
2011-05-04	4976	4958	4958	4943	4943	4944	-32	28	186
2011-05-05	4944	4920	4920	4920	4920	4920	-24	4	182
2011-05-06	4920	4874	4898	4865	4865	4880	-40	16	184
2011-05-09	4880	4865	4906	4855	4886	4886	6	16	186
2011-05-10	4886	4914	4914	4909	4910	4909	23	24	196
2011-05-11	4909	4952	4968	4949	4949	4955	46	14	196
2011-05-12	4955	4922	4933	4922	4933	4925	-30	6	194
2011-05-13	4925	4940	4957	4940	4957	4945	20	16	202
2011-05-16	4945	4962	4970	4947	4969	4965	20	62	202
2011-05-17	4965	4951	4951	4939	4939	4945	-20	4	198
2011-05-18	4945	4945	4945	4945	4945	4945	0	2	198
2011-05-19	4945	4975	4975	4975	4975	4975	30	2	198
2011-05-20	4975	4957	4957	4957	4957	4957	-18	2	198
2011-05-23	4957	4970	5000	4970	4996	4986	29	12	198
2011-05-24	4986	4986	5021	4986	5004	5001	15	18	204
2011-05-25	5001	5013	5024	4993	5006	5014	13	38	202
2011-05-26	5014	5025	5026	5006	5026	5016	2	38	208
2011-05-27	5016	4977	5000	4977	5000	4996	-20	12	210
2011-05-30	4996	4977	5015	4977	5007	4995	-1	62	202
2011-05-31	4995	5033	5033	5009	5019	5013	18	94	178
2011-06-01	5013	5030	5036	5019	5032	5025	12	206	290
2011-06-02	5025	5020	5020	4999	5020	5010	-15	54	316
2011-06-03	5010	5026	5048	5026	5047	5035	25	30	302
2011-06-07	5035	5062	5065	5040	5062	5055	20	38	298
2011-06-08	5055	5064	5084	5064	5084	5076	21	32	296
2011-06-09	5076	5076	5115	5076	5091	5098	22	28	292
2011-06-10	5098	5090	5090	5075	5075	5083	-15	26	290
2011-06-13	5083	5070	5077	5070	5077	5071	-12	10	290
2011-06-14	5071	5051	5066	5051	5064	5060	-11	12	290
2011-06-15	5060	5087	5087	5072	5087	5083	23	18	290
2011-06-16	5083	5058	5058	5035	5037	5047	-36	26	290
2011-06-17	5047	5039	5045	5033	5033	5039	-8	14	290
2011-06-20	5039	5022	5023	5017	5023	5020	-19	12	292
2011-06-21	5020	5030	5050	5030	5035	5039	19	14	292
2011-06-22	5039	5045	5045	5031	5039	5039	0	20	290
2011-06-23	5039	5042	5075	5039	5039	5049	10	8	290
2011-06-24	5049	5024	5024	5020	5020	5022	-27	12	294
2011-06-27	5022	4960	5008	4960	4988	4987	-35	22	294
2011-06-28	4987	4990	4998	4990	4998	4993	6	14	294
2011-06-29	4993	5001	5003	4999	5003	5001	8	16	296
2011-06-30	5001	5011	5012	5005	5005	5008	7	58	298
2011-07-01	5008	5000	5000	5000	5000	5000	-8	4	294
2011-07-04	5000	5030	5031	5003	5021	5014	14	38	290
2011-07-05	5014	5012	5016	5012	5016	5012	-2	22	306
2011-07-06	5012	5036	5036	5036	5036	5036	24	2	304
2011-07-07	5036				5029	5029	-7		304
2011-07-08	5029				5025	5025	-4		304
2011-07-11	5025	5015	5041	5015	5041	5028	3	8	304
2011-07-12	5028				5028	5028	0		304
2011-07-13	5028	5031	5031	5030	5030	5030	2	10	304
2011-07-14	5030	5032	5033	5025	5030	5029	-1	16	306
2011-07-15	5029	5038	5038	4954	4954	4996	-33	4	308
2011-07-18	4996	5019	5036	5003	5003	5018	22	14	302
2011-07-19	5018				5018	5018	0		302
2011-07-20	5018				5018	5018	0		302
2011-07-21	5018	5044	5044	5039	5039	5041	23	4	302
2011-07-22	5041	5044	5052	5044	5044	5046	5	14	296
2011-07-25	5046	5042	5043	5042	5043	5042	-4	8	294
2011-07-26	5042				5043	5043	1		294
2011-07-27	5043	5035	5055	5035	5054	5049	6	8	290
2011-07-28	5049				5051	5051	2		290
2011-07-29	5051				5051	5051	0		290
2011-08-01	5051	5130	5178	5000	5127	5106	55	314	266
2011-08-02	5106	5057	5128	5057	5080	5082	-24	8	264
2011-08-03	5082	5158	5158	5080	5080	5119	37	4	264
2011-08-04	5119	5062	5117	5062	5117	5089	-30	4	264
2011-08-05	5089	5050	5050	4980	5036	5036	-53	46	230
2011-08-08	5036	4998	5038	4998	5038	5018	-18	8	230
2011-08-09	5018	4890	5199	4790	4870	4877	-141	450	162
2011-08-10	4877	4901	4930	4901	4930	4926	49	30	132
2011-08-11	4926	4930	5113	4843	5022	4979	53	24	136
2011-08-12	4979	4972	5038	4972	5038	5005	26	4	136
2011-08-15	5005	4982	4993	4982	4993	4987	-18	4	134
2011-08-16	4987	5030	5030	4999	4999	5009	22	6	128
2011-08-17	5009	5005	5005	5005	5005	5005	-4	4	124
2011-08-18	5005	4960	5006	4960	4964	4979	-26	10	124
2011-08-19	4979	4798	4914	4798	4914	4838	-141	8	124
2011-08-22	4838	4822	4884	4822	4823	4847	9	10	124
2011-08-23	4847	4896	4896	4896	4896	4896	49	2	124
2011-08-24	4896	4814	4814	4814	4814	4814	-82	2	124
2011-08-25	4814	4820	4898	4816	4898	4870	56	36	114
2011-08-26	4870	4900	4900	4900	4900	4900	30	2	112
2011-08-29	4900	4900	4900	4900	4900	4900	0	2	110
2011-08-30	4900	4900	4900	4900	4900	4900	0	2	108
2011-08-31	4900	4900	5148	4900	4974	5051	151	60	100
2011-09-01	5051				5051	5051	0		100
2011-09-02	5051				5047	5047	-4		100
2011-09-05	5047	5035	5035	5035	5035	5035	-12	20	80
2011-09-06	5035				5035	5035	0		80
2011-09-07	5035				5035	5035	0		80
2011-09-08	5035				5035	5035	0		80
2011-09-09	5035				5000	5000	-35		80
2011-09-13	5000				5000	5000	0		80
2011-09-14	5000				4990	4990	-10		80
2011-09-15	4990	4970	4970	4970	4970	4970	-20	80	80
2011-09-16	4970				4970	4970	0		80
2011-09-19	4970				4970	4970	0		80
2011-09-20	4970				4945	4945	-25		80
2011-09-21	4945				4945	4945	0		80
2011-09-22	4945				4945	4945	0		80
2011-09-23	4945				4945	4945	0		80
2011-09-26	4945				4940	4940	-5		80
2011-09-27	4940	4740	4740	4740	4740	4740	-200	20	80
2011-09-28	4740				4750	4750	10		80
2011-09-29	4750	4850	4850	4850	4850	4850	100	20	80
2011-09-30	4850				4850	4850	0		80
