2010-03-01	?	4920	4950	4920	4949	4939	?	6	6
2010-03-02	4939	?	?	?	4939	4939	0	?	6
2010-03-03	4939	?	?	?	4939	4939	0	?	6
2010-03-04	4939	4980	4980	4930	4960	4957	18	8	10
2010-03-05	4957	?	?	?	4957	4957	0	?	10
2010-03-08	4957	4950	4950	4950	4950	4950	-7	2	12
2010-03-09	4950	?	?	?	4950	4950	0	?	12
2010-03-10	4950	5027	5027	4960	4960	4993	43	4	12
2010-03-11	4993	4900	4990	4900	4990	4945	-48	72	12
2010-03-12	4945	?	?	?	4960	4960	15	?	12
2010-03-15	4960	4901	4910	4901	4910	4907	-53	6	18
2010-03-16	4907	?	?	?	4907	4907	0	?	18
2010-03-17	4907	4960	4960	4960	4960	4960	53	2	18
2010-03-18	4960	?	?	?	4960	4960	0	?	18
2010-03-19	4960	4960	4960	4960	4960	4960	0	2	20
2010-03-22	4960	4950	4950	4950	4950	4950	-10	2	20
2010-03-23	4950	4960	4960	4940	4940	4946	-4	40	58
2010-03-24	4946	5015	5015	4940	4940	4959	13	30	84
2010-03-25	4959	4939	4939	4925	4930	4929	-30	22	98
2010-03-26	4929	4950	4960	4950	4960	4956	27	6	104
2010-03-29	4956	4980	4980	4980	4980	4980	24	2	104
2010-03-30	4980	4961	4986	4961	4986	4978	-2	10	110
2010-03-31	4978	4953	4988	4950	4958	4955	-23	18	124
2010-04-01	4955	4968	4968	4968	4968	4968	13	2	124
2010-04-02	4968	4998	4998	4950	4958	4976	8	34	132
2010-04-06	4976	4970	4988	4970	4970	4977	1	22	138
2010-04-07	4977	?	?	?	4974	4974	-3	?	138
2010-04-09	4956	4950	4950	4950	4950	4950	-6	2	140
2010-04-12	4950	?	?	?	4950	4950	0	?	140
2010-04-13	4950	?	?	?	4952	4952	2	?	140
2010-04-14	4952	4988	4988	4988	4988	4988	36	2	142
2010-04-15	4988	4955	4955	4954	4954	4954	-34	4	144
2010-04-16	4954	4954	4960	4950	4960	4954	0	22	136
2010-04-19	4954	4939	4939	4882	4882	4915	-39	8	134
2010-04-20	4915	4900	4929	4900	4929	4921	6	8	136
2010-04-21	4921	4959	4959	4925	4940	4936	15	16	138
2010-04-22	4936	4939	4939	4935	4935	4937	1	4	136
2010-04-23	4937	4933	4933	4929	4929	4930	-7	12	134
2010-04-26	4930	4932	4932	4932	4932	4932	2	2	136
2010-04-27	4932	?	?	?	4928	4928	-4	?	136
2010-04-28	4928	4800	4890	4800	4890	4845	-83	4	136
2010-04-29	4845	4894	4894	4894	4894	4894	49	2	138
2010-04-30	4894	4890	4905	4890	4890	4893	-1	10	144
2010-05-04	4893	4893	4950	4850	4903	4907	14	62	148
2010-05-05	4907	4830	4868	4830	4850	4853	-54	12	150
2010-05-06	4853	4875	4875	4865	4866	4868	15	8	150
2010-05-07	4868	4820	4820	4789	4809	4806	-62	36	150
2010-05-10	4806	4849	4870	4848	4870	4853	47	36	174
2010-05-11	4853	4860	4860	4820	4820	4843	-10	6	176
2010-05-12	4843	4830	4877	4830	4855	4850	7	96	184
2010-05-13	4850	4829	4854	4829	4853	4840	-10	48	148
2010-05-14	4840	4820	4830	4780	4781	4800	-40	58	174
2010-05-17	4800	4798	4798	4629	4629	4692	-108	24	174
2010-05-18	4692	4668	4690	4668	4687	4679	-13	52	146
2010-05-19	4679	4624	4660	4614	4648	4637	-42	62	144
2010-05-20	4637	4720	4720	4661	4669	4692	55	14	150
2010-05-21	4692	4669	4669	4534	4568	4572	-120	48	174
2010-05-24	4572	4599	4600	4599	4600	4599	27	4	176
2010-05-25	4599	4590	4590	4590	4590	4590	-9	2	178
2010-05-26	4590	4647	4647	4530	4568	4582	-8	74	218
2010-05-27	4582	4580	4619	4580	4618	4614	32	32	190
2010-05-28	4614	4705	4705	4690	4690	4697	83	4	188
2010-05-31	4697	4661	4661	4661	4661	4661	-36	2	188
2010-06-01	4661	4621	4648	4620	4628	4628	-33	12	192
2010-06-02	4628	4577	4577	4550	4570	4563	-65	12	188
2010-06-03	4563	4562	4585	4562	4572	4575	12	8	184
2010-06-04	4575	4561	4579	4561	4568	4566	-9	12	190
2010-06-07	4566	4500	4500	4366	4390	4386	-180	70	200
2010-06-08	4386	4438	4465	4431	4465	4452	66	48	216
2010-06-09	4452	4470	4555	4470	4555	4500	48	32	220
2010-06-10	4500	4541	4555	4541	4555	4550	50	16	222
2010-06-11	4550	4560	4576	4533	4567	4551	1	66	254
2010-06-17	4551	4572	4599	4555	4555	4573	22	30	240
2010-06-18	4573	4490	4570	4477	4540	4526	-47	46	266
2010-06-21	4526	4578	4663	4578	4663	4612	86	26	274
2010-06-22	4612	4601	4618	4585	4585	4598	-14	12	276
2010-06-23	4598	4620	4620	4594	4594	4600	2	8	272
2010-06-24	4600	4560	4584	4560	4584	4568	-32	6	272
2010-06-25	4568				4568	4568	0		272
2010-06-28	4568	4600	4600	4600	4600	4600	32	2	270
2010-06-29	4600	4551	4598	4541	4548	4554	-46	18	262
2010-06-30	4554	4550	4552	4471	4518	4502	-52	36	274
2010-07-01	4502	4481	4482	4466	4466	4476	-26	6	278
2010-07-02	4476	4465	4480	4445	4480	4465	-11	26	274
2010-07-05	4465	4514	4515	4492	4492	4511	46	40	240
2010-07-06	4511	4458	4480	4450	4474	4455	-56	56	230
2010-07-07	4455	4489	4489	4460	4460	4477	22	10	230
2010-07-08	4477	4506	4524	4506	4512	4518	41	98	280
2010-07-09	4518	4515	4515	4515	4515	4515	-3	2	280
2010-07-12	4515	4520	4520	4520	4520	4520	5	4	284
2010-07-13	4520	4520	4520	4436	4455	4466	-54	26	288
2010-07-14	4466	4477	4488	4477	4488	4479	13	10	282
2010-07-15	4479	4488	4503	4445	4445	4475	-4	30	286
2010-07-16	4475	4541	4541	4465	4465	4513	38	14	286
2010-07-19	4513	4520	4520	4449	4452	4476	-37	44	306
2010-07-20	4476	4452	4516	4452	4516	4490	14	24	302
2010-07-21	4490	4495	4495	4487	4491	4489	-1	12	306
2010-07-22	4489	4480	4498	4462	4498	4486	-3	56	296
2010-07-23	4486	4510	4559	4510	4553	4541	55	80	272
2010-07-26	4541	4534	4587	4534	4583	4574	33	40	264
2010-07-27	4574	4580	4580	4551	4551	4565	-9	4	264
2010-07-28	4565	4539	4569	4539	4565	4555	-10	20	274
2010-07-29	4555	4565	4584	4565	4584	4577	22	6	274
2010-07-30	4577	4600	4600	4600	4600	4600	23	2	274
2010-08-02	4600	4675	4675	4675	4675	4675	75	2	276
2010-08-03	4675	4695	4695	4650	4682	4688	13	44	292
2010-08-04	4688	4663	4689	4650	4650	4679	-9	36	314
2010-08-05	4679	4675	4680	4655	4668	4661	-18	26	314
2010-08-06	4661	4769	4769	4658	4681	4685	24	20	312
2010-08-09	4685	4729	4729	4700	4700	4704	19	12	310
2010-08-10	4704	4709	4709	4675	4675	4692	-12	4	312
2010-08-11	4692	4685	4685	4685	4685	4685	-7	2	312
2010-08-12	4685	4641	4641	4614	4616	4622	-63	74	302
2010-08-13	4622	4622	4640	4619	4640	4635	13	54	312
2010-08-16	4635	4642	4642	4642	4642	4642	7	4	308
2010-08-17	4642				4642	4642	0		308
2010-08-18	4642	4650	4679	4650	4679	4664	22	18	306
2010-08-19	4664	4695	4760	4695	4735	4726	62	26	300
2010-08-20	4726	4735	4735	4650	4650	4682	-44	46	310
2010-08-23	4682	4606	4613	4598	4598	4604	-78	26	308
2010-08-24	4604	4551	4564	4550	4564	4555	-49	22	310
2010-08-25	4555	4564	4572	4564	4572	4570	15	14	318
2010-08-26	4570	4610	4610	4577	4580	4589	19	572	554
2010-08-27	4589	4580	4598	4566	4580	4581	-8	454	756
2010-08-30	4581	4700	4700	4615	4618	4639	58	70	756
2010-08-31	4639	4562	4583	4506	4560	4555	-84	218	726
2010-09-01	4555	4541	4572	4541	4550	4548	-7	456	430
2010-09-02	4548	4567	4567	4541	4561	4548	0	78	368
2010-09-03	4548	4570	4579	4560	4565	4567	19	36	378
2010-09-06	4567	4570	4597	4570	4586	4579	12	350	358
2010-09-07	4579	4578	4585	4577	4584	4582	3	76	360
2010-09-08	4582	4598	4607	4598	4607	4604	22	12	360
2010-09-09	4604	4610	4610	4474	4555	4546	-58	162	378
2010-09-10	4546	4570	4578	4558	4578	4565	19	28	374
2010-09-13	4565	4603	4603	4603	4603	4603	38	2	372
2010-09-14	4603	4605	4606	4584	4584	4598	-5	32	346
2010-09-15	4598	4561	4561	4551	4551	4553	-45	18	344
2010-09-16	4553	4549	4550	4543	4543	4548	-5	12	344
2010-09-17	4548	4643	4643	4521	4547	4566	18	36	342
2010-09-20	4566	4574	4584	4571	4576	4576	10	24	344
2010-09-21	4576	4599	4600	4595	4597	4597	21	34	340
2010-09-27	4597	4635	4637	4612	4618	4620	23	50	340
2010-09-28	4620	4607	4607	4592	4592	4597	-23	24	340
2010-09-29	4597	4554	4612	4554	4578	4576	-21	20	326
2010-09-30	4576	4590	4627	4587	4621	4615	39	90	372
2010-10-08	4615	4621	4771	4621	4677	4670	55	298	474
2010-10-11	4670	4733	4847	4733	4800	4796	126	228	530
2010-10-12	4796	4777	4794	4729	4767	4768	-28	186	596
2010-10-13	4768	4799	4865	4787	4865	4829	61	672	740
2010-10-14	4829	4900	4900	4860	4897	4889	60	292	858
2010-10-15	4889	4860	4889	4839	4888	4873	-16	1832	1598
2010-10-18	4873	4780	4834	4746	4795	4792	-81	2104	1700
2010-10-19	4792	4812	4860	4800	4819	4834	42	1896	1560
2010-10-20	4834	4721	4798	4700	4778	4761	-73	1864	1966
2010-10-21	4761	4704	4833	4704	4787	4793	32	2204	2678
2010-10-22	4793	4751	4814	4751	4783	4788	-5	2938	3952
2010-10-25	4788	4829	4883	4820	4862	4857	69	4406	5388
2010-10-26	4857	4868	4868	4825	4833	4841	-16	5196	6268
2010-10-27	4841	4849	4858	4771	4771	4803	-38	7326	7670
2010-10-28	4803	4772	4828	4772	4808	4806	3	8058	10026
2010-10-29	4806	4798	4798	4758	4779	4779	-27	7818	11708
2010-11-01	4779	4795	4825	4785	4814	4809	30	9498	13892
2010-11-02	4809	4880	4880	4839	4843	4851	42	12188	16274
2010-11-03	4851	4875	4888	4832	4839	4860	9	13396	17882
2010-11-04	4860	4888	4928	4866	4928	4896	36	40582	32940
2010-11-05	4896	4954	5063	4952	5025	5028	132	173020	66548
2010-11-08	5028	5034	5069	4940	5004	5018	-10	155456	77784
2010-11-09	5018	4990	5157	4961	5063	5066	48	298196	111262
2010-11-10	5066	5050	5100	4966	4999	5049	-17	289926	120756
2010-11-11	5049	5040	5147	4979	5088	5075	26	379896	142800
2010-11-12	5075	5054	5054	4830	4914	4921	-154	517514	103164
2010-11-15	4921	4870	4968	4851	4907	4920	-1	311286	104950
2010-11-16	4920	4910	4930	4858	4859	4894	-26	163020	101574
2010-11-17	4894	4719	4770	4690	4717	4734	-160	228512	78492
2010-11-18	4734	4736	4769	4707	4760	4737	3	135114	73476
2010-11-19	4737	4800	4806	4728	4764	4761	24	98126	75780
2010-11-22	4761	4735	4793	4729	4773	4769	8	133722	74908
2010-11-23	4769	4770	4771	4659	4668	4699	-70	131428	75326
2010-11-24	4699	4680	4707	4670	4706	4691	-8	76174	74800
2010-11-25	4691	4756	4760	4713	4714	4734	43	79950	67434
2010-11-26	4734	4728	4728	4675	4690	4696	-38	70808	67194
2010-11-29	4696	4700	4745	4686	4744	4718	22	70274	69348
2010-11-30	4718	4770	4809	4755	4795	4781	63	134556	71202
2010-12-01	4781	4752	4788	4743	4769	4763	-18	79902	69990
2010-12-02	4763	4816	4844	4807	4834	4828	65	74148	71310
2010-12-03	4828	4850	4894	4836	4865	4870	42	93322	79338
2010-12-06	4870	4903	4951	4903	4910	4927	57	99384	86488
2010-12-07	4927	4893	4902	4862	4893	4883	-44	57202	86444
2010-12-08	4883	4841	4860	4815	4818	4839	-44	66616	79680
2010-12-09	4839	4850	4874	4848	4854	4861	22	47284	78700
2010-12-10	4861	4840	4875	4837	4875	4855	-6	45314	82920
2010-12-13	4855	4855	4917	4852	4895	4889	34	60632	85068
2010-12-14	4889	4891	4909	4876	4889	4890	1	40818	83572
2010-12-15	4890	4875	4887	4835	4841	4864	-26	37990	80454
2010-12-16	4864	4853	4907	4851	4879	4887	23	76910	82356
2010-12-17	4887	4877	4893	4861	4868	4873	-14	42474	85868
2010-12-20	4873	4895	4915	4843	4870	4888	15	57918	82168
2010-12-21	4888	4890	4896	4870	4878	4880	-8	37838	82022
2010-12-22	4880	4900	4928	4854	4863	4885	5	57422	84138
2010-12-23	4885	4873	4892	4871	4881	4881	-4	47826	77696
2010-12-24	4881	4903	4918	4875	4890	4888	7	40106	75908
2010-12-27	4888	4855	4878	4840	4864	4866	-22	31826	71638
2010-12-28	4866	4860	4869	4823	4824	4844	-22	33646	70546
2010-12-29	4844	4830	4837	4747	4754	4783	-61	45168	66064
2010-12-30	4783	4752	4774	4724	4771	4754	-29	32344	63038
2010-12-31	4754	4740	4747	4722	4735	4737	-17	26658	59222
2011-01-04	4737	4756	4802	4755	4783	4786	49	27454	54352
2011-01-05	4786	4745	4750	4731	4735	4742	-44	10532	52834
2011-01-06	4742	4762	4769	4747	4752	4754	12	9534	50124
2011-01-07	4754	4721	4737	4671	4682	4699	-55	10736	47192
2011-01-10	4699	4672	4730	4672	4695	4706	7	11582	43302
2011-01-11	4706	4710	4716	4691	4699	4701	-5	5166	40844
2011-01-12	4701	4731	4740	4703	4711	4720	19	8148	39282
2011-01-13	4720	4731	4737	4704	4705	4720	0	5062	38072
2011-01-14	4720	4705	4705	4684	4688	4691	-29	3772	36300
2011-01-17	4691	4679	4708	4668	4676	4689	-2	10702	32338
2011-01-18	4689	4679	4680	4659	4667	4665	-24	4134	30470
2011-01-19	4665	4667	4706	4667	4702	4692	27	2544	28764
2011-01-20	4692	4691	4691	4666	4668	4674	-18	1574	27794
2011-01-21	4674	4608	4645	4608	4620	4631	-43	3982	25444
2011-01-24	4631	4620	4630	4595	4598	4606	-25	13920	26658
2011-01-25	4606	4587	4587	4511	4511	4525	-81	6516	24758
2011-01-26	4525	4511	4526	4461	4526	4494	-31	4656	22198
2011-01-27	4494	4548	4549	4516	4520	4522	28	2546	20740
2011-01-28	4522	4482	4512	4482	4508	4499	-23	1346	20188
2011-01-31	4499	4560	4597	4536	4597	4562	63	2798	19886
2011-02-01	4562	4585	4606	4242	4606	4589	27	966	19880
2011-02-09	4589	4543	4569	4541	4569	4554	-35	900	19300
2011-02-10	4554	4588	4649	4588	4620	4606	52	1400	18980
2011-02-11	4606	4631	4631	4605	4630	4624	18	500	19140
2011-02-14	4624	4594	4642	4594	4642	4627	3	280	19200
2011-02-15	4627	4650	4655	4640	4640	4648	21	300	19200
2011-02-16	4648	4592	4610	4592	4610	4600	-48	240	19200
2011-02-17	4600	4620	4620	4610	4610	4615	15	120	19240
2011-02-18	4615	4620	4630	4525	4525	4603	-12	400	19480
2011-02-21	4603	4642	4642	4592	4620	4620	17	440	19520
2011-02-22	4620	4690	4693	4630	4670	4667	47	440	19460
2011-02-23	4667	4581	4660	4553	4660	4629	-38	720	19160
2011-02-24	4629	4713	4725	4670	4710	4710	81	580	19160
2011-02-25	4710	4709	4709	4612	4670	4673	-37	440	19160
2011-02-28	4673	4670	4709	4650	4650	4667	-6	1000	19160
