2008-07-01	?	5384	5544	5384	5436	5468	?	16	2
2008-07-02	5468	5482	5583	5482	5505	5519	51	32	18
2008-07-03	5519	5602	5696	5565	5644	5632	113	48	24
2008-07-04	5632	?	?	?	5644	5632	0	?	24
2008-07-07	5632	?	?	?	5644	5632	0	?	24
2008-07-08	5632	5525	5525	5525	5525	5525	-107	2	24
2008-07-09	5525	5465	5550	5465	5550	5508	-17	8	22
2008-07-10	5508	5560	5560	5498	5498	5529	21	4	18
2008-07-11	5529	?	?	?	5498	5529	0	?	18
2008-07-14	5529	5600	5658	5600	5648	5613	84	16	28
2008-07-15	5613	5683	5683	5683	5683	5683	70	2	28
2008-07-16	5683	?	?	?	5683	5683	0	?	28
2008-07-17	5683	5650	5650	5650	5650	5650	-33	2	28
2008-07-18	5650	5460	5550	5460	5540	5508	-142	8	30
2008-07-21	5508	5460	5460	5450	5460	5457	-51	8	36
2008-07-22	5457	5451	5451	5360	5360	5420	-37	6	36
2008-07-23	5420	?	?	?	5360	5420	0	?	36
2008-07-24	5420	5360	5360	5279	5280	5298	-122	10	36
2008-07-25	5298	5320	5320	5170	5260	5235	-63	24	36
2008-07-28	5235	5199	5199	5161	?	?	?	14	36
2008-07-29	5172	5250	5250	5250	5250	5250	78	2	36
2008-07-30	5250	5235	5235	5052	5118	5113	-137	16	46
2008-07-31	5113	5258	5258	5159	5159	5192	79	6	50
2008-08-01	5192	5070	5070	5065	5065	5069	-123	28	72
2008-08-04	5069	5160	5160	5025	5025	5096	27	64	90
2008-08-05	5096	4950	4950	4841	4841	4883	-213	30	92
2008-08-06	4883	?	?	?	4841	4883	0	?	92
2008-08-07	4883	4780	4805	4728	4805	4771	-112	6	92
2008-08-08	4771	4852	4852	4760	4760	4778	7	14	92
2008-08-11	4778	4560	4638	4560	4638	4596	-182	8	94
2008-08-12	4596	4532	4532	4429	4453	4461	-135	14	100
2008-08-13	4461	4535	4610	4528	4610	4557	96	6	102
2008-08-14	4557	4725	4725	4650	4650	4686	129	10	100
2008-08-15	4686	4650	4650	4650	4650	4650	-36	2	100
2008-08-18	4650	4640	4680	4595	4680	4638	-12	6	102
2008-08-19	4638	4530	4544	4506	4544	4527	-111	102	144
2008-08-20	4527	4625	4650	4620	4650	4633	106	10	142
2008-08-21	4633	4760	4819	4760	4810	4781	148	20	136
2008-08-22	4781	4960	4987	4861	4987	4913	132	46	134
2008-08-25	4913	4764	4764	4760	4764	4763	-150	8	132
2008-08-26	4763	4701	4725	4645	4645	4694	-69	10	134
2008-08-27	4694	4830	4830	4733	4733	4781	87	4	136
2008-08-28	4781	4862	4891	4808	4828	4849	68	16	128
2008-08-29	4849	4762	4830	4762	4830	4784	-65	10	130
2008-09-01	4784	4901	4901	4887	4887	4890	106	8	130
2008-09-02	4890	4710	4710	4700	4700	4702	-188	20	136
2008-09-03	4702	4600	4600	4550	4585	4590	-112	30	146
2008-09-04	4590	4620	4620	4538	4612	4586	-4	66	160
2008-09-05	4586	4438	4499	4429	4464	4450	-136	62	168
2008-09-08	4450	4481	4520	4460	4460	4480	30	26	162
2008-09-09	4480	4370	4370	4257	4302	4287	-193	40	150
2008-09-10	4287	?	?	?	4302	4287	0	?	150
2008-09-11	4287	4260	4261	4231	4261	4242	-45	12	154
2008-09-12	4242	4214	4279	4214	4279	4237	-5	18	154
2008-09-16	4237	4025	4025	4025	4025	4025	-212	18	164
2008-09-17	4025	4001	4001	4001	4001	4001	-24	2	162
2008-09-18	4001	4149	4149	3945	3949	4022	21	24	164
2008-09-19	4022	4000	4027	3960	4000	4006	-16	32	170
2008-09-22	4006	4055	4200	4055	4200	4131	125	10	168
2008-09-23	4131	4271	4290	4260	4260	4270	139	46	152
2008-09-24	4270	4260	4260	4136	4136	4166	-104	18	154
2008-09-25	4166	4232	4232	4228	4230	4230	64	14	166
2008-09-26	4230	4202	4210	4190	4200	4203	-27	12	172
2008-10-06	4203	?	?	?	4200	4203	0	?	172
2008-10-07	4203	?	?	?	4200	4203	0	?	172
2008-10-08	4203	?	?	?	4200	4203	0	?	172
2008-10-09	4203	?	?	?	4200	4203	0	?	172
2008-10-10	4203	3992	3992	3992	3992	3992	-211	2	170
2008-10-13	3992	?	?	?	3992	3992	0	?	170
2008-10-14	3992	3792	3792	3792	3792	3792	-200	4	170
2008-10-15	3792	3526	3526	3526	3526	3526	-266	2	168
2008-10-16	3526	3173	3173	3173	3173	3173	-353	4	168
2008-10-17	3173	?	?	?	3173	3173	0	?	54
2008-10-20	3173	3029	3330	3029	3310	3231	58	44	60
2008-10-21	3231	3338	3392	3270	3270	3321	90	44	66
2008-10-22	3321	3156	3220	3154	3154	3161	-160	20	66
2008-10-23	3161	?	?	?	3154	3161	0	?	66
2008-10-24	3161	3008	3008	3002	3002	3003	-158	10	74
2008-10-27	3003	2792	2792	2792	2792	2792	-211	14	68
2008-10-28	2792	2590	2701	2551	2701	2618	-174	34	74
2008-10-29	2618	2748	2748	2603	2710	2707	89	54	72
2008-10-30	2707	2784	2842	2783	2842	2824	117	18	76
2008-10-31	2824	2682	2682	2682	2682	2682	-142	6	74
2008-11-03	2682	2730	2735	2700	2700	2722	40	54	104
2008-11-04	2722	2700	2700	2625	2656	2649	-73	16	100
2008-11-05	2649	2720	2726	2719	2726	2722	73	8	102
2008-11-06	2722	2669	2715	2634	2634	2660	-62	12	104
2008-11-07	2660	2580	2580	2527	2550	2551	-109	16	112
2008-11-10	2551	2649	2651	2630	2630	2639	88	18	120
2008-11-11	2639	2578	2580	2578	2580	2578	-61	28	106
2008-11-12	2578	2535	2535	2500	2500	2508	-70	8	98
2008-11-13	2508	2402	2459	2402	2459	2430	-78	4	96
2008-11-14	2430	2490	2510	2432	2503	2470	40	20	96
2008-11-17	2470	2519	2519	2454	2454	2486	16	8	96
2008-11-18	2486	2576	2576	2498	2560	2544	58	26	98
2008-11-19	2544	2554	2629	2534	2541	2556	12	12	96
2008-11-20	2556	2428	2432	2428	2428	2428	-128	86	174
2008-11-21	2428	2306	2400	2306	2338	2344	-84	90	204
2008-11-24	2344	2356	2356	2350	2355	2352	8	28	202
2008-11-25	2352	2397	2410	2389	2406	2404	52	30	188
2008-11-26	2404	2371	2501	2371	2450	2440	36	16	190
2008-11-27	2440	2513	2513	2468	2468	2480	40	42	176
2008-11-28	2480	2408	2475	2408	2475	2457	-23	22	170
2008-12-01	2457	2470	2477	2470	2477	2473	16	4	172
2008-12-02	2473	2349	2394	2349	2349	2360	-113	58	204
2008-12-03	2360	2400	2420	2381	2381	2401	41	20	188
2008-12-04	2401	2409	2483	2385	2403	2423	22	60	204
2008-12-05	2423	2366	2381	2303	2367	2358	-65	56	198
2008-12-08	2358	2475	2475	2458	2475	2472	114	18	202
2008-12-09	2472	2625	2645	2502	2589	2595	123	44	186
2008-12-10	2595	2599	2645	2589	2635	2615	20	100	218
2008-12-11	2615	2633	2741	2633	2688	2691	76	66	210
2008-12-12	2691	2700	2818	2610	2675	2700	9	68	202
2008-12-15	2700	2802	2835	2772	2835	2820	120	26	206
2008-12-16	2820	2783	2783	2679	2740	2727	-93	62	214
2008-12-17	2727	2710	2783	2650	2732	2711	-16	56	232
2008-12-18	2711	2581	2581	2575	2575	2576	-135	12	232
2008-12-19	2576	2547	2665	2470	2630	2554	-22	42	236
2008-12-22	2554	2681	2681	2681	2681	2681	127	66	268
2008-12-23	2681	2708	2711	2637	2638	2664	-17	58	278
2008-12-24	2664	2656	2705	2656	2661	2673	9	96	260
2008-12-25	2673	2558	2752	2558	2647	2638	-35	660	254
2008-12-26	2638	2630	2630	2630	2630	2630	-8	2	252
2008-12-29	2630	2760	2760	2715	2730	2730	100	26	254
2008-12-30	2730	2800	2800	2733	2760	2770	40	14	248
2008-12-31	2770	2710	2800	2710	2799	2756	-14	36	248
2009-01-05	2756	2921	2921	2921	2921	2921	165	56	210
2009-01-06	2921	2831	3070	2831	3009	2994	73	54	204
2009-01-07	2994	2952	3116	2952	3095	3079	85	78	172
2009-01-08	3079	2942	2975	2925	2927	2929	-150	106	184
2009-01-09	2929	3024	3074	2936	2980	2984	55	40	190
2009-01-12	2984	2918	3087	2917	2973	2991	7	66	220
2009-01-13	2991	2868	2920	2859	2880	2887	-104	174	210
2009-01-14	2887	2985	3030	2960	3030	2996	109	58	208
2009-01-15	2996	2990	3065	2977	3060	3032	36	44	204
2009-01-16	3032	3001	3180	3001	3165	3105	73	62	194
2009-01-19	3105	3125	3207	3032	3098	3099	-6	54	206
2009-01-20	3099	3098	3115	3095	3103	3104	5	60	192
2009-01-21	3104	3122	3122	3085	3085	3100	-4	38	198
2009-01-22	3100	3122	3130	3036	3060	3082	-18	50	224
2009-01-23	3082	2990	3066	2985	3066	2986	-96	204	424
2009-02-02	2986	3040	3120	3040	3072	3077	91	126	426
2009-02-03	3077	3071	3139	3066	3139	3093	16	78	426
2009-02-04	3093	3138	3217	3138	3171	3184	91	118	404
2009-02-05	3184	3174	3218	3171	3198	3190	6	60	406
2009-02-06	3190	3242	3307	3242	3290	3266	76	74	400
2009-02-09	3266	3394	3396	3313	3320	3341	75	206	424
2009-02-10	3341	3271	3353	3271	3329	3324	-17	60	440
2009-02-11	3324	3189	3279	3157	3176	3209	-115	216	488
2009-02-12	3209	3176	3179	3102	3158	3143	-66	144	504
2009-02-13	3143	3170	3274	3161	3181	3191	48	118	524
2009-02-16	3191	3170	3192	3088	3105	3105	-86	812	892
2009-02-17	3105	3115	3115	3061	3080	3088	-17	186	902
2009-02-18	3088	3001	3072	2933	2940	2952	-136	810	1184
2009-02-19	2952	2941	2969	2908	2965	2938	-14	744	1402
2009-02-20	2938	3036	3036	2980	2980	2999	61	1252	1932
2009-02-23	2999	3006	3148	3006	3148	3073	74	1294	1976
2009-02-24	3073	3108	3130	3028	3060	3074	1	1606	2190
2009-02-25	3074	3175	3175	3093	3114	3133	59	996	2766
2009-02-26	3133	3200	3200	3121	3145	3161	28	960	3024
2009-02-27	3161	3160	3180	3066	3099	3130	-31	1394	3256
2009-03-02	3130	3021	3086	2999	3001	3032	-98	1150	3160
2009-03-03	3032	2900	3002	2900	2997	2961	-71	1628	3924
2009-03-04	2961	2998	3047	2973	3039	3011	50	738	3944
2009-03-05	3011	3100	3150	3069	3129	3116	105	1484	3958
2009-03-06	3116	3117	3145	3081	3114	3110	-6	2224	3742
2009-03-09	3110	3164	3177	3102	3102	3151	41	1750	3602
2009-03-10	3151	3086	3168	3086	3154	3142	-9	2908	3688
2009-03-11	3142	3140	3146	3102	3128	3135	-7	2506	3836
2009-03-12	3135	3058	3089	3035	3073	3062	-73	3736	4144
2009-03-13	3062	3121	3137	3091	3092	3117	55	2456	3822
2009-03-16	3117	3070	3101	3063	3092	3081	-36	2246	4218
2009-03-17	3081	3110	3155	3105	3139	3134	53	3630	4322
2009-03-18	3134	3160	3215	3160	3170	3192	58	4240	5074
2009-03-19	3192	3190	3245	3180	3186	3203	11	3988	5356
2009-03-20	3203	3232	3253	3209	3216	3231	28	5112	5712
2009-03-23	3231	3243	3358	3232	3320	3303	72	6574	6418
2009-03-24	3303	3285	3388	3260	3264	3288	-15	9110	7710
2009-03-25	3288	3263	3288	3215	3222	3249	-39	7352	8448
2009-03-26	3249	3228	3272	3228	3259	3253	4	7268	9988
2009-03-27	3253	3263	3288	3212	3219	3249	-4	6982	10516
2009-03-30	3249	3199	3199	3159	3183	3175	-74	18432	17040
2009-03-31	3175	3150	3218	3142	3217	3187	12	29862	25832
2009-04-01	3187	3200	3210	3187	3192	3197	10	30036	33368
2009-04-02	3197	3220	3356	3217	3275	3247	50	65262	46758
2009-04-03	3247	3320	3334	3285	3292	3301	54	82240	64526
2009-04-07	3301	3300	3398	3288	3387	3355	54	213328	94704
2009-04-08	3355	3340	3372	3212	3264	3305	-50	532170	126696
2009-04-09	3305	3310	3338	3276	3326	3309	4	460028	131324
2009-04-10	3309	3360	3437	3350	3417	3393	84	593086	135940
2009-04-13	3393	3416	3493	3398	3418	3437	44	579332	148030
2009-04-14	3437	3400	3412	3360	3409	3386	-51	431004	160240
2009-04-15	3386	3398	3520	3388	3501	3474	88	822436	202070
2009-04-16	3474	3537	3569	3502	3542	3541	67	783692	225250
2009-04-17	3541	3540	3548	3496	3525	3519	-22	510792	221300
2009-04-20	3519	3520	3544	3483	3486	3510	-9	537810	224834
2009-04-21	3510	3380	3390	3334	3334	3351	-159	416874	184892
2009-04-22	3351	3384	3415	3343	3367	3385	34	459240	175422
2009-04-23	3385	3367	3390	3349	3377	3375	-10	407444	182908
2009-04-24	3375	3370	3385	3311	3327	3343	-32	439718	178624
2009-04-27	3343	3359	3398	3306	3322	3339	-4	524264	174644
2009-04-28	3339	3340	3350	3254	3269	3307	-32	440774	176562
2009-04-29	3307	3279	3328	3230	3328	3277	-30	506258	163510
2009-04-30	3277	3349	3379	3332	3359	3357	80	444038	149772
2009-05-04	3357	3467	3556	3440	3536	3503	146	592554	156902
2009-05-05	3503	3525	3540	3466	3468	3492	-11	398368	124390
2009-05-06	3492	3490	3527	3476	3508	3500	8	372794	133772
2009-05-07	3500	3560	3612	3540	3544	3579	79	425548	108778
2009-05-08	3579	3579	3588	3527	3572	3554	-25	179188	91668
2009-05-11	3554	3575	3588	3494	3500	3552	-2	123012	74188
2009-05-12	3552	3544	3546	3480	3508	3511	-41	67258	61210
2009-05-13	3511	3540	3571	3532	3568	3550	39	46768	52094
2009-05-14	3550	3500	3504	3460	3480	3476	-74	23658	44934
2009-05-15	3476	3500	3520	3482	3493	3503	27	14480	40332
2009-05-18	3503	3429	3460	3390	3442	3419	-84	10988	37246
2009-05-19	3419	3500	3553	3484	3547	3521	102	10968	35952
2009-05-20	3521	3518	3540	3495	3505	3517	-4	5838	35378
2009-05-21	3517	3550	3567	3516	3520	3539	22	11626	34270
2009-05-22	3539	3508	3557	3508	3536	3534	-5	14310	30944
2009-05-25	3534	3556	3558	3522	3537	3536	2	5380	28362
2009-05-26	3536	3540	3542	3488	3497	3511	-25	8132	24222
2009-05-27	3511	3523	3573	3521	3526	3530	19	6228	23404
2009-06-01	3530	3634	3659	3617	3617	3645	115	3044	21680
2009-06-02	3645	3655	3655	3598	3608	3627	-18	1340	21660
2009-06-03	3627	3610	3640	3595	3633	3633	6	2200	20240
2009-06-04	3633	3594	3620	3590	3595	3604	-29	740	20180
2009-06-05	3604	3660	3688	3648	3682	3666	62	1040	20180
2009-06-08	3666	3666	3670	3625	3635	3642	-24	760	20000
2009-06-09	3642	3648	3662	3624	3658	3648	6	1100	19940
2009-06-10	3648	3693	3698	3679	3679	3690	42	640	19940
2009-06-11	3690	3686	3686	3650	3680	3669	-21	220	19920
2009-06-12	3669	3660	3660	3640	3640	3652	-17	640	19860
2009-06-15	3652	3650	3650	3600	3600	3618	-34	2080	19500
2009-06-16	3618	3580	3645	3580	3645	3620	2	1080	19460
2009-06-17	3620	3638	3645	3615	3643	3624	4	2140	18700
2009-06-18	3624	3648	3660	3636	3650	3649	25	1280	18060
2009-06-19	3649	3640	3759	3640	3665	3650	1	2580	19840
2009-06-22	3650	3558	3630	3558	3625	3618	-32	520	19480
2009-06-23	3618	3550	3565	3550	3560	3556	-62	720	19020
2009-06-24	3556	3550	3569	3549	3566	3558	2	1880	18400
2009-06-25	3558	3598	3598	3536	3584	3583	25	720	18560
2009-06-26	3583	3605	3630	3600	3630	3604	21	2080	16620
2009-06-29	3604	3561	3571	3561	3571	3564	-40	160	16620
2009-06-30	3564	3679	3689	3641	3689	3657	93	360	16740
