2008-09-03	4797	4534	4640	4468	4640	4537	-260	16	?
2008-09-05	4537	4501	4501	4405	4405	4445	-92	40	?
2008-09-09	4445	4224	4322	4224	4322	4273	-172	4	2
2008-09-10	4273	?	?	?	4322	4273	0	?	2
2008-09-11	4273	4257	4257	4257	4257	4257	-16	2	2
2008-09-12	4257	4202	4202	4202	4202	4202	-55	2	2
2008-09-16	4202	3992	4020	3991	3998	3996	-206	14	6
2008-09-17	3996	4100	4100	3990	3990	4045	49	4	4
2008-09-18	4045	3960	3960	3842	3842	3901	-144	4	6
2008-09-19	3901	?	?	?	3842	3901	0	?	6
2008-09-22	3901	?	?	?	3842	3901	0	?	6
2008-09-23	3901	?	?	?	3842	3901	0	?	6
2008-09-24	3901	?	?	?	3842	3901	0	?	6
2008-09-25	3901	4096	4096	4096	4096	4096	195	2	6
2008-09-26	4096	4240	4249	4150	4170	4196	100	12	6
2008-10-06	4196	?	?	?	4170	4196	0	?	6
2008-10-07	4196	?	?	?	4170	4196	0	?	6
2008-10-08	4196	?	?	?	4170	4196	0	?	6
2008-10-09	4196	?	?	?	4170	4196	0	?	6
2008-10-10	4196	?	?	?	4170	4196	0	?	6
2008-10-13	4196	?	?	?	4170	4196	0	?	6
2008-10-14	4196	3986	3986	3986	3986	3986	-210	2	8
2008-10-15	3986	?	?	?	3986	3986	0	?	8
2008-10-16	3986	?	?	?	3986	3986	0	?	8
2008-10-17	3986	?	?	?	3986	3986	0	?	8
2008-10-20	3986	3786	3786	3786	3786	3786	-200	8	6
2008-10-21	3786	3520	3520	3520	3520	3520	-266	10	12
2008-10-22	3520	3189	3197	3168	3168	3183	-337	26	8
2008-10-23	3183	?	?	?	3168	3183	0	?	8
2008-10-24	3183	3100	3100	3023	3023	3038	-145	10	8
2008-10-27	3038	2825	2826	2825	2825	2825	-213	10	14
2008-10-28	2825	2550	2796	2542	2728	2602	-223	162	90
2008-10-29	2602	2718	2723	2600	2723	2664	62	40	98
2008-10-30	2664	2732	2797	2699	2797	2762	98	18	102
2008-10-31	2762	2640	2697	2590	2619	2642	-120	70	110
2008-11-03	2642	2769	2774	2710	2710	2740	98	24	118
2008-11-04	2740	2636	2688	2635	2688	2669	-71	32	128
2008-11-05	2669	2706	2802	2706	2802	2762	93	50	156
2008-11-06	2762	2700	2700	2658	2668	2665	-97	36	162
2008-11-07	2665	2578	2601	2575	2600	2590	-75	24	162
2008-11-10	2590	2632	2694	2632	2660	2662	72	66	192
2008-11-11	2662	2608	2639	2600	2620	2608	-54	78	194
2008-11-12	2608	2579	2579	2513	2538	2543	-65	6	198
2008-11-13	2543	2472	2526	2467	2526	2483	-60	20	202
2008-11-14	2483	2499	2559	2493	2548	2546	63	38	192
2008-11-17	2546	2506	2563	2506	2563	2538	-8	20	202
2008-11-18	2538	2540	2599	2540	2592	2585	47	20	202
2008-11-19	2585	2589	2589	2567	2567	2575	-10	16	192
2008-11-20	2575	2520	2520	2446	2446	2476	-99	36	206
2008-11-21	2476	2353	2455	2352	2455	2378	-98	100	210
2008-11-24	2378	2455	2455	2340	2380	2393	15	90	238
2008-11-25	2393	2512	2512	2454	2477	2480	87	42	228
2008-11-26	2480	2406	2528	2405	2513	2482	2	76	238
2008-11-27	2482	2525	2532	2510	2518	2521	39	44	212
2008-11-28	2521	2529	2559	2485	2550	2522	1	88	180
2008-12-01	2522	2492	2596	2492	2542	2541	19	22	166
2008-12-02	2541	2450	2489	2413	2417	2464	-77	30	156
2008-12-03	2464	2497	2499	2480	2499	2494	30	30	170
2008-12-04	2494	2506	2523	2506	2523	2514	20	4	168
2008-12-05	2514	2451	2498	2426	2476	2463	-51	24	174
2008-12-08	2463	2463	2586	2463	2586	2562	99	60	170
2008-12-09	2562	2551	2710	2551	2651	2651	89	102	132
2008-12-10	2651	2740	2740	2681	2711	2719	68	86	132
2008-12-11	2719	2713	2816	2713	2816	2749	30	12	132
2008-12-12	2749	2777	2840	2674	2740	2753	4	44	114
2008-12-15	2753	2845	2890	2820	2886	2858	105	100	110
2008-12-16	2858	2853	2853	2740	2819	2805	-53	76	104
2008-12-17	2805	2819	2822	2736	2751	2761	-44	38	104
2008-12-18	2761	2642	2642	2622	2622	2624	-137	38	94
2008-12-19	2624	2503	2678	2503	2678	2611	-13	38	94
2008-12-22	2611	?	?	?	2678	2611	0	?	94
2008-12-23	2611	2738	2738	2630	2696	2700	89	214	162
2008-12-24	2700	2753	2770	2721	2758	2756	56	82	156
2008-12-25	2756	2715	2749	2690	2740	2727	-29	66	180
2008-12-26	2727	2747	2750	2685	2746	2722	-5	66	180
2008-12-29	2722	2803	2812	2803	2812	2808	86	8	174
2008-12-30	2808	2880	2900	2841	2889	2879	71	70	176
2008-12-31	2879	2851	2862	2836	2849	2850	-29	20	168
2009-01-05	2850	3021	3021	3021	3021	3021	171	174	286
2009-01-06	3021	3150	3150	3021	3082	3061	40	188	360
2009-01-07	3061	3180	3194	3100	3115	3160	99	150	442
2009-01-08	3160	3002	3029	3002	3029	3012	-148	94	446
2009-01-09	3012	3060	3083	3011	3083	3042	30	176	452
2009-01-12	3042	3050	3085	3020	3053	3062	20	184	468
2009-01-13	3062	2996	3020	2973	2990	2994	-68	386	252
2009-01-14	2994	3050	3143	3050	3143	3096	102	912	774
2009-01-15	3096	3103	3143	3096	3143	3121	25	436	688
2009-01-16	3121	3080	3265	3080	3230	3186	65	500	696
2009-01-19	3186	3221	3221	3160	3160	3182	-4	148	698
2009-01-20	3182	3160	3202	3160	3180	3178	-4	166	746
2009-01-21	3178	3218	3218	3170	3172	3188	10	136	758
2009-01-22	3188	3213	3213	3130	3147	3158	-30	134	784
2009-01-23	3158	3156	3161	3088	3161	3115	-43	680	678
2009-02-02	3115	3199	3200	3121	3176	3183	68	224	660
2009-02-03	3183	3160	3245	3160	3240	3201	18	138	680
2009-02-04	3201	3246	3330	3219	3290	3288	87	138	676
2009-02-05	3288	3266	3314	3266	3308	3286	-2	130	684
2009-02-06	3286	3340	3420	3332	3400	3366	80	288	740
2009-02-09	3366	3395	3465	3395	3429	3421	55	302	790
2009-02-10	3421	3421	3454	3373	3437	3409	-12	464	886
2009-02-11	3409	3377	3390	3251	3290	3331	-78	1346	914
2009-02-12	3331	3265	3329	3240	3267	3262	-69	810	998
2009-02-13	3262	3250	3316	3250	3293	3291	29	292	1004
2009-02-16	3291	3370	3370	3126	3213	3244	-47	436	1048
2009-02-17	3244	3176	3349	3151	3215	3227	-17	258	1056
2009-02-18	3227	3175	3175	3065	3067	3087	-140	342	1166
2009-02-19	3087	3065	3124	3026	3090	3053	-34	382	1138
2009-02-20	3053	3125	3150	3088	3103	3117	64	330	1096
2009-02-23	3117	3115	3269	3115	3269	3214	97	596	1148
2009-02-24	3214	3240	3240	3140	3180	3183	-31	708	1124
2009-02-25	3183	3181	3285	3181	3223	3237	54	452	1054
2009-02-26	3237	3251	3290	3211	3229	3254	17	386	1084
2009-02-27	3254	3275	3278	3175	3180	3246	-8	610	1198
2009-03-02	3246	3142	3143	3091	3096	3120	-126	638	1224
2009-03-03	3120	2980	3099	2980	3099	3058	-62	450	1240
2009-03-04	3058	3048	3139	3048	3132	3094	36	556	1202
2009-03-05	3094	3175	3231	3175	3210	3206	112	748	1084
2009-03-06	3206	3200	3235	3173	3218	3202	-4	750	1162
2009-03-09	3202	3280	3280	3200	3200	3236	34	656	1266
2009-03-10	3236	3202	3257	3197	3245	3227	-9	950	1278
2009-03-11	3227	3250	3257	3190	3218	3229	2	606	1388
2009-03-12	3229	3182	3195	3142	3165	3164	-65	526	1404
2009-03-13	3164	3215	3237	3170	3206	3215	51	566	1488
2009-03-16	3215	3172	3208	3172	3193	3195	-20	512	1612
2009-03-17	3195	3211	3258	3211	3244	3235	40	1338	2032
2009-03-18	3235	3271	3325	3255	3270	3289	54	1318	1750
2009-03-19	3289	3319	3337	3271	3282	3298	9	714	1936
2009-03-20	3298	3320	3349	3303	3320	3327	29	1426	1862
2009-03-23	3327	3329	3469	3329	3440	3411	84	1306	1978
2009-03-24	3411	3445	3461	3370	3380	3404	-7	1110	1868
2009-03-25	3404	3387	3398	3333	3341	3360	-44	892	1916
2009-03-26	3360	3349	3389	3342	3376	3372	12	782	1956
2009-03-27	3372	3400	3405	3326	3349	3373	1	1064	2188
2009-03-30	3373	3349	3349	3290	3311	3306	-67	794	2218
2009-03-31	3306	3291	3345	3272	3343	3316	10	1356	2454
2009-04-01	3316	3321	3340	3312	3327	3328	12	1390	2982
2009-04-02	3328	3339	3398	3321	3393	3363	35	1934	2690
2009-04-03	3363	3439	3442	3405	3416	3423	60	1604	2606
2009-04-07	3423	3398	3532	3393	3498	3461	38	3016	2534
2009-04-08	3461	3468	3487	3350	3389	3421	-40	3238	2762
2009-04-09	3421	3440	3465	3408	3452	3438	17	2080	2966
2009-04-10	3438	3461	3558	3461	3545	3517	79	3146	3488
2009-04-13	3517	3545	3622	3532	3562	3577	60	5364	4906
2009-04-14	3577	3545	3553	3508	3551	3530	-47	2490	5536
2009-04-15	3530	3560	3648	3533	3636	3608	78	5046	5144
2009-04-16	3608	3610	3775	3610	3646	3667	59	8354	6444
2009-04-17	3667	3646	3657	3595	3615	3616	-51	6148	8048
2009-04-20	3616	3615	3655	3568	3571	3602	-14	5334	9352
2009-04-21	3602	3525	3525	3422	3422	3441	-161	6756	10284
2009-04-22	3441	3451	3509	3451	3485	3487	46	9434	9264
2009-04-23	3487	3480	3500	3470	3484	3489	2	5192	9890
2009-04-24	3489	3489	3497	3421	3428	3458	-31	3766	10164
2009-04-27	3458	3442	3488	3411	3418	3437	-21	6934	10846
2009-04-28	3437	3429	3447	3363	3370	3409	-28	8564	13068
2009-04-29	3409	3370	3410	3338	3410	3373	-36	11024	15002
2009-04-30	3373	3420	3461	3408	3460	3443	70	8572	15062
2009-05-04	3443	3550	3649	3535	3648	3596	153	13340	15680
2009-05-05	3596	3653	3653	3579	3580	3607	11	11032	14712
2009-05-06	3607	3600	3631	3593	3625	3609	2	10758	15638
2009-05-07	3609	3660	3726	3657	3670	3689	80	20480	16832
2009-05-08	3689	3695	3709	3638	3697	3675	-14	16184	17914
2009-05-11	3675	3680	3715	3610	3617	3675	0	24486	19390
2009-05-12	3675	3650	3668	3602	3631	3636	-39	18672	19628
2009-05-13	3636	3674	3712	3660	3710	3682	46	24770	18378
2009-05-14	3682	3651	3651	3600	3613	3612	-70	14616	18286
2009-05-15	3612	3621	3656	3614	3627	3636	24	13664	18848
2009-05-18	3636	3550	3595	3530	3576	3557	-79	15588	20714
2009-05-19	3557	3638	3688	3620	3688	3657	100	23552	20850
2009-05-20	3657	3651	3678	3639	3641	3657	0	24942	22342
2009-05-21	3657	3660	3702	3644	3665	3676	19	44522	22272
2009-05-22	3676	3670	3695	3660	3674	3678	2	29840	27450
2009-05-25	3678	3680	3693	3663	3666	3673	-5	19634	29666
2009-05-26	3673	3680	3680	3612	3624	3641	-32	44222	37456
2009-05-27	3641	3676	3685	3645	3671	3665	24	35614	37468
2009-06-01	3665	3797	3805	3770	3786	3789	124	81354	50150
2009-06-02	3789	3794	3799	3742	3752	3769	-20	106302	65312
2009-06-03	3769	3765	3788	3741	3781	3769	0	141320	73852
2009-06-04	3769	3711	3753	3710	3752	3736	-33	118632	75864
2009-06-05	3736	3810	3838	3793	3820	3817	81	322210	101024
2009-06-08	3817	3801	3815	3764	3769	3795	-22	225510	104184
2009-06-09	3795	3795	3805	3762	3797	3787	-8	295824	125516
2009-06-10	3787	3850	3850	3814	3818	3827	40	236700	125550
2009-06-11	3827	3834	3834	3806	3813	3822	-5	175890	132114
2009-06-12	3822	3822	3828	3768	3776	3797	-25	201186	143404
2009-06-15	3797	3774	3776	3724	3738	3747	-50	226326	136322
2009-06-16	3747	3716	3779	3711	3773	3758	11	324238	131588
2009-06-17	3758	3748	3774	3735	3766	3753	-5	251408	132736
2009-06-18	3753	3780	3783	3753	3774	3769	16	200178	136650
2009-06-19	3769	3785	3786	3770	3775	3776	7	129828	129344
2009-06-22	3776	3721	3750	3721	3732	3736	-40	159608	128384
2009-06-23	3736	3680	3688	3627	3659	3656	-80	288902	128248
2009-06-24	3656	3650	3675	3636	3671	3658	2	211318	124962
2009-06-25	3658	3660	3702	3647	3682	3676	18	202216	127052
2009-06-26	3676	3708	3744	3707	3739	3729	53	191688	115844
2009-06-29	3729	3710	3715	3690	3699	3702	-27	150230	113280
2009-06-30	3702	3766	3790	3761	3779	3779	77	203436	107248
2009-07-01	3779	3749	3769	3739	3768	3758	-21	89510	103032
2009-07-02	3758	3762	3775	3743	3748	3758	0	118786	103464
2009-07-03	3758	3713	3726	3688	3717	3709	-49	130996	91404
2009-07-06	3709	3697	3706	3678	3685	3689	-20	96214	83830
2009-07-07	3689	3691	3716	3685	3706	3696	7	67574	74918
2009-07-08	3696	3667	3670	3625	3662	3644	-52	76660	62600
2009-07-09	3644	3630	3673	3612	3671	3642	-2	45974	55540
2009-07-10	3642	3658	3674	3656	3669	3664	22	27238	45610
2009-07-13	3664	3678	3685	3636	3636	3661	-3	17952	39564
2009-07-14	3661	3648	3668	3642	3667	3654	-7	11108	32946
2009-07-15	3654	3666	3695	3657	3692	3677	23	11072	25776
2009-07-16	3677	3692	3721	3691	3696	3708	31	6214	22812
2009-07-17	3708	3702	3702	3670	3689	3691	-17	4324	20968
2009-07-20	3691	3730	3739	3710	3734	3727	36	6154	18972
2009-07-21	3727	3739	3745	3704	3712	3726	-1	2652	18184
2009-07-22	3726	3699	3723	3696	3696	3708	-18	3412	16686
2009-07-23	3708	3709	3709	3691	3701	3701	-7	1274	16298
2009-07-24	3701	3709	3748	3709	3746	3734	33	3894	14690
2009-07-27	3734	3763	3772	3740	3770	3765	31	3222	13688
2009-07-28	3765	3765	3766	3723	3753	3751	-14	1406	13304
2009-07-29	3751	3640	3723	3640	3675	3704	-47	1586	12894
2009-07-30	3704	3614	3676	3614	3664	3661	-43	1114	12364
2009-07-31	3661	3699	3842	3491	3492	3735	74	4894	10944
2009-08-03	3735	3548	3810	3548	3800	3769	34	1444	10940
2009-08-04	3769	3819	3819	3797	3797	3802	33	180	10940
2009-08-05	3802	3803	3803	3790	3793	3794	-8	340	11060
2009-08-06	3794	3800	3800	3775	3791	3789	-5	260	11280
2009-08-07	3789	3772	3775	3766	3766	3770	-19	160	11380
2009-08-10	3770	3768	3952	3768	3935	3892	122	1420	11640
2009-08-11	3892	3962	4015	3940	4012	3975	83	900	11880
2009-08-12	3975	3951	4033	3951	3995	4008	33	120	11960
2009-08-13	4008	4090	4150	4031	4080	4072	64	2140	13320
2009-08-14	4072	4006	4048	3962	3962	4001	-71	3900	16540
2009-08-17	4001	3860	3860	3830	3830	3842	-159	120	16460
2009-08-18	3842	3760	3809	3760	3809	3784	-58	40	16440
2009-08-19	3784	3850	3860	3800	3800	3835	51	120	16440
2009-08-20	3835	3870	3950	3802	3802	3893	58	1200	16460
2009-08-21	3893	3866	3874	3792	3792	3835	-58	100	16480
2009-08-24	3835	3950	3950	3892	3892	3927	92	60	16520
2009-08-25	3927	3892	3892	3892	3892	3892	-35	20	16520
2009-08-26	3892	3950	3950	3950	3950	3950	58	20	16500
2009-08-27	3950	3938	3938	3840	3840	3894	-56	640	15880
2009-08-28	3894	?	?	?	3840	3894	0	?	15880
2009-08-31	3894	3780	3950	3780	3791	3799	-95	1760	14220
