2010-07-30									
2010-08-02					4694	4694	0		
2010-08-03	4694	4694	4694	4694	4694	4694	0	2	2
2010-08-04	4694	4800	4829	4800	4802	4807	113	8	4
2010-08-05	4807				4807	4807	0		4
2010-08-06	4807	4872	4872	4847	4847	4859	52	4	6
2010-08-09	4859	4765	4896	4765	4896	4830	-29	4	6
2010-08-10	4830	4837	4837	4837	4837	4837	7	2	6
2010-08-11	4837	4757	4757	4757	4757	4757	-80	2	8
2010-08-12	4757	4755	4790	4755	4790	4778	21	14	12
2010-08-13	4778	4774	4774	4774	4774	4774	-4	2	14
2010-08-16	4774	4760	4855	4760	4850	4807	33	8	14
2010-08-17	4807				4807	4807	0		14
2010-08-18	4807				4807	4807	0		14
2010-08-19	4807	4887	4887	4864	4887	4881	74	8	18
2010-08-20	4881	4766	4766	4766	4766	4766	-115	2	20
2010-08-23	4766				4766	4766	0		20
2010-08-24	4766	4746	4751	4735	4751	4741	-25	10	20
2010-08-25	4741	4765	4799	4765	4799	4781	40	90	90
2010-08-26	4781	4840	4860	4820	4820	4833	52	34	108
2010-08-27	4833	4833	4833	4820	4830	4825	-8	10	112
2010-08-30	4825	4885	4920	4860	4875	4884	59	44	130
2010-08-31	4884	4826	4838	4796	4838	4816	-68	40	128
2010-09-01	4816	4785	4847	4758	4769	4790	-26	474	34
2010-09-02	4790	4826	4826	4799	4799	4807	17	8	36
2010-09-03	4807	4809	4809	4786	4793	4793	-14	10	34
2010-09-06	4793	4808	4815	4806	4807	4808	15	18	28
2010-09-07	4808	4819	4819	4801	4801	4811	3	10	30
2010-09-08	4811	4838	4838	4821	4822	4823	12	18	40
2010-09-09	4823	4787	4787	4705	4760	4751	-72	36	46
2010-09-10	4751	4834	4834	4834	4834	4834	83	2	46
2010-09-13	4834	4893	4893	4844	4854	4859	25	10	40
2010-09-14	4859				4844	4844	-15		40
2010-09-15	4844	4740	4787	4740	4773	4772	-72	32	38
2010-09-16	4772	4775	4790	4775	4790	4785	13	10	46
2010-09-17	4785	4782	4824	4782	4821	4792	7	86	102
2010-09-20	4792	4804	4804	4801	4801	4802	10	6	98
2010-09-21	4802	4807	4828	4806	4817	4816	14	14	100
2010-09-27	4816	4829	4877	4829	4833	4850	34	18	98
2010-09-28	4850	4832	4832	4770	4819	4785	-65	26	84
2010-09-29	4785	4920	4920	4790	4846	4837	52	12	86
2010-09-30	4837				4837	4837	0		86
2010-10-08	4837				4837	4837	0		86
2010-10-11	4837	4991	5076	4953	5030	5039	202	396	156
2010-10-12	5039	4996	5059	4965	5018	5023	-16	132	162
2010-10-13	5023	5058	5128	5034	5128	5084	61	232	162
2010-10-14	5084	5179	5180	5117	5156	5149	65	72	188
2010-10-15	5149	5085	5150	5076	5092	5110	-39	598	112
2010-10-18	5110	5051	5058	5005	5050	5046	-64	78	144
2010-10-19	5046	5070	5120	5055	5090	5088	42	14	146
2010-10-20	5088	5047	5047	5037	5037	5044	-44	8	146
2010-10-21	5044				5027	5027	-17		146
2010-10-22	5027	5080	5098	5074	5098	5083	56	8	152
2010-10-25	5083	5178	5179	5143	5179	5160	77	26	162
2010-10-26	5160	5180	5189	5147	5148	5165	5	26	174
2010-10-27	5165	5081	5089	5060	5060	5079	-86	10	172
2010-10-28	5079	5040	5138	5040	5110	5101	22	16	180
2010-10-29	5101				5101	5101	0		180
2010-11-01	5101	5114	5114	5090	5090	5094	-7	12	178
2010-11-02	5094	5192	5192	5132	5152	5148	54	12	180
2010-11-03	5148	5138	5138	5138	5138	5138	-10	2	180
2010-11-04	5138	5167	5199	5159	5163	5177	39	52	180
2010-11-05	5177	5351	5351	5340	5340	5345	168	4	180
2010-11-08	5345	5387	5387	5322	5369	5371	26	16	182
2010-11-09	5371	5286	5410	5286	5409	5389	18	12	178
2010-11-10	5389	5523	5523	5334	5388	5441	52	30	186
2010-11-11	5441	5445	5451	5445	5450	5448	7	12	196
2010-11-12	5448	5379	5379	5176	5180	5223	-225	36	190
2010-11-15	5223	4961	5216	4961	5183	5104	-119	150	140
2010-11-16	5104				5110	5110	6		140
2010-11-17	5110				5101	5101	-9		140
2010-11-18	5101	4967	4967	4967	4967	4967	-134	2	142
2010-11-19	4967	5098	5098	5068	5077	5082	115	16	140
2010-11-22	5082	5156	5165	4976	5165	5068	-14	8	140
2010-11-23	5068	5051	5051	4951	4957	4993	-75	18	140
2010-11-24	4993				4993	4993	0		140
2010-11-25	4993	5118	5118	5021	5037	5071	78	14	148
2010-11-26	5071	5005	5005	5005	5005	5005	-66	2	148
2010-11-29	5005	5000	5029	5000	5029	5009	4	6	146
2010-11-30	5009	5084	5084	5061	5061	5074	65	8	150
2010-12-01	5074				5074	5074	0		150
2010-12-02	5074	5122	5122	5122	5122	5122	48	2	150
2010-12-03	5122				5122	5122	0		150
2010-12-06	5122	5125	5202	5125	5200	5194	72	26	142
2010-12-07	5194	5134	5166	5134	5166	5158	-36	8	142
2010-12-08	5158	5131	5131	5116	5116	5127	-31	10	146
2010-12-09	5127				5135	5135	8		146
2010-12-10	5135				5135	5135	0		146
2010-12-13	5135	5135	5199	5135	5199	5177	42	6	142
2010-12-14	5177	5202	5246	5195	5195	5214	37	6	142
2010-12-15	5214	5159	5159	5159	5159	5159	-55	4	142
2010-12-16	5159	5272	5272	5175	5175	5223	64	4	144
2010-12-17	5223	5185	5185	5185	5185	5185	-38	6	142
2010-12-20	5185	5217	5217	5180	5180	5198	13	4	142
2010-12-21	5198	5198	5198	5198	5198	5198	0	2	140
2010-12-22	5198	5227	5227	5227	5227	5227	29	4	138
2010-12-23	5227	5230	5230	5214	5227	5223	-4	12	134
2010-12-24	5223	5220	5220	5220	5220	5220	-3	4	130
2010-12-27	5220				5220	5220	0		130
2010-12-28	5220	5200	5200	5200	5200	5200	-20	2	130
2010-12-29	5200				5147	5147	-53		130
2010-12-30	5147				5147	5147	0		130
2010-12-31	5147	5110	5119	5110	5119	5114	-33	4	128
2011-01-04	5114	5167	5167	5167	5167	5167	53	2	130
2011-01-05	5167	5115	5115	5106	5106	5110	-57	4	130
2011-01-06	5110				5110	5110	0		130
2011-01-07	5110	5074	5074	5074	5074	5074	-36	2	130
2011-01-10	5074				5074	5074	0		130
2011-01-11	5074	5040	5078	5037	5078	5053	-21	16	130
2011-01-12	5053	5065	5065	5065	5065	5065	12	2	128
2011-01-13	5065	5150	5150	4762	5065	4981	-84	16	128
2011-01-14	4981	5040	5040	5020	5040	5037	56	16	130
2011-01-17	5037				5037	5037	0		130
2011-01-18	5037				5037	5037	0		130
2011-01-19	5037				5060	5060	23		130
2011-01-20	5060				5060	5060	0		130
2011-01-21	5060	4995	4995	4989	4989	4992	-68	4	130
2011-01-24	4992	4979	4997	4970	4971	4978	-14	62	134
2011-01-25	4978	4971	4971	4870	4870	4877	-101	28	146
2011-01-26	4877	4844	4858	4841	4858	4848	-29	18	154
2011-01-27	4848	4870	4879	4870	4870	4872	24	8	156
2011-01-28	4872	4839	4877	4839	4877	4862	-10	6	156
2011-01-31	4862	4932	4940	4932	4940	4933	71	16	148
2011-02-01	4933	4936	4959	4935	4959	4942	9	12	148
2011-02-09	4942				4942	4942	0		148
2011-02-10	4942	4950	4960	4948	4960	4955	13	36	170
2011-02-11	4955	4975	4975	4962	4962	4971	16	8	174
2011-02-14	4971	4931	4958	4930	4958	4932	-39	40	162
2011-02-15	4932	4984	4989	4980	4980	4985	53	16	170
2011-02-16	4985	4946	4949	4930	4949	4936	-49	44	150
2011-02-17	4936				4940	4940	4		150
2011-02-18	4940	4970	4970	4970	4970	4970	30	2	150
2011-02-21	4970	4984	4986	4982	4986	4983	13	14	160
2011-02-22	4983	5030	5030	5030	5030	5030	47	12	160
2011-02-23	5030	4994	5009	4994	5009	5002	-28	6	162
2011-02-24	5002	5062	5082	5046	5058	5062	60	8	162
2011-02-25	5062	5050	5050	5030	5050	5047	-15	16	172
2011-02-28	5047				5061	5061	14		172
2011-03-01	5061				5050	5050	-11		172
2011-03-02	5050				5050	5050	0		172
2011-03-03	5050	5060	5060	5050	5050	5051	1	14	160
2011-03-04	5051	5051	5051	5022	5022	5036	-15	8	164
2011-03-07	5036	5050	5051	5050	5051	5050	14	4	166
2011-03-08	5050	5045	5045	5015	5015	5026	-24	70	138
2011-03-09	5026	5011	5016	5007	5007	5009	-17	48	178
2011-03-10	5009				5009	5009	0		178
2011-03-11	5009	4960	4960	4940	4940	4948	-61	12	180
2011-03-14	4948	4831	4899	4831	4890	4886	-62	64	178
2011-03-15	4886	4876	4876	4831	4855	4866	-20	42	176
2011-03-16	4866	4835	4844	4791	4812	4820	-46	56	164
2011-03-17	4820	4819	4930	4819	4845	4842	22	14	162
2011-03-18	4842	4900	4900	4890	4890	4892	50	58	204
2011-03-21	4892	4930	4952	4925	4925	4938	46	32	212
2011-03-22	4938	4892	4929	4892	4918	4915	-23	26	200
2011-03-23	4915	4915	4937	4915	4923	4927	12	30	186
2011-03-24	4927				4926	4926	-1		186
2011-03-25	4926	4910	4910	4898	4899	4901	-25	20	178
2011-03-28	4901	4882	4882	4882	4882	4882	-19	8	172
2011-03-29	4882	4850	4859	4850	4857	4852	-30	14	170
2011-03-30	4852	4875	4875	4865	4866	4868	16	6	170
2011-03-31	4868	4850	4850	4843	4848	4846	-22	14	172
2011-04-01	4846	4863	4870	4863	4870	4867	21	8	172
2011-04-06	4867	4890	4900	4890	4900	4897	30	12	164
2011-04-07	4897	4916	4916	4916	4916	4916	19	2	164
2011-04-08	4916	5020	5020	4960	4973	4962	46	108	254
2011-04-11	4962	4997	5013	4979	4979	4993	31	118	224
2011-04-12	4993	4923	4925	4888	4925	4918	-75	134	138
2011-04-13	4918	4885	4919	4885	4919	4911	-7	108	230
2011-04-14	4911	4903	4907	4903	4907	4906	-5	18	228
2011-04-15	4906	4909	4909	4902	4902	4905	-1	4	224
2011-04-18	4905	4886	4906	4886	4900	4899	-6	58	182
2011-04-19	4899	4860	4864	4842	4842	4858	-41	82	174
2011-04-20	4858	4860	4885	4860	4865	4869	11	34	176
2011-04-21	4869	4900	4900	4889	4889	4893	24	106	116
2011-04-22	4893	4899	4899	4899	4899	4899	6	2	114
2011-04-25	4899	4898	4898	4886	4886	4887	-12	24	132
2011-04-26	4887	4803	4880	4803	4880	4860	-27	34	116
2011-04-27	4860	4880	4894	4880	4887	4887	27	24	132
2011-04-28	4887	4914	4915	4901	4901	4909	22	14	136
2011-04-29	4909	4902	4902	4894	4894	4896	-13	14	126
2011-05-03	4896	4899	4900	4887	4898	4896	0	22	122
2011-05-04	4896				4873	4873	-23		122
2011-05-05	4873	4855	4862	4849	4856	4855	-18	52	98
2011-05-06	4855	4762	4811	4762	4811	4796	-59	42	92
2011-05-09	4796	4818	4835	4810	4835	4831	35	46	116
2011-05-10	4831	4854	4855	4854	4854	4854	23	38	110
2011-05-11	4854	4896	4896	4886	4886	4891	37	32	90
2011-05-12	4891	4850	4877	4850	4877	4858	-33	16	90
2011-05-13	4858				4870	4870	12		90
2011-05-16	4870	4870	4886	4870	4886	4876	6	12	86
2011-05-17	4876	4873	4873	4872	4872	4872	-4	14	94
2011-05-18	4872	4890	4890	4890	4890	4890	18	4	98
2011-05-19	4890	4899	4899	4882	4885	4890	0	72	74
2011-05-20	4890	4907	4907	4907	4907	4907	17	2	72
2011-05-23	4907	4920	4928	4916	4928	4921	14	6	74
2011-05-24	4921	4920	4948	4920	4923	4923	2	32	72
2011-05-25	4923	4944	4946	4944	4946	4945	22	4	72
2011-05-26	4945	4956	4956	4956	4956	4956	11	2	74
2011-05-27	4956				4848	4848	-108		74
2011-05-30	4848	4888	4970	4888	4970	4956	108	22	70
2011-05-31	4956	4971	4980	4968	4972	4972	16	10	68
2011-06-01	4972	4978	4978	4951	4959	4954	-18	46	102
2011-06-02	4954				4959	4954	0		102
2011-06-03	4954	4955	4962	4954	4962	4956	2	24	104
2011-06-07	4956	4953	4953	4953	4953	4953	-3	2	102
2011-06-08	4953				4953	4953	0		102
2011-06-09	4953	5001	5016	5001	5002	5007	54	26	106
2011-06-10	5007	4999	5000	4982	4987	4987	-20	26	96
2011-06-13	4987				4986	4986	-1		96
2011-06-14	4986	4968	4968	4938	4953	4951	-35	18	96
2011-06-15	4951	4960	4968	4960	4965	4964	13	100	184
2011-06-16	4964	4913	4942	4912	4942	4921	-43	14	184
2011-06-17	4921				4942	4921	0		184
2011-06-20	4921	4900	4917	4891	4901	4903	-18	24	182
2011-06-21	4903	4906	4933	4906	4933	4924	21	6	176
2011-06-22	4924				4924	4924	0		176
2011-06-23	4924	4927	4927	4927	4927	4927	3	4	172
2011-06-24	4927	4930	4950	4930	4930	4932	5	16	162
2011-06-27	4932	5000	5000	4876	4929	4935	3	12	158
2011-06-28	4935	4900	4910	4900	4910	4905	-30	16	150
2011-06-29	4905	4905	4955	4905	4955	4939	34	14	146
2011-06-30	4939	4658	4958	4658	4958	4825	-114	16	140
2011-07-01	4825				4825	4825	0		140
2011-07-04	4825				4825	4825	0		140
2011-07-05	4825				4825	4825	0		140
2011-07-06	4825				4825	4825	0		140
2011-07-07	4825				4825	4825	0		140
2011-07-08	4825				4825	4825	0		140
2011-07-11	4825				4825	4825	0		140
2011-07-12	4825				4825	4825	0		140
2011-07-13	4825				4825	4825	0		140
2011-07-14	4825				4825	4825	0		140
2011-07-15	4825				4825	4825	0		140
2011-07-18	4825				4825	4825	0		140
2011-07-19	4825				4825	4825	0		140
2011-07-20	4825				4825	4825	0		140
2011-07-21	4825				4825	4825	0		140
2011-07-22	4825				4825	4825	0		140
2011-07-25	4825				4825	4825	0		140
2011-07-26	4825				4825	4825	0		140
2011-07-27	4825				4825	4825	0		140
2011-07-28	4825				4825	4825	0		140
2011-07-29	4825				4825	4825	0		140
