2011-09-01					5239	5239	0		
2011-09-02	5239				5239	5239	0		
2011-09-05	5239				5148	5148	-91		
2011-09-06	5148				5120	5120	-28		
2011-09-07	5120				5140	5140	20		
2011-09-08	5140				5289	5289	149		
2011-09-09	5289				5273	5273	-16		
2011-09-13	5273				5241	5241	-32		
2011-09-14	5241				5234	5234	-7		
2011-09-15	5234				5229	5229	-5		
2011-09-16	5229				5241	5241	12		
2011-09-19	5241				5214	5214	-27		
2011-09-20	5214				5195	5195	-19		
2011-09-21	5195				5123	5123	-72		
2011-09-22	5123				5131	5131	8		
2011-09-23	5131				4970	4970	-161		
2011-09-26	4970				4924	4924	-46		
2011-09-27	4924				4932	4932	8		
2011-09-28	4932	5120	5120	4810	4810	4965	33	4	
2011-09-29	4965				4935	4935	-30		
2011-09-30	4935				4938	4938	3		
2011-10-10	4938				4960	4960	22		
2011-10-11	4960				4958	4958	-2		
2011-10-12	4958				4934	4934	-24		
2011-10-13	4934				4912	4912	-22		
2011-10-14	4912				4915	4915	3		
2011-10-17	4915				4946	4946	31		
2011-10-18	4946				4995	4995	49		
2011-10-19	4995				4926	4926	-69		
2011-10-20	4926				4898	4898	-28		
2011-10-21	4898				4942	4942	44		
2011-10-24	4942				5035	5035	93		
2011-10-25	5035				5045	5045	10		
2011-10-26	5045				5048	5048	3		
2011-10-27	5048				5124	5124	76		
2011-10-28	5124				5098	5098	-26		
2011-10-31	5098				5005	5005	-93		
2011-11-01	5005				5005	5005	0		
2011-11-02	5005				5010	5010	5		
2011-11-03	5010				5011	5011	1		
2011-11-04	5011				5035	5035	24		
2011-11-07	5035	5337	5337	4976	4976	5156	121	8	
2011-11-08	5156				5156	5156	0		
2011-11-09	5156				5178	5178	22		
2011-11-10	5178				5147	5147	-31		
2011-11-11	5147				5174	5174	27		
2011-11-14	5174				5213	5213	39		
2011-11-15	5213				5202	5202	-11		
2011-11-16	5202				5217	5217	15		
2011-11-17	5217				5217	5217	0		
2011-11-18	5217				5206	5206	-11		
2011-11-21	5206				5206	5206	0		
2011-11-22	5206				5203	5203	-3		
2011-11-23	5203				5272	5272	69		
2011-11-24	5272				5272	5272	0		
2011-11-25	5272				5288	5288	16		
2011-11-28	5288				5288	5288	0		
2011-11-29	5288				5336	5336	48		
2011-11-30	5336				5349	5349	13		
2011-12-01	5349				5364	5364	15		
2011-12-02	5364				5368	5368	4		
2011-12-05	5368				5371	5371	3		
2011-12-06	5371				5500	5500	129		
2011-12-07	5500				5498	5498	-2		
2011-12-08	5498				5491	5491	-7		
2011-12-09	5491				5467	5467	-24		
2011-12-12	5467				5248	5248	-219		
2011-12-13	5248				5231	5231	-17		
2011-12-14	5231				5247	5247	16		
2011-12-15	5247				5168	5168	-79		
2011-12-16	5168				5182	5182	14		
2011-12-19	5182				5180	5180	-2		
2011-12-20	5180				5182	5182	2		
2011-12-21	5182				5242	5242	60		
2011-12-22	5242				5261	5261	19		
2011-12-23	5261				5338	5338	77		
2011-12-26	5338				5326	5326	-12		
2011-12-27	5326				5332	5332	6		
2011-12-28	5332				5351	5351	19		
2011-12-29	5351				5327	5327	-24		
2011-12-30	5327				5269	5269	-58		
2012-01-04	5269				5429	5429	160		
2012-01-05	5429				5392	5392	-37		
2012-01-06	5392	5071	5071	5071	5071	5071	-321	2	2
2012-01-09	5071	5375	5375	5375	5375	5375	304	2	
2012-01-10	5375				5374	5374	-1		
2012-01-11	5374				5450	5450	76		
2012-01-12	5450				5448	5448	-2		
2012-01-13	5448				5437	5437	-11		
2012-01-16	5437				5448	5448	11		
2012-01-17	5448				5477	5477	29		
2012-01-18	5477				5538	5538	61		
2012-01-19	5538				5577	5577	39		
2012-01-20	5577				5573	5573	-4		
2012-01-30	5573				5567	5567	-6		
2012-01-31	5567				5232	5232	-335		
2012-02-01	5232				5222	5222	-10		
2012-02-02	5222				5380	5380	158		
2012-02-03	5380				5380	5380	0		
2012-02-06	5380				5360	5360	-20		
2012-02-07	5360				5355	5355	-5		
2012-02-08	5355				5385	5385	30		
2012-02-09	5385				5695	5695	310		
2012-02-10	5695				5625	5625	-70		
2012-02-13	5625				5698	5698	73		
2012-02-14	5698				5686	5686	-12		
2012-02-15	5686				5696	5696	10		
2012-02-16	5696	5581	5582	5580	5580	5581	-115	6	6
2012-02-17	5581				5594	5594	13		6
2012-02-20	5594	5299	5299	5299	5299	5299	-295	6	2
2012-02-21	5299	5440	5440	5414	5414	5427	128	4	2
2012-02-22	5427				5427	5427	0		2
2012-02-23	5427	5440	5440	5440	5440	5440	13	2	2
2012-02-24	5440	5464	5464	5464	5464	5464	24	2	4
2012-02-27	5464				5464	5464	0		4
2012-02-28	5464				5464	5464	0		4
2012-02-29	5464				5464	5464	0		4
2012-03-01	5464				5464	5464	0		4
2012-03-02	5464	5451	5451	5449	5450	5449	-15	8	10
2012-03-05	5449	5447	5447	5447	5447	5447	-2	2	10
2012-03-06	5447	5428	5466	5427	5466	5437	-10	8	16
2012-03-07	5437	5450	5462	5444	5461	5457	20	14	26
2012-03-08	5457	5446	5454	5440	5450	5449	-8	48	56
2012-03-09	5449	5465	5475	5465	5471	5470	21	6	60
2012-03-12	5470	5458	5462	5454	5462	5458	-12	34	94
2012-03-13	5458	5460	5479	5460	5479	5472	14	10	102
2012-03-14	5472	5490	5490	5463	5463	5475	3	14	112
2012-03-15	5475	5474	5474	5461	5470	5469	-6	10	114
2012-03-16	5469	5461	5467	5461	5467	5464	-5	8	118
2012-03-19	5464	5478	5480	5478	5480	5479	15	12	124
2012-03-20	5479	5500	5500	5470	5470	5478	-1	30	148
2012-03-21	5478	5487	5487	5450	5469	5458	-20	48	158
2012-03-22	5458	5479	5505	5479	5497	5492	34	120	230
2012-03-23	5492	5503	5528	5501	5528	5512	20	40	254
2012-03-26	5512	5509	5520	5509	5519	5514	2	14	256
2012-03-27	5514	5516	5568	5516	5568	5552	38	56	278
2012-03-28	5552	5588	5588	5558	5558	5579	27	30	292
2012-03-29	5579	5575	5606	5542	5577	5562	-17	60	308
2012-03-30	5562	5502	5565	5502	5560	5549	-13	30	308
2012-04-05	5549	5550	5550	5530	5538	5544	-5	42	318
2012-04-06	5544	5541	5554	5540	5554	5545	1	20	322
2012-04-09	5545	5543	5563	5542	5546	5549	4	22	324
2012-04-10	5549	5540	5540	5516	5526	5527	-22	36	326
2012-04-11	5527	5510	5510	5491	5500	5500	-27	46	324
2012-04-12	5500	5510	5514	5510	5514	5511	11	8	324
2012-04-13	5511	5566	5566	5509	5539	5524	13	12	324
2012-04-16	5524	5501	5535	5475	5475	5494	-30	48	324
2012-04-17	5494	5501	5501	5500	5500	5500	6	4	326
2012-04-18	5500	5508	5565	5470	5512	5513	13	116	310
2012-04-19	5513	5512	5512	5490	5494	5496	-17	30	316
2012-04-20	5496	5500	5506	5492	5506	5499	3	32	314
2012-04-23	5499	5505	5520	5502	5505	5509	10	50	336
2012-04-24	5509	5510	5511	5454	5473	5473	-36	108	312
2012-04-25	5473	5479	5488	5479	5488	5482	9	22	310
2012-04-26	5482	5479	5479	5443	5443	5453	-29	92	334
2012-04-27	5453	5458	5458	5430	5435	5439	-14	34	330
2012-05-02	5439	5485	5485	5454	5458	5460	21	26	324
2012-05-03	5460	5439	5439	5365	5410	5417	-43	44	346
2012-05-04	5417	5371	5470	5371	5448	5430	13	62	338
2012-05-07	5430	5322	5360	5300	5305	5322	-108	70	344
2012-05-08	5322	5302	5329	5302	5308	5309	-13	56	342
2012-05-09	5309	5300	5300	5211	5299	5271	-38	118	376
2012-05-10	5271	5295	5326	5288	5310	5303	32	52	356
2012-05-11	5303	5274	5294	5210	5220	5239	-64	86	380
2012-05-14	5239	5211	5250	5210	5218	5229	-10	44	386
2012-05-15	5229	5228	5395	5211	5229	5262	33	170	400
2012-05-16	5262	5216	5220	5140	5140	5173	-89	50	418
2012-05-17	5173	5175	5178	5135	5178	5167	-6	30	420
2012-05-18	5167	5113	5140	5104	5120	5120	-47	62	414
2012-05-21	5120	5158	5158	5100	5150	5126	6	44	422
2012-05-22	5126	5186	5186	5139	5143	5150	24	24	426
2012-05-23	5150	5061	5105	5061	5080	5086	-64	14	424
2012-05-24	5086				5086	5086	0		424
2012-05-28	5097	5068	5104	5061	5061	5082	-15	92	442
2012-05-29	5082	5060	5062	5020	5020	5050	-32	102	468
2012-05-30	5050	5000	5000	4934	4934	4966	-84	74	502
2012-05-31	4966	4852	4868	4840	4860	4859	-107	148	520
2012-06-01	4859	4853	4865	4833	4834	4847	-12	110	524
2012-06-04	4847	4738	4755	4640	4666	4704	-143	134	546
2012-06-05	4704	4750	4840	4685	4700	4735	31	106	550
2012-06-06	4735	4695	4723	4637	4660	4680	-55	50	556
2012-06-07	4680	4740	4740	4678	4700	4699	19	86	532
2012-06-08	4699	4689	4689	4626	4686	4655	-44	62	516
2012-06-11	4655	4750	4760	4710	4732	4735	80	84	482
2012-06-12	4735	4675	4700	4665	4700	4686	-49	52	472
2012-06-13	4686	4720	4750	4702	4750	4727	41	28	458
2012-06-14	4727	4710	4745	4705	4721	4722	-5	18	462
2012-06-15	4722	4706	4750	4690	4745	4719	-3	148	462
2012-06-18	4719	4778	4778	4720	4741	4744	25	130	456
2012-06-19	4744	4726	4749	4701	4701	4731	-13	24	460
2012-06-20	4731	4711	4720	4703	4712	4712	-19	16	458
2012-06-21	4712	4657	4658	4620	4621	4634	-78	52	474
2012-06-25	4634	4620	4625	4615	4621	4620	-14	136	442
2012-06-26	4620	4629	4630	4606	4629	4618	-2	12	438
2012-06-27	4618	4635	4635	4610	4611	4615	-3	38	436
2012-06-28	4615	4630	4637	4617	4637	4628	13	10	438
2012-06-29	4628	4610	4628	4601	4628	4612	-16	30	436
2012-07-02	4612	4660	4729	4660	4683	4677	65	82	416
2012-07-03	4677	4657	4700	4656	4700	4684	7	72	414
2012-07-04	4684	4723	4746	4691	4710	4718	34	62	410
2012-07-05	4718	4710	4710	4687	4709	4701	-17	28	412
2012-07-06	4701	4700	4709	4685	4709	4700	-1	38	396
2012-07-09	4700	4671	4745	4671	4745	4722	22	74	378
2012-07-10	4722	4726	4726	4670	4720	4703	-19	80	352
2012-07-11	4703	4694	4706	4657	4704	4692	-11	32	340
2012-07-12	4692	4677	4709	4677	4699	4689	-3	14	342
2012-07-13	4689	4718	4718	4678	4689	4684	-5	58	318
2012-07-16	4684	4749	4749	4684	4704	4698	14	28	304
2012-07-17	4698	4729	4754	4729	4745	4744	46	80	258
2012-07-18	4744	4511	4752	4511	4749	4731	-13	42	242
2012-07-19	4731	4746	4791	4746	4782	4763	32	10	242
2012-07-20	4763	4809	4819	4790	4809	4804	41	48	222
2012-07-23	4804	4780	4815	4770	4781	4792	-12	24	210
2012-07-24	4792	4741	4795	4741	4795	4772	-20	10	210
2012-07-25	4772	4814	4814	4781	4792	4799	27	34	196
2012-07-26	4799	4799	4799	4787	4799	4796	-3	8	196
2012-07-27	4796	4800	4800	4790	4795	4793	-3	16	188
2012-07-30	4793	4815	4815	4770	4786	4790	-3	68	172
2012-07-31	4790	4781	4794	4781	4792	4790	0	8	164
2012-08-01	4790	4780	4800	4780	4800	4790	0	48	118
2012-08-02	4790	4795	4868	4794	4815	4813	23	18	106
2012-08-03	4813	4800	4877	4790	4800	4807	-6	26	96
2012-08-06	4807				4821	4821	14		96
2012-08-07	4821	4850	4850	4830	4830	4835	14	18	82
2012-08-08	4835	4889	4889	4832	4839	4852	17	20	78
2012-08-09	4852	4820	4830	4820	4821	4822	-30	8	76
2012-08-10	4822	4826	4849	4810	4830	4826	4	16	72
2012-08-13	4826	4740	4849	4740	4820	4814	-12	44	72
2012-08-14	4814	4865	4865	4820	4830	4833	19	14	70
2012-08-15	4833	4885	4912	4874	4912	4885	52	10	68
2012-08-16	4885	4866	4925	4866	4925	4895	10	4	66
2012-08-17	4895	4885	4885	4885	4885	4885	-10	2	64
2012-08-20	4885				4885	4885	0		64
2012-08-21	4885				4885	4885	0		64
2012-08-22	4885	4868	4933	4868	4868	4883	-2	14	58
2012-08-23	4883				4868	4883	0		58
2012-08-24	4883				4883	4883	0		58
2012-08-27	4883	4920	4920	4877	4910	4902	19	6	54
2012-08-28	4902	4918	4970	4905	4970	4943	41	18	54
2012-08-29	4943				4943	4943	0		54
2012-08-30	4943	4870	4950	4870	4950	4930	-13	8	54
2012-08-31	4930				4930	4930	0		54
