2009-01-05	?	3273	3274	3166	3216	3234	?	28	12
2009-01-06	3234	3365	3365	3230	3230	3289	55	16	16
2009-01-07	3289	3207	3361	3207	3261	3284	-5	12	18
2009-01-08	3284	3315	3315	3128	3128	3214	-70	8	20
2009-01-09	3214	3310	3310	3290	3290	3296	82	6	18
2009-01-12	3296	3250	3260	3250	3260	3257	-39	12	26
2009-01-13	3257	3260	3260	3148	3245	3210	-47	12	28
2009-01-14	3210	3288	3288	3268	3268	3278	68	4	26
2009-01-15	3278	3250	3275	3250	3275	3262	-16	4	28
2009-01-16	3262	3380	3388	3380	3388	3383	121	12	38
2009-01-19	3383	3395	3395	3282	3369	3350	-33	18	40
2009-01-20	3350	3350	3350	3350	3350	3350	0	4	36
2009-01-21	3350	?	?	?	3350	3350	0	?	36
2009-01-22	3350	3330	3363	3324	3363	3340	-10	26	36
2009-01-23	3340	3210	3310	3210	3310	3260	-80	4	38
2009-02-02	3260	3350	3350	3350	3350	3350	90	2	36
2009-02-03	3350	3351	3445	3340	3445	3375	25	16	48
2009-02-04	3375	3480	3543	3450	3450	3489	114	10	52
2009-02-05	3489	3430	3440	3430	3440	3437	-52	8	54
2009-02-06	3437	3522	3575	3522	3575	3564	127	10	48
2009-02-09	3564	3570	3628	3570	3628	3592	28	6	50
2009-02-10	3592	3590	3620	3580	3580	3597	5	42	70
2009-02-11	3597	3514	3580	3439	3486	3525	-72	66	100
2009-02-12	3525	3430	3520	3430	3481	3468	-57	58	108
2009-02-13	3468	3421	3553	3421	3510	3497	29	24	112
2009-02-16	3497	3501	3501	3430	3460	3468	-29	62	118
2009-02-17	3468	3381	3465	3381	3425	3439	-29	18	122
2009-02-18	3439	3330	3330	3276	3307	3301	-138	12	128
2009-02-19	3301	3220	3330	3218	3249	3266	-35	48	142
2009-02-20	3266	3393	3393	3283	3318	3336	70	14	148
2009-02-23	3336	3377	3480	3354	3460	3404	68	48	138
2009-02-24	3404	3429	3429	3360	3389	3388	-16	24	136
2009-02-25	3388	3459	3459	3385	3386	3414	26	12	138
2009-02-26	3414	3407	3437	3393	3393	3416	2	16	136
2009-02-27	3416	3419	3419	3344	3344	3396	-20	14	142
2009-03-02	3396	3373	3395	3266	3270	3323	-73	62	138
2009-03-03	3323	3225	3273	3200	3255	3226	-97	30	142
2009-03-04	3226	3253	3253	3232	3232	3245	19	14	144
2009-03-05	3245	3340	3350	3310	3313	3330	85	94	182
2009-03-06	3330	3311	3343	3311	3323	3327	-3	14	188
2009-03-09	3327	3366	3389	3330	3340	3363	36	46	208
2009-03-10	3363	3360	3400	3360	3386	3376	13	34	236
2009-03-11	3376	3386	3398	3355	3355	3384	8	22	236
2009-03-12	3384	3322	3322	3299	3320	3312	-72	26	244
2009-03-13	3312	3416	3420	3333	3346	3381	69	76	254
2009-03-16	3381	3340	3360	3316	3316	3346	-35	54	234
2009-03-17	3346	3347	3404	3347	3390	3387	41	64	260
2009-03-18	3387	3430	3460	3415	3420	3437	50	64	304
2009-03-19	3437	3420	3475	3389	3392	3427	-10	100	334
2009-03-20	3427	3500	3507	3280	3280	3415	-12	128	380
2009-03-23	3415	3500	3585	3490	3550	3550	135	102	446
2009-03-24	3550	3636	3636	3533	3551	3573	23	110	438
2009-03-25	3573	3535	3550	3472	3472	3524	-49	62	436
2009-03-26	3524	3472	3563	3472	3563	3542	18	90	462
2009-03-27	3542	3600	3600	3535	3535	3562	20	172	458
2009-03-30	3562	3512	3536	3510	3521	3514	-48	46	432
2009-03-31	3514	3502	3549	3502	3529	3536	22	40	434
2009-04-01	3536	3532	3554	3532	3532	3537	1	42	450
2009-04-02	3537	3532	3610	3532	3607	3588	51	132	470
2009-04-03	3588	3656	3697	3631	3631	3670	82	244	360
2009-04-07	3670	3598	3700	3593	3686	3663	-7	100	364
2009-04-08	3663	3599	3688	3566	3601	3624	-39	206	380
2009-04-09	3624	3550	3665	3550	3665	3631	7	104	426
2009-04-10	3631	3695	3760	3685	3750	3728	97	116	516
2009-04-13	3728	3770	3828	3762	3762	3786	58	70	506
2009-04-14	3786	3760	3776	3708	3769	3740	-46	92	482
2009-04-15	3740	3800	3836	3787	3836	3813	73	68	510
2009-04-16	3813	3870	3925	3858	3909	3901	88	140	486
2009-04-17	3901	3833	3937	3821	3822	3851	-50	180	440
2009-04-20	3851	3809	3887	3754	3784	3814	-37	260	490
2009-04-21	3814	3652	3685	3623	3623	3639	-175	234	610
2009-04-22	3639	3639	3660	3604	3635	3638	-1	136	538
2009-04-23	3638	3601	3669	3601	3647	3637	-1	58	538
2009-04-24	3637	3612	3689	3590	3596	3617	-20	114	516
2009-04-27	3617	3634	3649	3591	3593	3608	-9	130	536
2009-04-28	3608	3605	3621	3521	3521	3583	-25	84	532
2009-04-29	3583	3508	3587	3506	3587	3543	-40	78	534
2009-04-30	3543	3599	3608	3569	3597	3597	54	44	512
2009-05-04	3597	3668	3768	3665	3768	3706	109	194	490
2009-05-05	3706	3768	3768	3713	3715	3730	24	254	498
2009-05-06	3730	3745	3758	3717	3755	3743	13	50	512
2009-05-07	3743	3867	3867	3824	3829	3842	99	146	532
2009-05-08	3842	3850	3858	3813	3858	3836	-6	150	540
2009-05-11	3836	3848	3870	3751	3751	3808	-28	184	522
2009-05-12	3808	3801	3829	3760	3798	3786	-22	150	548
2009-05-13	3786	3839	3875	3811	3875	3847	61	106	526
2009-05-14	3847	3771	3785	3750	3785	3771	-76	56	542
2009-05-15	3771	3805	3812	3796	3810	3806	35	48	558
2009-05-18	3806	3749	3780	3730	3765	3747	-59	88	534
2009-05-19	3747	3830	3850	3785	3848	3816	69	110	508
2009-05-20	3816	3801	3840	3801	3807	3821	5	54	508
2009-05-21	3821	3829	3850	3825	3830	3835	14	62	518
2009-05-22	3835	3840	3869	3840	3852	3851	16	68	520
2009-05-25	3851	3850	3877	3850	3860	3859	8	28	528
2009-05-26	3859	3852	3853	3817	3817	3831	-28	120	494
2009-05-27	3831	3850	3870	3842	3855	3852	21	46	494
2009-06-01	3852	3950	3980	3950	3980	3964	112	44	502
2009-06-02	3964	3976	3976	3938	3941	3956	-8	74	526
2009-06-03	3956	3935	3980	3935	3970	3958	2	36	516
2009-06-04	3958	3940	3957	3940	3951	3949	-9	62	522
2009-06-05	3949	4000	4032	3981	4032	3999	50	116	524
2009-06-08	3999	4022	4022	3964	3974	3993	-6	122	556
2009-06-09	3993	3990	4020	3972	4020	3992	-1	80	552
2009-06-10	3992	4032	4050	4002	4022	4026	34	156	574
2009-06-11	4026	4022	4035	4013	4035	4021	-5	26	566
2009-06-12	4021	4062	4062	3980	3980	4013	-8	142	602
2009-06-15	4013	3972	3980	3913	3944	3952	-61	186	582
2009-06-16	3952	3928	3977	3926	3960	3963	11	146	536
2009-06-17	3963	3996	3996	3942	3970	3954	-9	56	542
2009-06-18	3954	3970	3989	3962	3978	3976	22	132	552
2009-06-19	3976	3978	3982	3973	3981	3977	1	28	554
2009-06-22	3977	3942	3955	3920	3920	3941	-36	74	554
2009-06-23	3941	3912	3912	3828	3860	3858	-83	196	516
2009-06-24	3858	3720	3882	3720	3874	3848	-10	242	500
2009-06-25	3848	3860	3900	3860	3883	3879	31	74	514
2009-06-26	3879	3900	3948	3900	3942	3930	51	160	534
2009-06-29	3930	3913	3919	3899	3903	3908	-22	144	516
2009-06-30	3908	3945	3991	3945	3978	3976	68	260	524
2009-07-01	3976	3951	3975	3951	3975	3963	-13	84	508
2009-07-02	3963	3965	3978	3945	3954	3962	-1	160	516
2009-07-03	3962	3864	3929	3864	3916	3907	-55	136	570
2009-07-06	3907	3896	3896	3740	3874	3811	-96	732	754
2009-07-07	3811	3899	3902	3877	3901	3888	77	470	544
2009-07-08	3888	3870	3870	3820	3860	3840	-48	202	566
2009-07-09	3840	3848	3848	3781	3845	3815	-25	1196	984
2009-07-10	3815	3720	3840	3720	3828	3815	0	458	1004
2009-07-13	3815	3875	3875	3788	3789	3830	15	568	936
2009-07-14	3830	3800	3829	3796	3829	3815	-15	188	946
2009-07-15	3815	3826	3870	3821	3858	3853	38	376	986
2009-07-16	3853	3870	3900	3870	3880	3883	30	144	968
2009-07-17	3883	3875	3881	3861	3866	3870	-13	78	958
2009-07-20	3870	3889	3935	3889	3935	3912	42	204	986
2009-07-21	3912	3941	3950	3910	3910	3925	13	204	974
2009-07-22	3925	3910	3923	3900	3909	3913	-12	124	958
2009-07-23	3913	3913	3919	3889	3908	3910	-3	174	978
2009-07-24	3910	3900	3951	3900	3951	3938	28	292	912
2009-07-27	3938	3960	3992	3958	3992	3979	41	146	910
2009-07-28	3979	3960	3986	3960	3980	3971	-8	222	896
2009-07-29	3971	3950	3961	3898	3898	3931	-40	332	952
2009-07-30	3931	3870	3915	3870	3915	3887	-44	252	956
2009-07-31	3887	3935	3999	3935	3976	3970	83	532	818
2009-08-03	3970	3998	4070	3990	4051	4025	55	400	810
2009-08-04	4025	4051	4068	4027	4035	4045	20	748	948
2009-08-05	4045	4045	4082	4026	4055	4051	6	378	916
2009-08-06	4051	4054	4054	4020	4036	4038	-13	194	866
2009-08-07	4038	4027	4032	4000	4009	4020	-18	402	768
2009-08-10	4020	4019	4220	4019	4190	4114	94	402	780
2009-08-11	4114	4180	4249	4176	4209	4203	89	400	780
2009-08-12	4203	4190	4309	4171	4242	4246	43	1042	864
2009-08-13	4246	4348	4380	4332	4345	4356	110	1086	1208
2009-08-14	4356	4345	4345	4251	4262	4287	-69	1256	1442
2009-08-17	4287	4220	4220	4072	4073	4116	-171	1482	1262
2009-08-18	4116	4073	4128	3995	4060	4055	-61	1718	1318
2009-08-19	4055	4097	4160	4010	4068	4099	44	1896	1240
2009-08-20	4099	4155	4197	4128	4176	4162	63	1636	1228
2009-08-21	4162	4160	4160	4089	4111	4110	-52	2104	1496
2009-08-24	4110	4157	4266	4157	4243	4228	118	2374	1794
2009-08-25	4228	4240	4240	4185	4205	4209	-19	1010	1880
2009-08-26	4209	4163	4240	4135	4228	4203	-6	1596	2052
2009-08-27	4203	4203	4229	4185	4203	4203	0	1478	2034
2009-08-28	4203	4237	4251	4218	4230	4234	31	1290	1938
2009-08-31	4234	4232	4233	4121	4123	4164	-70	2188	2244
2009-09-01	4164	4059	4140	4059	4134	4107	-57	1894	2498
2009-09-02	4107	4085	4085	4026	4064	4056	-51	3046	2818
2009-09-03	4056	4056	4101	4044	4100	4065	9	2750	3100
2009-09-04	4065	4082	4091	4065	4074	4078	13	2614	3248
2009-09-07	4078	4068	4078	4045	4052	4064	-14	4632	4178
2009-09-08	4064	4020	4106	4020	4106	4060	-4	3378	4180
2009-09-09	4060	4140	4218	4140	4182	4180	120	5002	4622
2009-09-10	4180	4184	4199	4161	4186	4178	-2	2970	4562
2009-09-11	4178	4178	4195	4141	4155	4170	-8	3212	5352
2009-09-14	4170	4000	4025	3962	3971	3983	-187	6580	5600
2009-09-15	3983	3983	4025	3983	3992	4000	17	4100	6356
2009-09-16	4000	4030	4061	4008	4054	4033	33	12036	10994
2009-09-17	4033	4100	4101	4070	4072	4087	54	6022	10924
2009-09-18	4087	4080	4080	4010	4014	4036	-51	5698	11532
2009-09-21	4036	4014	4039	4006	4022	4020	-16	8088	11672
2009-09-22	4020	3999	4025	3978	4018	4008	-12	13496	12158
2009-09-23	4008	4025	4037	3980	3986	4006	-2	11918	12734
2009-09-24	4006	3930	3951	3862	3945	3916	-90	21276	11782
2009-09-25	3916	3886	3891	3854	3881	3874	-42	16274	12474
2009-09-28	3874	3881	3887	3775	3792	3822	-52	13544	12278
2009-09-29	3822	3825	3833	3808	3831	3821	-1	9286	12998
2009-09-30	3821	3832	3880	3816	3863	3851	30	15882	15936
2009-10-09	3851	3980	3996	3947	3951	3961	110	23692	22064
2009-10-12	3961	3951	4021	3951	4008	4004	43	48246	32214
2009-10-13	4004	4008	4035	3984	3985	4007	3	75866	39522
2009-10-14	4007	4015	4070	4012	4053	4041	34	144616	57406
2009-10-15	4041	4070	4108	4041	4043	4078	37	209232	60046
2009-10-16	4078	4100	4130	4076	4086	4102	24	216326	76634
2009-10-19	4102	4080	4130	4075	4080	4107	5	234786	98582
2009-10-20	4107	4110	4154	4090	4105	4118	11	352166	107180
2009-10-21	4118	4090	4110	4058	4060	4077	-41	213834	101240
2009-10-22	4077	4124	4144	4081	4084	4107	30	230336	98130
2009-10-23	4107	4105	4126	4096	4113	4112	5	195660	99512
2009-10-26	4112	4079	4131	4076	4124	4113	1	225226	107484
2009-10-27	4113	4100	4105	4079	4091	4092	-21	144470	107760
2009-10-28	4092	4097	4154	4096	4114	4126	34	251286	105930
2009-10-29	4126	4070	4073	4026	4030	4044	-82	150714	102346
2009-10-30	4044	4083	4114	4082	4092	4099	55	125652	97958
2009-11-02	4099	4016	4057	4002	4055	4034	-65	107790	99628
2009-11-03	4034	4060	4081	4052	4063	4066	32	78018	98068
2009-11-04	4066	4080	4091	4067	4078	4075	9	68320	101674
2009-11-05	4075	4078	4090	4072	4080	4080	5	113070	106806
2009-11-06	4080	4083	4106	4081	4094	4093	13	85094	105304
2009-11-09	4093	4090	4099	4073	4091	4087	-6	74356	101660
2009-11-10	4087	4118	4125	4078	4085	4093	6	84578	98890
2009-11-11	4093	4090	4097	4061	4065	4077	-16	72654	95318
2009-11-12	4077	4081	4084	4055	4072	4069	-8	65328	88076
2009-11-13	4069	4030	4061	4008	4060	4027	-42	44636	76242
2009-11-16	4027	4065	4124	4054	4112	4090	63	46696	57134
2009-11-17	4090	4130	4144	4091	4093	4108	18	23126	50274
2009-11-18	4108	4110	4175	4100	4171	4135	27	29642	38616
2009-11-19	4135	4160	4164	4141	4158	4152	17	9354	36762
2009-11-20	4152	4142	4154	4116	4137	4134	-18	8900	33926
2009-11-23	4134	4180	4207	4141	4202	4182	48	11122	30482
2009-11-24	4182	4199	4199	4115	4141	4151	-31	12088	29460
2009-11-25	4151	4139	4153	4120	4144	4143	-8	6302	26702
2009-11-26	4143	4157	4169	4111	4120	4144	1	9510	25560
2009-11-27	4144	4101	4112	3937	4025	4064	-80	8326	24834
2009-11-30	4064	4051	4090	3959	4090	4066	2	8502	23054
2009-12-01	4066	4060	4124	4060	4090	4088	22	694	22860
2009-12-02	4088	4100	4115	4100	4113	4107	19	540	22840
2009-12-03	4107	4080	4111	4080	4111	4088	-19	600	22500
2009-12-04	4088	4118	4165	4118	4160	4134	46	1020	21960
2009-12-07	4134	4160	4198	4160	4160	4176	42	200	21900
2009-12-08	4176	4130	4130	4130	4130	4130	-46	40	21860
2009-12-09	4130	4160	4229	4130	4200	4215	85	4460	19020
2009-12-10	4215	4181	4186	4080	4143	4145	-70	1260	19900
2009-12-11	4145	4181	4181	4104	4110	4142	-3	380	19880
2009-12-14	4142	4052	4120	4050	4120	4080	-62	160	19880
2009-12-15	4080	4150	4150	4150	4150	4150	70	100	19880
2009-12-16	4150	4168	4168	4160	4160	4162	12	80	19920
2009-12-17	4162	4171	4180	4110	4110	4161	-1	100	19880
2009-12-18	4161	?	?	?	4110	4161	0	?	19880
2009-12-21	4161	4125	4150	4125	4150	4125	-36	1020	18900
2009-12-22	4125	4081	4120	4081	4098	4099	-26	760	19200
2009-12-23	4099	4100	4100	4090	4090	4095	-4	80	19240
2009-12-24	4095	4144	4250	4121	4150	4155	60	240	19300
2009-12-25	4155	4150	4150	4130	4140	4141	-14	560	19100
2009-12-28	4141	4120	4170	4120	4170	4142	1	720	18440
2009-12-29	4142	4180	4180	4160	4160	4170	28	540	18180
2009-12-30	4170	4180	4180	4159	4159	4170	0	400	18500
2009-12-31	4170	4210	4210	4150	4200	4167	-3	460	18460
