2010-01-06	4885	5099	5099	5000	5000	5049	164	4	2
2010-01-07	5049	?	?	?	5049	5049	0	?	2
2010-01-08	5049	?	?	?	5049	5049	0	?	2
2010-01-11	5049	?	?	?	5049	5049	0	?	2
2010-01-12	5049	?	?	?	5049	5049	0	?	2
2010-01-13	5049	?	?	?	4997	4997	-52	?	2
2010-01-14	4997	4912	5013	4912	5007	4961	-36	8	6
2010-01-15	4961	?	?	?	4961	4961	0	?	6
2010-01-18	4961	?	?	?	4961	4961	0	?	6
2010-01-19	4961	?	?	?	4961	4961	0	?	6
2010-01-20	4961	?	?	?	4961	4961	0	?	6
2010-01-21	4961	?	?	?	4961	4961	0	?	6
2010-01-22	4961	4978	4978	4873	4873	4925	-36	4	4
2010-01-25	4925	?	?	?	4925	4925	0	?	4
2010-01-26	4925	4900	4900	4900	4900	4900	-25	20	24
2010-01-27	4900	?	?	?	4900	4900	0	?	24
2010-01-28	4900	4830	4830	4830	4830	4830	-70	2	24
2010-01-29	4830	4731	4854	4731	4854	4782	-48	6	24
2010-02-01	4782	4710	4710	4710	4710	4710	-72	2	24
2010-02-02	4710	?	?	?	4745	4745	35	?	24
2010-02-03	4745	?	?	?	4812	4812	67	?	24
2010-02-04	4812	?	?	?	4812	4812	0	?	24
2010-02-05	4812	4752	4752	4728	4728	4739	-73	6	30
2010-02-08	4739	4710	4710	4710	4710	4710	-29	2	30
2010-02-09	4710	4710	4710	4710	4710	4710	0	2	30
2010-02-10	4710	?	?	?	4710	4710	0	?	30
2010-02-11	4710	?	?	?	4715	4715	5	?	30
2010-02-12	4715	4726	4830	4726	4782	4775	60	10	34
2010-02-22	4775	4880	4890	4862	4882	4878	103	34	40
2010-02-23	4878	4830	4892	4830	4874	4859	-19	18	48
2010-02-24	4859	4880	4880	4871	4871	4875	16	8	50
2010-02-25	4875	4945	4945	4850	4870	4879	4	8	56
2010-02-26	4879	4861	4914	4861	4885	4881	2	12	56
2010-03-01	4881	4939	4940	4873	4900	4911	30	174	62
2010-03-02	4911	4918	4918	4861	4909	4889	-22	8	64
2010-03-03	4889	4890	4890	4889	4889	4889	0	8	62
2010-03-04	4889	4920	4920	4882	4882	4917	28	50	104
2010-03-05	4917	4875	4875	4875	4875	4875	-42	2	104
2010-03-08	4875	?	?	?	4875	4875	0	?	104
2010-03-09	4875	4910	4911	4909	4909	4909	34	12	102
2010-03-10	4909	?	?	?	4909	4909	0	?	102
2010-03-11	4909	4911	4911	4882	4895	4893	-16	28	114
2010-03-12	4893	4910	4910	4902	4902	4907	14	6	120
2010-03-15	4907	4895	4895	4878	4878	4883	-24	24	110
2010-03-16	4883	4837	4874	4837	4850	4844	-39	26	106
2010-03-17	4844	4919	4977	4877	4917	4925	81	262	130
2010-03-18	4925	4901	4901	4901	4901	4901	-24	6	136
2010-03-19	4901	4839	4920	4839	4905	4870	-31	48	132
2010-03-22	4870	4899	4899	4899	4899	4899	29	4	136
2010-03-23	4899	4901	4901	4890	4890	4897	-2	6	136
2010-03-24	4897	4924	4924	4895	4895	4907	10	8	132
2010-03-25	4907	4890	4890	4880	4880	4885	-22	4	130
2010-03-26	4885	4900	4910	4900	4905	4905	20	54	120
2010-03-29	4905	?	?	?	4905	4905	0	?	120
2010-03-30	4905	4915	4915	4915	4915	4915	10	2	122
2010-03-31	4915	?	?	?	4910	4910	-5	?	122
2010-04-01	4910	4944	4944	4891	4891	4917	7	8	126
2010-04-02	4917	4904	4904	4895	4896	4899	-18	18	128
2010-04-06	4899	4935	4935	4910	4910	4924	25	8	126
2010-04-07	4924	4924	4930	4924	4930	4925	1	10	126
2010-04-09	4909	?	?	?	4909	4909	0	?	126
2010-04-12	4909	?	?	?	4909	4909	0	?	126
2010-04-13	4909	4926	4926	4910	4915	4915	6	12	116
2010-04-14	4915	4901	4924	4901	4924	4921	6	22	122
2010-04-15	4921	?	?	?	4925	4925	4	?	122
2010-04-16	4925	4908	4908	4906	4908	4907	-18	8	118
2010-04-19	4907	4825	4938	4825	4853	4862	-45	34	118
2010-04-20	4862	4888	4888	4881	4881	4885	23	6	120
2010-04-21	4885	?	?	?	4885	4885	0	?	120
2010-04-22	4885	4886	4898	4870	4898	4887	2	14	124
2010-04-23	4887	4890	4890	4890	4890	4890	3	4	122
2010-04-26	4890	4933	4933	4892	4910	4909	19	20	126
2010-04-27	4909	4900	4908	4870	4870	4886	-23	18	132
2010-04-28	4886	4820	4879	4820	4850	4847	-39	48	136
2010-04-29	4847	4851	4851	4851	4851	4851	4	20	156
2010-04-30	4851	4866	4869	4850	4869	4862	11	10	156
2010-05-04	4862	4866	4880	4866	4880	4873	11	4	156
2010-05-05	4873	4849	4858	4830	4836	4846	-27	28	166
2010-05-06	4846	4836	4836	4820	4820	4831	-15	14	168
2010-05-07	4831	4751	4779	4710	4715	4756	-75	26	170
2010-05-10	4756	4780	4870	4780	4821	4819	63	60	176
2010-05-11	4819	4868	4868	4810	4810	4855	36	66	142
2010-05-12	4855	4844	4844	4808	4813	4827	-28	60	156
2010-05-13	4827	4801	4830	4801	4825	4819	-8	8	158
2010-05-14	4819	4804	4804	4754	4754	4782	-37	14	164
2010-05-17	4782	4769	4769	4550	4590	4660	-122	84	182
2010-05-18	4660	4590	4669	4581	4646	4628	-32	40	178
2010-05-19	4628	4600	4639	4580	4600	4614	-14	58	184
2010-05-20	4614	4598	4659	4598	4623	4628	14	20	186
2010-05-21	4628	4520	4547	4508	4547	4524	-104	42	200
2010-05-24	4524	4531	4583	4525	4583	4562	38	46	198
2010-05-25	4562	4544	4556	4501	4505	4517	-45	28	208
2010-05-26	4517	4579	4579	4513	4528	4540	23	6	210
2010-05-27	4540	4539	4550	4526	4550	4540	0	56	222
2010-05-28	4540	4586	4639	4586	4606	4612	72	60	200
2010-05-31	4612	4576	4614	4576	4595	4594	-18	38	206
2010-06-01	4594	4599	4599	4530	4554	4562	-32	34	218
2010-06-02	4562	4500	4544	4451	4487	4495	-67	48	218
2010-06-03	4495	4518	4538	4505	4538	4516	21	14	216
2010-06-04	4516	4511	4536	4506	4511	4517	1	60	238
2010-06-07	4517	4345	4385	4295	4325	4319	-198	200	368
2010-06-08	4319	4355	4430	4355	4430	4395	76	102	424
2010-06-09	4395	4401	4480	4401	4462	4433	38	274	500
2010-06-10	4433	4487	4578	4458	4475	4505	72	60	486
2010-06-11	4505	4486	4510	4486	4506	4501	-4	20	480
2010-06-17	4501	4618	4618	4481	4481	4517	16	160	380
2010-06-18	4517	4457	4519	4457	4485	4500	-17	120	410
2010-06-21	4500	4572	4572	4507	4554	4537	37	178	388
2010-06-22	4537	4455	4565	4455	4534	4534	-3	152	462
2010-06-23	4534	4530	4530	4510	4525	4514	-20	360	684
2010-06-24	4514	4500	4528	4500	4511	4523	9	404	422
2010-06-25	4523	4520	4520	4491	4491	4504	-19	184	574
2010-06-28	4504	4540	4558	4500	4521	4541	37	206	434
2010-06-29	4541	4524	4525	4460	4489	4501	-40	162	390
2010-06-30	4501	4480	4480	4431	4445	4447	-54	40	400
2010-07-01	4447	4448	4450	4421	4421	4432	-15	56	414
2010-07-02	4432	4400	4412	4372	4412	4393	-39	54	406
2010-07-05	4393	4401	4455	4401	4439	4432	39	50	386
2010-07-06	4432	4416	4416	4388	4400	4396	-36	42	390
2010-07-07	4396	4406	4406	4385	4385	4397	1	10	394
2010-07-08	4397	4422	4464	4422	4445	4449	52	68	380
2010-07-09	4449	4447	4450	4440	4445	4447	-2	32	380
2010-07-12	4447	4450	4474	4400	4400	4436	-11	204	428
2010-07-13	4436	4428	4430	4372	4388	4403	-33	360	526
2010-07-14	4403	4406	4425	4401	4415	4410	7	118	590
2010-07-15	4410	4399	4408	4365	4387	4390	-20	152	660
2010-07-16	4390	4390	4409	4375	4393	4391	1	124	672
2010-07-19	4391	4383	4419	4380	4392	4394	3	68	670
2010-07-20	4394	4400	4430	4396	4430	4417	23	228	610
2010-07-21	4417	4403	4428	4403	4418	4410	-7	222	654
2010-07-22	4410	4407	4426	4407	4420	4416	6	424	558
2010-07-23	4416	4456	4488	4456	4485	4473	57	72	552
2010-07-26	4473	4475	4520	4475	4515	4497	24	344	536
2010-07-27	4497	4514	4514	4494	4508	4508	11	40	540
2010-07-28	4508	4490	4508	4478	4507	4497	-11	120	532
2010-07-29	4497	4518	4528	4498	4519	4515	18	102	528
2010-07-30	4515	4529	4572	4528	4544	4538	23	90	540
2010-08-02	4538	4570	4610	4570	4596	4602	64	486	696
2010-08-03	4602	4640	4640	4600	4601	4615	13	232	578
2010-08-04	4615	4624	4624	4578	4603	4606	-9	150	662
2010-08-05	4606	4593	4615	4585	4585	4603	-3	116	638
2010-08-06	4603	4400	4688	4400	4629	4579	-24	212	610
2010-08-09	4579	4622	4641	4608	4614	4628	49	228	672
2010-08-10	4628	4614	4630	4601	4622	4611	-17	106	694
2010-08-11	4611	4611	4613	4590	4590	4602	-9	82	698
2010-08-12	4602	4581	4581	4537	4537	4551	-51	108	706
2010-08-13	4551	4533	4577	4533	4565	4550	-1	108	740
2010-08-16	4550	4528	4581	4528	4576	4568	18	370	936
2010-08-17	4568	4562	4586	4562	4576	4577	9	230	1024
2010-08-18	4577	4588	4617	4576	4614	4600	23	362	1058
2010-08-19	4600	4610	4688	4608	4670	4658	58	756	1044
2010-08-20	4658	4670	4670	4548	4556	4585	-73	698	1276
2010-08-23	4585	4562	4562	4501	4501	4516	-69	982	1566
2010-08-24	4516	4478	4482	4451	4467	4466	-50	818	1706
2010-08-25	4466	4448	4480	4448	4480	4463	-3	1416	1786
2010-08-26	4463	4488	4495	4451	4478	4482	19	874	1758
2010-08-27	4482	4481	4490	4465	4476	4473	-9	958	2050
2010-08-30	4473	4495	4534	4495	4518	4517	44	2040	2682
2010-08-31	4517	4492	4492	4444	4444	4462	-55	1034	2966
2010-09-01	4462	4465	4467	4401	4442	4442	-20	1720	3462
2010-09-02	4442	4500	4500	4456	4477	4467	25	1526	3826
2010-09-03	4467	4487	4488	4440	4471	4471	4	938	3802
2010-09-06	4471	4468	4510	4466	4500	4492	21	1026	3742
2010-09-07	4492	4490	4508	4486	4506	4498	6	1344	4102
2010-09-08	4498	4509	4533	4505	4532	4514	16	3380	5102
2010-09-09	4514	4548	4566	4303	4461	4477	-37	4440	4964
2010-09-10	4477	4460	4497	4460	4490	4482	5	1856	4974
2010-09-13	4482	4530	4546	4510	4520	4521	39	2470	5178
2010-09-14	4521	4516	4521	4471	4473	4499	-22	1926	5566
2010-09-15	4499	4465	4483	4440	4452	4455	-44	2138	5848
2010-09-16	4455	4450	4464	4434	4455	4447	-8	3100	6132
2010-09-17	4447	4460	4477	4420	4477	4453	6	1790	5760
2010-09-20	4453	4468	4494	4460	4483	4482	29	2490	5996
2010-09-21	4482	4495	4512	4476	4490	4493	11	2424	6064
2010-09-27	4493	4520	4548	4510	4527	4521	28	4566	6998
2010-09-28	4521	4510	4520	4488	4490	4499	-22	8008	10930
2010-09-29	4499	4500	4506	4461	4484	4480	-19	7990	12310
2010-09-30	4480	4506	4530	4488	4530	4518	38	9504	12914
2010-10-08	4518	4585	4585	4535	4548	4562	44	20050	16928
2010-10-11	4562	4620	4779	4598	4679	4682	120	93896	50844
2010-10-12	4682	4645	4671	4614	4647	4647	-35	50970	55838
2010-10-13	4647	4678	4749	4662	4748	4714	67	125394	83250
2010-10-14	4714	4798	4800	4739	4779	4770	56	154074	92124
2010-10-15	4770	4748	4751	4705	4750	4738	-32	93996	93196
2010-10-18	4738	4677	4679	4590	4656	4648	-90	93362	90038
2010-10-19	4648	4706	4734	4653	4685	4691	43	105628	91514
2010-10-20	4691	4562	4654	4546	4634	4618	-73	101606	86560
2010-10-21	4618	4684	4690	4630	4644	4656	38	73830	87810
2010-10-22	4656	4616	4684	4616	4649	4657	1	79578	92678
2010-10-25	4657	4680	4761	4678	4743	4727	70	125930	110092
2010-10-26	4727	4743	4750	4701	4707	4718	-9	100492	105938
2010-10-27	4718	4722	4738	4634	4635	4678	-40	90020	96710
2010-10-28	4678	4658	4690	4637	4668	4666	-12	89104	95744
2010-10-29	4666	4640	4657	4612	4635	4637	-29	74158	90764
2010-11-01	4637	4641	4680	4641	4662	4665	28	57248	91108
2010-11-02	4665	4697	4728	4690	4699	4710	45	87568	93100
2010-11-03	4710	4739	4739	4682	4687	4712	2	76906	89832
2010-11-04	4712	4716	4751	4711	4750	4730	18	93288	83048
2010-11-05	4730	4774	4875	4770	4839	4840	110	103462	73182
2010-11-08	4840	4852	4869	4779	4816	4830	-10	44926	62594
2010-11-09	4830	4795	4947	4784	4872	4865	35	58174	46192
2010-11-10	4865	4843	4898	4790	4810	4857	-8	32760	40380
2010-11-11	4857	4842	4947	4800	4904	4883	26	29028	33610
2010-11-12	4883	4875	4876	4660	4734	4735	-148	32966	27526
2010-11-15	4735	4498	4774	4498	4744	4738	3	19256	21628
2010-11-16	4738	4745	4756	4668	4668	4714	-24	6016	21026
2010-11-17	4714	4550	4604	4510	4544	4559	-155	9964	18410
2010-11-18	4559	4560	4592	4526	4572	4551	-8	3796	18306
2010-11-19	4551	4625	4625	4541	4573	4572	21	2346	17948
2010-11-22	4572	4548	4610	4540	4585	4579	7	1358	17792
2010-11-23	4579	4575	4578	4482	4500	4521	-58	3484	17154
2010-11-24	4521	4492	4540	4491	4540	4520	-1	1962	17394
2010-11-25	4520	4581	4586	4555	4571	4575	55	622	17388
2010-11-26	4575	4576	4576	4510	4534	4527	-48	2200	16182
2010-11-29	4527	4527	4580	4518	4580	4552	25	734	16222
2010-11-30	4552	4600	4650	4560	4650	4606	54	1178	16126
2010-12-01	4606	4600	4616	4570	4610	4598	-8	546	16200
2010-12-02	4598	4663	4677	4635	4677	4666	68	240	16280
2010-12-03	4666	4710	4714	4670	4670	4706	40	200	16300
2010-12-06	4706	4750	4760	4738	4748	4747	41	260	16240
2010-12-07	4747	4697	4719	4695	4719	4702	-45	460	16260
2010-12-08	4702	4682	4682	4682	4682	4682	-20	20	16280
2010-12-09	4682	4690	4699	4676	4699	4687	5	260	16140
2010-12-10	4687	4688	4699	4688	4699	4693	6	80	16100
2010-12-13	4693	4718	4729	4700	4710	4706	13	440	16240
2010-12-14	4706	4708	4715	4708	4715	4710	4	200	16180
2010-12-15	4710	4715	4715	4680	4680	4697	-13	100	16180
2010-12-16	4697	4710	4715	4703	4710	4708	11	260	16040
2010-12-17	4708	4679	4703	4678	4692	4697	-11	360	16020
2010-12-20	4697	4702	4725	4702	4725	4717	20	120	15980
2010-12-21	4717	4700	4710	4698	4710	4700	-17	540	15660
2010-12-22	4700	4691	4700	4680	4690	4693	-7	140	15560
2010-12-23	4693	4710	4710	4705	4705	4708	15	60	15540
2010-12-24	4708	4720	4720	4705	4705	4712	4	100	15540
2010-12-27	4712	4685	4685	4685	4685	4685	-27	20	15560
2010-12-28	4685	4685	4685	4670	4670	4678	-7	60	15560
2010-12-29	4678	4660	4660	4610	4620	4630	-48	260	15340
2010-12-30	4630	4590	4600	4590	4600	4590	-40	1280	15340
2010-12-31	4590	4595	4595	4595	4595	4595	5	20	15320
