2011-05-03					5166	5181	0		
2011-05-04	5181				5144	5181	0		
2011-05-05	5181				5181	5181	0		
2011-05-06	5181	4760	5280	4760	5099	5045	-136	28	8
2011-05-09	5045	5213	5213	5213	5213	5213	168	2	6
2011-05-10	5213				5213	5213	0		6
2011-05-11	5213				5213	5213	0		6
2011-05-12	5213				5213	5213	0		6
2011-05-13	5213				5213	5213	0		6
2011-05-16	5213				5213	5213	0		6
2011-05-17	5213				5213	5213	0		6
2011-05-18	5213				5213	5213	0		6
2011-05-19	5213				5213	5213	0		6
2011-05-20	5213	5213	5213	5213	5213	5213	0	2	4
2011-05-23	5213				5213	5213	0		4
2011-05-24	5213				5213	5213	0		4
2011-05-25	5213				5213	5213	0		4
2011-05-26	5213				5200	5200	-13		4
2011-05-27	5200				5200	5200	0		4
2011-05-30	5200				5200	5200	0		4
2011-05-31	5200				5200	5200	0		4
2011-06-01	5200				5200	5200	0		4
2011-06-02	5200				5200	5200	0		4
2011-06-03	5200				5200	5200	0		4
2011-06-07	5200				5200	5200	0		4
2011-06-08	5200				5200	5200	0		4
2011-06-09	5200	5360	5360	5066	5334	5234	34	10	8
2011-06-10	5234				5234	5234	0		8
2011-06-13	5234				5234	5234	0		8
2011-06-14	5234				5234	5234	0		8
2011-06-15	5234				5234	5234	0		8
2011-06-16	5234				5234	5234	0		8
2011-06-17	5234				5234	5234	0		8
2011-06-20	5234				5234	5234	0		8
2011-06-21	5234	4983	5199	4983	5150	5102	-132	10	8
2011-06-22	5102	5100	5100	5100	5100	5100	-2	2	8
2011-06-23	5100				5100	5100	0		8
2011-06-24	5100				5100	5100	0		8
2011-06-27	5100	5018	5039	5018	5021	5026	-74	6	6
2011-06-28	5026				5026	5026	0		6
2011-06-29	5026	5077	5077	5077	5077	5077	51	2	6
2011-06-30	5077	5082	5082	5082	5082	5082	5	2	4
2011-07-01	5082				5082	5082	0		4
2011-07-04	5082				5082	5082	0		4
2011-07-05	5082				5082	5082	0		4
2011-07-06	5082				5082	5082	0		4
2011-07-07	5082				5082	5082	0		4
2011-07-08	5082				5082	5082	0		4
2011-07-11	5082				5082	5082	0		4
2011-07-12	5082				5082	5082	0		4
2011-07-13	5082				5082	5082	0		4
2011-07-14	5082				5082	5082	0		4
2011-07-15	5082				5082	5082	0		4
2011-07-18	5082				5082	5082	0		4
2011-07-19	5082				5103	5103	21		4
2011-07-20	5103				5103	5103	0		4
2011-07-21	5103				5103	5103	0		4
2011-07-22	5103				5103	5103	0		4
2011-07-25	5103				5103	5103	0		4
2011-07-26	5103				5103	5103	0		4
2011-07-27	5103				5103	5103	0		4
2011-07-28	5103				5123	5123	20		4
2011-07-29	5123				5123	5123	0		4
2011-08-01	5123				5123	5123	0		4
2011-08-02	5123				5123	5123	0		4
2011-08-03	5123				5123	5123	0		4
2011-08-04	5123				5123	5123	0		4
2011-08-05	5123				5070	5070	-53		4
2011-08-08	5070				5070	5070	0		4
2011-08-09	5070				5025	5025	-45		4
2011-08-10	5025				5025	5025	0		4
2011-08-11	5025				5025	5025	0		4
2011-08-12	5025				5025	5025	0		4
2011-08-15	5025				5025	5025	0		4
2011-08-16	5025				5025	5025	0		4
2011-08-17	5025				5025	5025	0		4
2011-08-18	5025				5025	5025	0		4
2011-08-19	5025	5024	5024	5024	5024	5024	-1	2	2
2011-08-22	5024				5024	5024	0		2
2011-08-23	5024				5051	5051	27		2
2011-08-24	5051				5063	5063	12		2
2011-08-25	5063				5070	5070	7		2
2011-08-26	5070				5068	5068	-2		2
2011-08-29	5068				5070	5070	2		2
2011-08-30	5070				5107	5107	37		2
2011-08-31	5107				5118	5118	11		2
2011-09-01	5118				5145	5145	27		2
2011-09-02	5145	5050	5050	5050	5050	5050	-95	2	
2011-09-05	5050				5030	5030	-20		
2011-09-06	5030				5003	5003	-27		
2011-09-07	5003				5023	5023	20		
2011-09-08	5023	5192	5192	5101	5101	5169	146	8	6
2011-09-09	5169				5165	5165	-4		6
2011-09-13	5165	5134	5134	5134	5134	5134	-31	2	8
2011-09-14	5134				5134	5134	0		8
2011-09-15	5134				5129	5129	-5		8
2011-09-16	5129				5141	5141	12		8
2011-09-19	5141				5114	5114	-27		8
2011-09-20	5114				5095	5095	-19		8
2011-09-21	5095	5025	5025	5025	5025	5025	-70	2	8
2011-09-22	5025				5025	5025	0		8
2011-09-23	5025	4856	4913	4856	4913	4867	-158	10	2
2011-09-26	4867				4867	4867	0		2
2011-09-27	4867				4875	4875	8		2
2011-09-28	4875				4845	4845	-30		2
2011-09-29	4845				4815	4815	-30		2
2011-09-30	4815				4818	4818	3		2
2011-10-10	4818				4839	4839	21		2
2011-10-11	4839				4837	4837	-2		2
2011-10-12	4837				4814	4814	-23		2
2011-10-13	4814				4793	4793	-21		2
2011-10-14	4793				4796	4796	3		2
2011-10-17	4796				4826	4826	30		2
2011-10-18	4826				4874	4874	48		2
2011-10-19	4874	4731	4879	4731	4877	4807	-67	24	2
2011-10-20	4807	4780	4780	4780	4780	4780	-27	2	4
2011-10-21	4780	4870	4870	4731	4731	4823	43	6	4
2011-10-24	4823	4880	4949	4880	4949	4914	91	4	2
2011-10-25	4914				4924	4924	10		2
2011-10-26	4924				4924	4924	0		2
2011-10-27	4924	4999	4999	4999	4999	4999	75	2	2
2011-10-28	4999	4974	4974	4974	4974	4974	-25	2	2
2011-10-31	4974	4700	5064	4700	4900	4883	-91	18	4
2011-11-01	4883				4883	4883	0		4
2011-11-02	4883				4883	4883	0		4
2011-11-03	4883				4883	4883	0		4
2011-11-04	4883				4883	4883	0		4
2011-11-07	4883				4885	4885	2		4
2011-11-08	4885				4900	4900	15		4
2011-11-09	4900	4921	4921	4921	4921	4921	21	2	6
2011-11-10	4921				4892	4892	-29		6
2011-11-11	4892				4918	4918	26		6
2011-11-14	4918				4950	4950	32		6
2011-11-15	4950				4950	4950	0		6
2011-11-16	4950				4964	4964	14		6
2011-11-17	4964				4964	4964	0		6
2011-11-18	4964				4954	4954	-10		6
2011-11-21	4954				4954	4954	0		6
2011-11-22	4954				4954	4954	0		6
2011-11-23	4954	4954	5090	4954	5083	5020	66	8	6
2011-11-24	5020	5020	5020	5020	5020	5020	0	2	4
2011-11-25	5020				5020	5020	0		4
2011-11-28	5020	5050	5050	4974	5030	5020	0	8	6
2011-11-29	5020	5040	5079	5040	5079	5066	46	6	6
2011-11-30	5066				5066	5066	0		6
2011-12-01	5066	5081	5081	5081	5081	5081	15	2	6
2011-12-02	5081				5085	5085	4		6
2011-12-05	5085				5085	5085	0		6
2011-12-06	5085				5085	5085	0		6
2011-12-07	5085				5085	5085	0		6
2011-12-08	5085				5085	5085	0		6
2011-12-09	5085				5085	5085	0		6
2011-12-12	5085				5068	5068	-17		6
2011-12-13	5068				5068	5068	0		6
2011-12-14	5068				5068	5068	0		6
2011-12-15	5068	4995	5049	4971	4981	4991	-77	16	8
2011-12-16	4991				4991	4991	0		8
2011-12-19	4991				4991	4991	0		8
2011-12-20	4991				4991	4991	0		8
2011-12-21	4991	5049	5050	5049	5050	5049	58	6	8
2011-12-22	5049	5068	5068	5068	5068	5068	19	2	10
2011-12-23	5068	5143	5143	5143	5143	5143	75	2	10
2011-12-26	5143				5100	5100	-43		10
2011-12-27	5100				5098	5098	-2		10
2011-12-28	5098				5098	5098	0		10
2011-12-29	5098				5098	5098	0		10
2011-12-30	5098	5002	5119	5002	5119	5043	-55	8	10
2012-01-04	5043	5199	5345	5078	5130	5196	153	32	14
2012-01-05	5196	5208	5208	5115	5115	5161	-35	4	14
2012-01-06	5161				5161	5161	0		14
2012-01-09	5161				5161	5161	0		14
2012-01-10	5161				5161	5161	0		14
2012-01-11	5161	5234	5234	5234	5234	5234	73	2	14
2012-01-12	5234				5200	5200	-34		14
2012-01-13	5200	5190	5190	5190	5190	5190	-10	2	14
2012-01-16	5190	5197	5211	5196	5210	5201	11	44	54
2012-01-17	5201	5250	5260	5210	5260	5228	27	64	104
2012-01-18	5228	5270	5379	5231	5320	5286	58	142	170
2012-01-19	5286	5340	5340	5313	5319	5323	37	102	220
2012-01-20	5323	5300	5333	5300	5320	5319	-4	424	598
2012-01-30	5319	5304	5335	5240	5320	5313	-6	198	716
2012-01-31	5313	5342	5350	5330	5330	5341	28	130	794
2012-02-01	5341	5349	5349	5328	5330	5331	-10	92	850
2012-02-02	5331	5325	5340	5325	5332	5333	2	48	866
2012-02-03	5333	5325	5380	5310	5315	5348	15	214	952
2012-02-06	5348	5315	5347	5315	5325	5328	-20	104	996
2012-02-07	5328	5340	5340	5305	5331	5323	-5	82	1016
2012-02-08	5323	5344	5370	5335	5363	5353	30	164	1104
2012-02-09	5353	5363	5383	5353	5375	5374	21	312	1202
2012-02-10	5374	5392	5399	5382	5389	5392	18	84	1246
2012-02-13	5392	5387	5410	5387	5387	5398	6	76	1270
2012-02-14	5398	5398	5398	5383	5394	5387	-11	68	1252
2012-02-15	5387	5387	5407	5386	5393	5396	9	62	1266
2012-02-16	5396	5386	5386	5367	5373	5376	-20	132	1260
2012-02-17	5376	5389	5398	5370	5370	5389	13	76	1248
2012-02-20	5389	5373	5399	5360	5366	5377	-12	228	1178
2012-02-21	5377	5366	5369	5351	5365	5361	-16	90	1164
2012-02-22	5361	5356	5379	5356	5364	5367	6	62	1176
2012-02-23	5367	5370	5376	5357	5358	5364	-3	78	1174
2012-02-24	5364	5399	5399	5367	5385	5379	15	114	1186
2012-02-27	5379	5390	5400	5382	5386	5391	12	150	1198
2012-02-28	5391	5380	5390	5380	5384	5382	-9	80	1192
2012-02-29	5382	5361	5428	5361	5428	5405	23	112	1232
2012-03-01	5405	5415	5421	5404	5410	5412	7	90	1210
2012-03-02	5412	5428	5428	5405	5415	5417	5	92	1222
2012-03-05	5417	5400	5426	5400	5422	5416	-1	62	1220
2012-03-06	5416	5412	5440	5412	5439	5429	13	170	1156
2012-03-07	5429	5412	5443	5412	5435	5431	2	102	1106
2012-03-08	5431	5431	5460	5431	5445	5447	16	106	1068
2012-03-09	5447	5459	5475	5456	5468	5464	17	74	1020
2012-03-12	5464	5460	5465	5452	5465	5459	-5	50	980
2012-03-13	5459	5452	5480	5452	5470	5468	9	72	968
2012-03-14	5468	5480	5495	5460	5466	5479	11	84	892
2012-03-15	5479	5471	5472	5465	5468	5469	-10	14	882
2012-03-16	5469	5470	5480	5463	5472	5471	2	124	832
2012-03-19	5471	5480	5490	5473	5489	5482	11	62	794
2012-03-20	5482	5491	5499	5468	5468	5481	-1	268	768
2012-03-21	5481	5466	5475	5421	5426	5445	-36	96	712
2012-03-22	5445	5465	5485	5428	5453	5458	13	196	730
2012-03-23	5458	5468	5475	5453	5475	5470	12	282	486
2012-03-26	5470	5487	5488	5474	5488	5484	14	104	504
2012-03-27	5484	5492	5624	5486	5610	5565	81	98	534
2012-03-28	5565	5600	5638	5596	5615	5619	54	52	520
2012-03-29	5619	5638	5639	5453	5544	5568	-51	66	488
2012-03-30	5568	5497	5566	5497	5540	5535	-33	100	498
2012-04-05	5535	5594	5639	5518	5549	5575	40	74	486
2012-04-06	5575	5550	5555	5510	5545	5531	-44	56	484
2012-04-09	5531	5567	5567	5499	5499	5517	-14	40	470
2012-04-10	5517	5547	5547	5450	5466	5472	-45	108	462
2012-04-11	5472	5479	5503	5461	5499	5475	3	86	412
2012-04-12	5475	5547	5548	5466	5529	5523	48	22	406
2012-04-13	5523	5540	5540	5477	5477	5499	-24	26	386
2012-04-16	5499	5441	5485	5400	5458	5422	-77	48	364
2012-04-17	5422	5485	5485	5416	5475	5458	36	6	364
2012-04-18	5458	5478	5488	5424	5468	5456	-2	46	346
2012-04-19	5456	5405	5487	5405	5487	5429	-27	14	338
2012-04-20	5429	5479	5479	5413	5441	5433	4	12	336
2012-04-23	5433	5463	5494	5436	5436	5463	30	8	332
2012-04-24	5463	5464	5464	5421	5430	5431	-32	20	322
2012-04-25	5431	5430	5430	5430	5430	5430	-1	2	320
2012-04-26	5430	5400	5400	5355	5355	5376	-54	48	302
2012-04-27	5376	5330	5330	5330	5330	5330	-46	16	302
