2009-03-04	3396	3085	3458	3085	3458	3271	-125	4	?
2009-03-23	3500	3635	3635	3635	3635	3635	135	2	2
2009-03-24	3635	?	?	?	3635	3635	0	?	2
2009-03-25	3635	3525	3525	3525	3525	3525	-110	2	2
2009-03-26	3525	3597	3607	3595	3607	3599	74	6	6
2009-03-27	3599	3528	3630	3528	3590	3582	-17	6	10
2009-03-30	3582	3480	3480	3480	3480	3480	-102	2	10
2009-03-31	3480	3480	3569	3480	3569	3533	53	6	14
2009-04-01	3533	?	?	?	3561	3561	28	?	14
2009-04-02	3561	3650	3650	3569	3569	3623	62	6	18
2009-04-03	3623	3710	3710	3635	3635	3672	49	4	20
2009-04-07	3672	3680	3768	3622	3658	3686	14	16	22
2009-04-08	3686	3672	3729	3670	3680	3687	1	30	30
2009-04-09	3687	3560	3740	3560	3740	3676	-11	66	66
2009-04-10	3676	3781	3819	3750	3802	3786	110	88	50
2009-04-13	3786	3824	3836	3824	3836	3830	44	24	70
2009-04-14	3830	3752	3860	3752	3801	3810	-20	42	74
2009-04-15	3810	3870	3927	3811	3927	3877	67	18	76
2009-04-16	3877	3960	4000	3960	4000	3970	93	8	82
2009-04-17	3970	3933	3933	3902	3902	3917	-53	4	80
2009-04-20	3917	3872	3872	3851	3853	3860	-57	28	92
2009-04-21	3860	3719	3780	3708	3708	3736	-124	72	108
2009-04-22	3736	3720	3760	3708	3744	3733	-3	46	112
2009-04-23	3733	3750	3765	3727	3765	3750	17	26	132
2009-04-24	3750	3704	3706	3679	3679	3697	-53	22	144
2009-04-27	3697	3728	3760	3684	3684	3731	34	44	166
2009-04-28	3731	3700	3700	3610	3610	3675	-56	20	166
2009-04-29	3675	3622	3637	3592	3637	3617	-58	40	170
2009-04-30	3617	3708	3722	3687	3700	3706	89	16	176
2009-05-04	3706	3765	3900	3765	3900	3827	121	28	196
2009-05-05	3827	3828	3828	3795	3801	3814	-13	44	196
2009-05-06	3814	3828	3847	3823	3847	3828	14	24	200
2009-05-07	3828	3939	3939	3884	3884	3914	86	36	198
2009-05-08	3914	3918	3930	3885	3899	3914	0	16	192
2009-05-11	3914	3890	3980	3845	3845	3944	30	68	198
2009-05-12	3944	3930	3930	3836	3875	3867	-77	108	176
2009-05-13	3867	3899	3939	3899	3939	3920	53	20	174
2009-05-14	3920	3856	3856	3842	3846	3846	-74	36	182
2009-05-15	3846	3920	3939	3866	3888	3889	43	44	184
2009-05-18	3889	3820	3831	3784	3831	3811	-78	40	186
2009-05-19	3811	3831	3969	3831	3969	3904	93	26	198
2009-05-20	3904	3899	3909	3888	3898	3898	-6	18	196
2009-05-21	3898	3945	3945	3895	3905	3911	13	14	190
2009-05-22	3911	3945	3945	3925	3925	3936	25	36	198
2009-05-25	3936	3938	3938	3870	3919	3922	-14	26	198
2009-05-26	3922	3870	3898	3870	3890	3890	-32	22	204
2009-05-27	3890	3916	3917	3900	3900	3913	23	12	198
2009-06-01	3913	4000	4039	4000	4032	4028	115	36	192
2009-06-02	4028	4037	4050	4012	4012	4031	3	16	192
2009-06-03	4031	4012	4065	4012	4065	4043	12	46	204
2009-06-04	4043	3976	4034	3976	4027	4016	-27	30	214
2009-06-05	4016	4068	4088	4050	4083	4069	53	36	214
2009-06-08	4069	4083	4085	4050	4050	4076	7	46	222
2009-06-09	4076	4074	4100	4056	4088	4081	5	64	260
2009-06-10	4081	4124	4124	4110	4122	4118	37	24	266
2009-06-11	4118	4106	4106	4102	4102	4104	-14	12	268
2009-06-12	4104	4106	4113	4022	4077	4082	-22	22	268
2009-06-15	4082	4077	4077	4025	4030	4050	-32	74	284
2009-06-16	4050	4024	4068	4024	4060	4051	1	28	272
2009-06-17	4051	4040	4070	4040	4070	4050	-1	24	262
2009-06-18	4050	4073	4073	4065	4065	4069	19	4	262
2009-06-19	4069	4070	4075	4070	4075	4072	3	4	264
2009-06-22	4072	4040	4040	4031	4031	4034	-38	12	260
2009-06-23	4034	4025	4025	3936	3975	3966	-68	50	284
2009-06-24	3966	3947	3979	3941	3979	3954	-12	80	292
2009-06-25	3954	3990	4001	3990	4001	3997	43	6	294
2009-06-26	3997	4015	4064	4015	4046	4032	35	20	288
2009-06-29	4032	4015	4015	4000	4000	4007	-25	4	290
2009-06-30	4007	4065	4175	4065	4085	4096	89	62	316
2009-07-01	4096	4075	4075	4055	4072	4070	-26	24	334
2009-07-02	4070	4063	4075	4052	4052	4058	-12	32	336
2009-07-03	4058	4000	4010	3990	4010	4007	-51	24	336
2009-07-06	4007	3999	3999	3925	3980	3968	-39	74	310
2009-07-07	3968	3964	3985	3960	3985	3972	4	10	312
2009-07-08	3972	3950	3950	3920	3940	3934	-38	64	310
2009-07-09	3934	3911	3918	3895	3918	3903	-31	200	342
2009-07-10	3903	3918	3935	3918	3933	3932	29	28	328
2009-07-13	3932	3925	3925	3900	3900	3911	-21	22	344
2009-07-14	3911	3902	3923	3901	3923	3906	-5	34	364
2009-07-15	3906	3945	3967	3945	3967	3954	48	6	362
2009-07-16	3954	3970	3989	3956	3961	3967	13	30	362
2009-07-17	3967	3989	3989	3943	3961	3958	-9	38	374
2009-07-20	3958	3961	4015	3961	4001	3997	39	118	410
2009-07-21	3997	4020	4020	3991	3991	4002	5	26	414
2009-07-22	4002	3986	3994	3983	3994	3989	-13	8	412
2009-07-23	3989	3995	4001	3981	4001	3987	-2	24	418
2009-07-24	3987	4006	4035	4006	4035	4024	37	202	494
2009-07-27	4024	4040	4080	4032	4080	4066	42	620	952
2009-07-28	4066	4062	4069	4040	4069	4061	-5	130	1042
2009-07-29	4061	4031	4045	4000	4028	4020	-41	106	1034
2009-07-30	4020	3990	4019	3977	4019	3993	-27	68	1028
2009-07-31	3993	4040	4085	4040	4083	4073	80	86	1026
2009-08-03	4073	4100	4169	4088	4155	4125	52	142	1060
2009-08-04	4125	4180	4190	4116	4116	4146	21	110	1004
2009-08-05	4146	4150	4165	4140	4140	4156	10	106	994
2009-08-06	4156	4141	4155	4130	4148	4140	-16	24	984
2009-08-07	4140	4128	4130	4114	4114	4121	-19	40	1000
2009-08-10	4121	4125	4300	4125	4300	4183	62	126	1028
2009-08-11	4183	4270	4339	4250	4310	4263	80	206	1020
2009-08-12	4263	4310	4420	4277	4340	4374	111	426	916
2009-08-13	4374	4418	4480	4418	4450	4458	84	106	922
2009-08-14	4458	4450	4450	4360	4360	4381	-77	164	872
2009-08-17	4381	4300	4300	4161	4185	4217	-164	166	870
2009-08-18	4217	4220	4259	4101	4161	4174	-43	108	898
2009-08-19	4174	4230	4270	4130	4165	4190	16	134	882
2009-08-20	4190	4200	4280	4200	4271	4261	71	108	878
2009-08-21	4261	4240	4240	4170	4219	4214	-47	42	882
2009-08-24	4214	4260	4340	4260	4340	4318	104	104	910
2009-08-25	4318	4350	4350	4290	4306	4315	-3	116	898
2009-08-26	4315	4296	4340	4260	4340	4289	-26	102	860
2009-08-27	4289	4300	4321	4293	4321	4312	23	20	864
2009-08-28	4312	4340	4354	4328	4328	4338	26	46	874
2009-08-31	4338	4302	4302	4232	4232	4262	-76	60	888
2009-09-01	4262	4210	4240	4190	4240	4219	-43	68	898
2009-09-02	4219	4190	4190	4132	4165	4155	-64	88	898
2009-09-03	4155	4188	4214	4155	4214	4178	23	64	898
2009-09-04	4178	4169	4195	4169	4190	4186	8	26	894
2009-09-07	4186	4160	4187	4150	4150	4169	-17	54	882
2009-09-08	4169	4161	4217	4135	4217	4171	2	60	872
2009-09-09	4171	4250	4310	4250	4295	4288	117	92	870
2009-09-10	4288	4278	4300	4263	4288	4287	-1	54	900
2009-09-11	4287	4270	4293	4250	4250	4273	-14	74	908
2009-09-14	4273	4190	4190	4075	4082	4104	-169	156	952
2009-09-15	4104	4125	4133	4097	4102	4111	7	74	952
2009-09-16	4111	4140	4165	4118	4164	4144	33	62	930
2009-09-17	4144	4200	4205	4179	4179	4192	48	68	922
2009-09-18	4192	4166	4182	4121	4121	4152	-40	70	942
2009-09-21	4152	4151	4151	4122	4134	4133	-19	54	966
2009-09-22	4133	4100	4135	4100	4129	4116	-17	136	966
2009-09-23	4116	4129	4145	4097	4105	4118	2	70	974
2009-09-24	4118	4070	4070	4000	4058	4034	-84	170	1046
2009-09-25	4034	3980	4010	3975	4002	3995	-39	160	1094
2009-09-28	3995	3996	3996	3890	3901	3906	-89	408	1150
2009-09-29	3906	3999	3999	3920	3934	3933	27	94	1128
2009-09-30	3933	3934	3982	3934	3962	3960	27	276	1220
2009-10-09	3960	4062	4084	4035	4047	4061	101	926	1458
2009-10-12	4061	4082	4118	4065	4104	4105	44	1034	1542
2009-10-13	4105	4110	4131	4101	4102	4115	10	712	1548
2009-10-14	4115	4131	4180	4125	4179	4153	38	500	1756
2009-10-15	4153	4193	4212	4155	4155	4195	42	828	1744
2009-10-16	4195	4201	4247	4190	4201	4212	17	1110	1866
2009-10-19	4212	4215	4232	4193	4193	4212	0	1488	2080
2009-10-20	4212	4211	4265	4204	4218	4230	18	3100	2896
2009-10-21	4230	4190	4211	4174	4178	4185	-45	1266	3180
2009-10-22	4185	4230	4250	4190	4194	4214	29	2250	3858
2009-10-23	4214	4207	4235	4204	4220	4222	8	1600	3924
2009-10-26	4222	4199	4238	4190	4234	4223	1	3210	4574
2009-10-27	4223	4200	4214	4191	4201	4204	-19	2434	5502
2009-10-28	4204	4197	4258	4197	4225	4232	28	2482	5942
2009-10-29	4232	4190	4200	4135	4144	4157	-75	2478	6512
2009-10-30	4157	4200	4224	4193	4203	4211	54	2454	7004
2009-11-02	4211	4150	4166	4117	4165	4145	-66	2952	7542
2009-11-03	4145	4170	4189	4164	4176	4175	30	2374	8038
2009-11-04	4175	4191	4198	4177	4183	4186	11	3606	9484
2009-11-05	4186	4190	4193	4177	4185	4185	-1	4348	10002
2009-11-06	4185	4188	4219	4184	4214	4208	23	8446	12244
2009-11-09	4208	4191	4240	4191	4234	4226	18	17502	19752
2009-11-10	4226	4250	4263	4216	4220	4231	5	18232	21010
2009-11-11	4231	4225	4236	4198	4210	4216	-15	16498	22470
2009-11-12	4216	4231	4232	4200	4227	4216	0	32960	29604
2009-11-13	4216	4180	4195	4158	4194	4177	-39	48116	38590
2009-11-16	4177	4210	4289	4202	4276	4252	75	171950	71940
2009-11-17	4252	4300	4305	4251	4261	4272	20	175282	76240
2009-11-18	4272	4282	4350	4261	4346	4308	36	331612	105192
2009-11-19	4308	4326	4335	4306	4319	4321	13	236822	108714
2009-11-20	4321	4315	4326	4286	4307	4307	-14	190450	117484
2009-11-23	4307	4338	4386	4322	4381	4361	54	228720	132174
2009-11-24	4361	4330	4369	4280	4292	4332	-29	224494	126480
2009-11-25	4332	4289	4341	4284	4329	4310	-22	224296	131898
2009-11-26	4310	4341	4364	4290	4307	4331	21	212798	128362
2009-11-27	4331	4283	4286	4162	4184	4226	-105	217106	112090
2009-11-30	4226	4235	4257	4203	4247	4236	10	160226	110024
2009-12-01	4236	4260	4282	4234	4248	4257	21	212740	115318
2009-12-02	4257	4272	4292	4268	4273	4278	21	161788	113158
2009-12-03	4278	4260	4286	4247	4285	4263	-15	164562	114142
2009-12-04	4263	4260	4345	4256	4341	4313	50	330298	129616
2009-12-07	4313	4335	4380	4333	4348	4355	42	243026	128406
2009-12-08	4355	4342	4354	4306	4352	4327	-28	222416	141940
2009-12-09	4327	4336	4422	4301	4383	4384	57	809844	191538
2009-12-10	4384	4370	4376	4225	4290	4309	-75	648138	160298
2009-12-11	4309	4290	4324	4277	4295	4302	-7	335688	151492
2009-12-14	4302	4256	4298	4243	4289	4269	-33	292258	159780
2009-12-15	4269	4299	4333	4288	4309	4314	45	313886	166962
2009-12-16	4314	4331	4345	4321	4329	4333	19	259736	168314
2009-12-17	4333	4377	4377	4304	4313	4335	2	239000	162676
2009-12-18	4335	4300	4335	4292	4310	4317	-18	182206	157010
2009-12-21	4317	4325	4346	4307	4315	4322	5	175910	155368
2009-12-22	4322	4298	4298	4266	4271	4281	-41	163402	147292
2009-12-23	4281	4281	4292	4245	4269	4270	-11	148700	139686
2009-12-24	4270	4301	4327	4298	4313	4312	42	159644	126968
2009-12-25	4312	4330	4330	4270	4301	4303	-9	162960	116676
2009-12-28	4303	4305	4350	4305	4325	4331	28	179660	93862
2009-12-29	4331	4331	4360	4325	4336	4343	12	91118	66522
2009-12-30	4343	4330	4348	4315	4339	4330	-13	54092	52098
2009-12-31	4330	4349	4366	4334	4339	4348	18	36740	40044
2010-01-04	4348	4351	4379	4348	4358	4363	15	29964	36334
2010-01-05	4363	4380	4502	4380	4499	4442	79	35128	33438
2010-01-06	4442	4492	4565	4492	4525	4533	91	28208	31048
2010-01-07	4533	4557	4588	4358	4440	4476	-57	18630	29540
2010-01-08	4476	4440	4452	4355	4440	4406	-70	17246	30162
2010-01-11	4406	4467	4573	4467	4550	4524	118	7564	29432
2010-01-12	4524	4538	4538	4460	4495	4484	-40	6200	27934
2010-01-13	4484	4430	4454	4265	4425	4402	-82	7056	27766
2010-01-14	4402	4475	4500	4437	4467	4474	72	2242	27928
2010-01-15	4474	4433	4460	4405	4421	4427	-47	3242	27580
2010-01-18	4427	4421	4441	4358	4429	4423	-4	3122	27226
2010-01-19	4423	4418	4468	4418	4440	4446	23	1030	27020
2010-01-20	4446	4475	4478	4430	4436	4450	4	1006	26784
2010-01-21	4450	4361	4480	4361	4472	4440	-10	1314	26664
2010-01-22	4440	4410	4465	4390	4435	4426	-14	2700	26076
2010-01-25	4426	4400	4449	4400	4415	4419	-7	456	25918
2010-01-26	4419	4440	4441	4384	4390	4401	-18	3134	25060
2010-01-27	4401	4390	4399	4385	4391	4392	-9	2356	23918
2010-01-28	4392	4390	4438	4370	4408	4395	3	2374	22994
2010-01-29	4395	4402	4450	4315	4315	4409	14	5166	22136
2010-02-01	4409	4345	4367	4320	4339	4344	-65	796	21600
2010-02-02	4344	?	?	?	4344	4344	0	?	21600
2010-02-03	4344	4411	4411	4398	4398	4404	60	40	21620
2010-02-04	4404	4370	4379	4370	4379	4374	-30	40	21620
2010-02-05	4374	4280	4306	4204	4293	4249	-125	400	21720
2010-02-08	4249	4288	4288	4240	4250	4254	5	160	21720
2010-02-09	4254	4230	4260	4230	4250	4250	-4	100	21740
2010-02-10	4250	4275	4275	4275	4275	4275	25	40	21780
2010-02-11	4275	4356	4356	4300	4300	4325	50	220	21780
2010-02-12	4325	4300	4390	4300	4390	4357	32	120	21780
2010-02-22	4357	4395	4405	4380	4405	4394	37	180	21720
2010-02-23	4394	?	?	?	4394	4394	0	?	21720
2010-02-24	4394	4350	4410	4336	4336	4365	-29	60	21700
2010-02-25	4365	4411	4420	4360	4370	4381	16	400	21680
2010-02-26	4381	4390	4550	4330	4500	4438	57	180	21640
