2010-11-15	10442	0	0	0	0	10442	-10442	0	0
2010-11-16	10442	10410	10410	10410	10410	10410	-32	2	2
2010-11-17	10410	9888	9888	9888	9888	9888	-522	2	4
2010-11-18	9888	9898	9898	9816	9816	9858	-72	4	2
2010-11-19	9858	9866	9866	9866	9866	9866	8	2	4
2010-11-22	9866	9828	9828	9828	9828	9828	-38	2	4
2010-11-23	9828	9700	9700	9688	9688	9694	-140	10	10
2010-11-24	9694	9788	9952	9788	9952	9896	258	6	8
2010-11-25	9896	9924	10014	9924	10014	9956	118	6	8
2010-11-26	9956	9778	9778	9778	9778	9778	-178	2	10
2010-11-29	9778	9944	9944	9944	9944	9944	166	2	8
2010-11-30	9944	0	0	0	0	9962	-9944	0	8
2010-12-01	9962	10006	10006	10006	10006	10006	44	4	12
2010-12-02	10006	10346	10346	10270	10270	10322	264	6	12
2010-12-03	10322	10150	10202	10138	10174	10162	-148	14	12
2010-12-06	10162	10288	10288	10288	10288	10288	126	2	14
2010-12-07	10288	0	0	0	0	10360	-10288	0	14
2010-12-08	10360	10310	10310	10310	10310	10310	-50	2	12
2010-12-09	10310	10310	10310	10242	10242	10276	-68	4	12
2010-12-10	10276	0	0	0	0	10264	-10276	0	12
2010-12-13	10264	9712	10826	9712	10394	10804	130	260	260
2010-12-14	10804	10396	10496	10396	10402	10438	-402	10	262
2010-12-15	10438	10600	10600	10600	10600	10600	162	2	262
2010-12-16	10600	10560	10560	10480	10480	10520	-120	4	260
2010-12-17	10520	10580	10580	10580	10580	10580	60	2	260
2010-12-20	10580	0	0	0	0	10580	-10580	0	260
2010-12-21	10580	0	0	0	0	10640	-10580	0	260
2010-12-22	10640	10668	10780	10668	10780	10724	140	8	260
2010-12-23	10724	10738	10868	10738	10868	10804	144	8	260
2010-12-24	10804	10838	10946	10838	10946	10892	142	8	260
2010-12-27	10892	10834	10970	10834	10902	10908	10	14	260
2010-12-28	10908	0	0	0	0	11016	-10908	0	260
2010-12-29	11016	10950	11056	10932	10932	10990	-84	10	260
2010-12-30	10990	10910	10910	10778	10870	10800	-120	260	10
2010-12-31	10800	10930	11018	10914	10914	10962	114	10	10
2011-01-04	10962	11000	11152	11000	11152	11100	190	14	16
2011-01-05	11100	11028	11158	11028	11158	11094	58	8	16
2011-01-06	11094	11200	11266	11068	11266	11188	172	26	16
2011-01-07	11188	11068	11068	10848	10944	10936	-244	16	16
2011-01-10	10936	10958	10958	10882	10882	10934	-54	6	12
2011-01-11	10934	10906	10996	10906	10996	10952	62	8	12
2011-01-12	10952	10818	10824	10808	10824	10820	-128	10	18
2011-01-13	10820	10930	11032	10930	11032	10982	212	8	18
2011-01-14	10982	10898	10976	10898	10976	10938	-6	8	18
2011-01-17	10938	11198	11198	10828	10968	10958	30	12	18
2011-01-18	10958	10728	10880	10566	10578	10712	-380	24	32
2011-01-19	10712	10810	11012	10810	11012	10962	300	20	28
2011-01-20	10962	0	0	0	0	10922	-10962	0	28
2011-01-21	10922	10928	10928	10928	10928	10928	6	2	26
2011-01-24	10928	11122	11122	11024	11024	11074	96	4	24
2011-01-25	11074	0	0	0	0	10878	-11074	0	24
2011-01-26	10878	10606	10606	10600	10600	10604	-278	6	24
2011-01-27	10604	10668	10668	10668	10668	10668	64	2	24
2011-01-28	10668	0	0	0	0	10668	-10668	0	24
2011-01-31	10668	0	0	0	0	10790	-10668	0	24
2011-02-01	10790	0	0	0	0	10790	-10790	0	24
2011-02-09	10790	10874	10874	10874	10874	10874	84	4	28
2011-02-10	10874	11114	11170	11062	11170	11116	296	22	18
2011-02-11	11116	11130	11154	11072	11154	11140	38	14	28
2011-02-14	11140	10994	10994	10994	10994	10994	-146	14	20
2011-02-15	10994	11052	11222	11052	11170	11142	176	8	22
2011-02-16	11142	10830	10830	10830	10830	10830	-312	2	20
2011-02-17	10830	10814	10814	10706	10706	10760	-124	4	18
2011-02-18	10760	0	0	0	0	10740	-10760	0	18
2011-02-21	10740	0	0	0	0	10740	-10740	0	18
2011-02-22	10740	0	0	0	0	10740	-10740	0	18
2011-02-23	10740	10368	10434	10368	10434	10402	-306	4	20
2011-02-24	10402	10238	10238	10238	10238	10238	-164	2	18
2011-02-25	10238	0	0	0	0	10334	-10238	0	18
2011-02-28	10334	10578	10578	10578	10578	10578	244	2	18
2011-03-01	10578	10462	10462	10462	10462	10462	-116	2	16
2011-03-02	10462	10602	10602	10508	10508	10556	46	4	16
2011-03-03	10556	10746	10834	10556	10556	10710	0	32	24
2011-03-04	10710	10724	10724	10724	10724	10724	14	2	22
2011-03-07	10724	10720	10720	10720	10720	10720	-4	2	20
2011-03-08	10720	10468	10568	10468	10568	10518	-152	8	20
2011-03-09	10518	10396	10508	10396	10508	10452	-10	8	20
2011-03-10	10452	0	0	0	0	10398	-10452	0	20
2011-03-11	10398	0	0	0	0	10398	-10398	0	20
2011-03-14	10398	10358	10390	10168	10390	10306	-8	6	22
2011-03-15	10306	10178	10298	10178	10298	10238	-8	8	22
2011-03-16	10238	10008	10122	10008	10122	10066	-116	8	22
2011-03-17	10066	0	0	0	0	10178	-10066	0	22
2011-03-18	10178	0	0	0	0	10322	-10178	0	22
2011-03-21	10322	0	0	0	0	10430	-10322	0	22
2011-03-22	10430	0	0	0	0	10430	-10430	0	22
2011-03-23	10430	0	0	0	0	10480	-10430	0	22
2011-03-24	10480	10454	10454	10080	10218	10188	-262	190	146
2011-03-25	10188	0	0	0	0	10278	-10188	0	146
2011-03-28	10278	10312	10342	10312	10342	10328	64	4	148
2011-03-29	10328	10316	10316	10306	10306	10310	-22	6	150
2011-03-30	10310	0	0	0	0	10426	-10310	0	150
2011-03-31	10426	0	0	0	0	10458	-10426	0	150
2011-04-01	10458	10612	10612	10508	10508	10560	50	4	148
2011-04-06	10560	0	0	0	0	10680	-10560	0	148
2011-04-07	10680	10696	10714	10682	10714	10704	34	16	148
2011-04-08	10704	10706	10802	10706	10802	10776	98	88	150
2011-04-11	10776	10898	11126	10898	10936	11044	160	154	96
2011-04-12	11044	10812	10824	10806	10806	10816	-238	14	98
2011-04-13	10816	10760	10810	10760	10810	10768	-6	12	110
2011-04-14	10768	10620	10656	10560	10560	10604	-208	14	98
2011-04-15	10604	10576	10592	10492	10492	10568	-112	78	28
2011-04-18	10568	10460	10474	10460	10474	10466	-94	6	22
2011-04-19	10466	0	0	0	0	10466	-10466	0	22
2011-04-20	10466	0	0	0	0	10524	-10466	0	22
2011-04-21	10524	0	0	0	0	10524	-10524	0	22
2011-04-22	10524	0	0	0	0	10592	-10524	0	22
2011-04-25	10592	10674	10674	10674	10674	10674	82	2	22
2011-04-26	10674	0	0	0	0	10480	-10674	0	22
2011-04-27	10480	0	0	0	0	10464	-10480	0	22
2011-04-28	10464	10548	10548	10476	10476	10512	12	4	22
2011-04-29	10512	10352	10352	10352	10352	10352	-160	2	22
2011-05-03	10352	0	0	0	0	10364	-10352	0	22
2011-05-04	10364	0	0	0	0	10344	-10364	0	22
2011-05-05	10344	0	0	0	0	10314	-10344	0	22
2011-05-06	10314	10070	10070	10070	10070	10070	-244	2	22
2011-05-09	10070	10020	10148	10020	10148	10106	78	6	24
2011-05-10	10106	10160	10160	10110	10110	10136	4	4	22
2011-05-11	10136	0	0	0	0	10180	-10136	0	22
2011-05-12	10180	0	0	0	0	10128	-10180	0	22
2011-05-13	10128	0	0	0	0	10238	-10128	0	22
2011-05-16	10238	0	0	0	0	10232	-10238	0	22
2011-05-17	10232	0	0	0	0	10232	-10232	0	22
2011-05-18	10232	0	0	0	0	10248	-10232	0	22
2011-05-19	10248	0	0	0	0	10312	-10248	0	22
2011-05-20	10312	0	0	0	0	10426	-10312	0	22
2011-05-23	10426	0	0	0	0	10426	-10426	0	22
2011-05-24	10426	10484	10484	10426	10426	10464	0	8	22
2011-05-25	10464	0	0	0	0	10464	-10464	0	22
2011-05-26	10464	0	0	0	0	10464	-10464	0	22
2011-05-27	10464	10474	10474	10474	10474	10474	10	4	22
2011-05-30	10474	0	0	0	0	10474	-10474	0	22
2011-05-31	10474	0	0	0	0	10474	-10474	0	22
2011-06-01	10474	0	0	0	0	10474	-10474	0	22
2011-06-02	10474	0	0	0	0	10474	-10474	0	22
2011-06-03	10474	10600	10600	10568	10568	10584	94	4	20
2011-06-07	10584	10458	10458	10458	10458	10458	-126	2	18
2011-06-08	10458	0	0	0	0	10458	-10458	0	18
2011-06-09	10458	0	0	0	0	10458	-10458	0	18
2011-06-10	10458	0	0	0	0	10458	-10458	0	18
2011-06-13	10458	10350	10350	10350	10350	10350	-108	4	20
2011-06-14	10350	0	0	0	0	10368	-10350	0	20
2011-06-15	10368	10428	10428	10428	10428	10428	60	2	18
2011-06-16	10428	0	0	0	0	10380	-10428	0	18
2011-06-17	10380	10358	10358	10358	10358	10358	-22	2	18
2011-06-20	10358	0	0	0	0	10358	-10358	0	18
2011-06-21	10358	0	0	0	0	10358	-10358	0	18
2011-06-22	10358	0	0	0	0	10358	-10358	0	18
2011-06-23	10358	0	0	0	0	10346	-10358	0	18
2011-06-24	10346	0	0	0	0	10334	-10346	0	18
2011-06-27	10334	0	0	0	0	10232	-10334	0	18
2011-06-28	10232	0	0	0	0	10226	-10232	0	18
2011-06-29	10226	0	0	0	0	10226	-10226	0	18
2011-06-30	10226	0	0	0	0	10226	-10226	0	18
2011-07-01	10226	0	0	0	0	10226	-10226	0	18
2011-07-04	10226	0	0	0	0	10250	-10226	0	18
2011-07-05	10250	0	0	0	0	10250	-10250	0	18
2011-07-06	10250	0	0	0	0	10250	-10250	0	18
2011-07-07	10250	0	0	0	0	10270	-10250	0	18
2011-07-08	10270	10372	10452	10372	10452	10412	182	8	18
2011-07-11	10412	10494	10494	10494	10494	10494	82	8	18
2011-07-12	10494	0	0	0	0	10420	-10494	0	18
2011-07-13	10420	0	0	0	0	10464	-10420	0	18
2011-07-14	10464	0	0	0	0	10510	-10464	0	18
2011-07-15	10510	0	0	0	0	10510	-10510	0	18
2011-07-18	10510	0	0	0	0	10488	-10510	0	18
2011-07-19	10488	0	0	0	0	10488	-10488	0	18
2011-07-20	10488	10440	10512	10424	10512	10472	24	20	18
2011-07-21	10472	0	0	0	0	10502	-10472	0	18
2011-07-22	10502	10412	10448	10412	10448	10430	-54	4	18
2011-07-25	10430	10400	10450	10398	10450	10416	20	12	10
2011-07-26	10416	0	0	0	0	10416	-10416	0	10
2011-07-27	10416	0	0	0	0	10434	-10416	0	10
2011-07-28	10434	0	0	0	0	10434	-10434	0	10
2011-07-29	10434	0	0	0	0	10434	-10434	0	10
2011-08-01	10434	0	0	0	0	10476	-10434	0	10
2011-08-02	10476	10454	10550	10454	10550	10478	74	8	8
2011-08-03	10478	0	0	0	0	10486	-10478	0	8
2011-08-04	10486	10496	10538	10458	10458	10498	-28	6	6
2011-08-05	10498	10308	10360	10308	10354	10340	-144	22	22
2011-08-08	10340	10302	10352	10300	10352	10326	12	32	34
2011-08-09	10326	10208	10220	10174	10178	10196	-148	10	32
2011-08-10	10196	10298	10298	10260	10260	10280	64	14	46
2011-08-11	10280	10224	10224	10224	10224	10224	-56	6	46
2011-08-12	10224	0	0	0	0	10242	-10224	0	46
2011-08-15	10242	0	0	0	0	10338	-10242	0	46
2011-08-16	10338	10330	10330	10330	10330	10330	-8	8	38
2011-08-17	10330	0	0	0	0	10372	-10330	0	38
2011-08-18	10372	10446	10446	10380	10380	10414	8	4	38
2011-08-19	10414	0	0	0	0	10402	-10414	0	38
2011-08-22	10402	10368	10368	10368	10368	10368	-34	2	40
2011-08-23	10368	10418	10418	10366	10416	10404	48	12	40
2011-08-24	10404	0	0	0	0	10404	-10404	0	40
2011-08-25	10404	0	0	0	0	10404	-10404	0	40
2011-08-26	10404	0	0	0	0	10404	-10404	0	40
2011-08-29	10404	10486	10500	10486	10500	10496	96	6	38
2011-08-30	10496	10504	10512	10500	10512	10510	16	18	38
2011-08-31	10510	10540	10540	10480	10530	10496	20	44	38
2011-09-01	10496	0	0	0	0	10496	-10496	0	38
2011-09-02	10496	10398	10398	10398	10398	10398	-98	2	38
2011-09-05	10398	0	0	0	0	10398	-10398	0	38
2011-09-06	10398	10380	10456	10370	10456	10396	58	14	36
2011-09-07	10396	0	0	0	0	10514	-10396	0	36
2011-09-08	10514	0	0	0	0	10514	-10514	0	36
2011-09-09	10514	0	0	0	0	10514	-10514	0	36
2011-09-13	10514	0	0	0	0	10482	-10514	0	36
2011-09-14	10482	0	0	0	0	10420	-10482	0	36
2011-09-15	10420	0	0	0	0	10420	-10420	0	36
2011-09-16	10420	0	0	0	0	10420	-10420	0	36
2011-09-19	10420	0	0	0	0	10406	-10420	0	36
2011-09-20	10406	0	0	0	0	10406	-10406	0	36
2011-09-21	10406	0	0	0	0	10406	-10406	0	36
2011-09-22	10406	0	0	0	0	10388	-10406	0	36
2011-09-23	10388	10280	10280	10280	10280	10280	-108	2	36
2011-09-26	10280	9814	9814	9814	9814	9814	-466	2	34
2011-09-27	9814	0	0	0	0	9902	-9814	0	34
2011-09-28	9902	0	0	0	0	9902	-9902	0	34
2011-09-29	9902	0	0	0	0	9902	-9902	0	34
2011-09-30	9902	0	0	0	0	9902	-9902	0	34
2011-10-10	9902	10010	10010	9970	9970	9990	68	4	34
2011-10-11	9990	10080	10080	9870	9870	9966	-120	12	34
2011-10-12	9966	0	0	0	0	9966	-9966	0	34
2011-10-13	9966	0	0	0	0	9966	-9966	0	34
2011-10-14	9966	0	0	0	0	9966	-9966	0	34
2011-10-17	9966	0	0	0	0	9978	-9966	0	34
2011-10-18	9978	0	0	0	0	9978	-9978	0	34
2011-10-19	9978	10180	10180	10010	10010	10096	32	4	34
2011-10-20	10096	0	0	0	0	10096	-10096	0	34
2011-10-21	10096	0	0	0	0	10096	-10096	0	34
2011-10-24	10096	0	0	0	0	10096	-10096	0	34
2011-10-25	10096	10510	10510	10200	10200	10422	104	10	32
2011-10-26	10422	0	0	0	0	10422	-10422	0	32
2011-10-27	10422	10430	10832	10424	10730	10656	308	12	32
2011-10-28	10656	10510	10510	10510	10510	10510	-146	2	32
2011-10-31	10510	10082	11030	10082	11030	10406	520	6	32
2011-11-01	10406	0	0	0	0	10406	0	0	32
2011-11-02	10406	0	0	0	0	10406	0	0	32
2011-11-03	10406	0	0	0	0	10406	0	0	32
2011-11-04	10406	0	0	0	0	10406	0	0	32
2011-11-07	10406	10600	10600	10600	10600	10600	194	2	32
2011-11-08	10600	0	0	0	0	10600	0	0	32
2011-11-09	10600	0	0	0	0	10600	0	0	32
2011-11-10	10600	0	0	0	0	10600	0	0	32
2011-11-11	10600	11130	11130	11130	11130	11130	530	12	26
2011-11-14	11130	0	0	0	0	11130	0	0	0
