2010-01-04	8352	8570	8600	8570	8600	8582	248	8	1066
2010-01-05	8582	0	0	0	0	8582	-8582	0	1066
2010-01-06	8582	0	0	0	0	8582	-8582	0	1066
2010-01-07	8582	8502	8570	8326	8460	8436	-122	106	1100
2010-01-08	8436	8280	8458	8280	8390	8342	-46	176	1086
2010-01-11	8342	8512	8518	8450	8450	8476	108	10	1090
2010-01-12	8476	8550	8574	8550	8574	8558	98	6	1094
2010-01-13	8558	0	0	0	0	8500	-8558	0	1094
2010-01-14	8500	8450	8580	8450	8570	8514	70	8	1094
2010-01-15	8514	0	0	0	0	8514	-8514	0	1094
2010-01-18	8514	0	0	0	0	8644	-8514	0	1094
2010-01-19	8644	0	0	0	0	8674	-8644	0	1094
2010-01-20	8674	8628	8704	8578	8606	8630	-68	802	1774
2010-01-21	8630	8580	8670	8552	8670	8608	40	728	2362
2010-01-22	8608	8618	8618	8424	8476	8554	-132	224	2328
2010-01-25	8554	8478	8482	8426	8480	8462	-74	40	2336
2010-01-26	8462	8550	8550	8376	8388	8426	-74	84	2392
2010-01-27	8426	8424	8424	8226	8286	8278	-140	178	2458
2010-01-28	8278	8166	8188	8100	8148	8156	-130	318	2400
2010-01-29	8156	8204	8204	8132	8182	8176	26	42	2394
2010-02-01	8176	8138	8138	8018	8124	8062	-52	598	2120
2010-02-02	8062	8190	8202	8088	8092	8146	30	238	1974
2010-02-03	8146	8220	8300	8220	8300	8266	154	20	1964
2010-02-04	8266	8246	8298	8246	8298	8276	32	6	1962
2010-02-05	8276	8144	8172	7944	8164	8114	-112	26	1958
2010-02-08	8114	8142	8142	8142	8142	8142	28	2	1956
2010-02-09	8142	8166	8268	8166	8268	8242	126	18	1966
2010-02-10	8242	8324	8330	8292	8300	8328	58	410	1590
2010-02-11	8328	8370	8384	8278	8352	8356	24	1156	622
2010-02-12	8356	8450	8566	8450	8534	8454	178	136	500
2010-02-22	8454	8580	8584	8580	8584	8582	130	18	488
2010-02-23	8582	8546	8604	8546	8598	8590	16	38	476
2010-02-24	8590	8552	8622	8492	8618	8562	28	534	458
2010-02-25	8562	8544	8544	8524	8544	8538	-18	48	424
2010-02-26	8538	8520	8520	8520	8520	8520	-18	2	424
2010-03-01	8520	8512	8512	8506	8506	8510	-14	4	424
2010-03-02	8510	8476	8618	8420	8436	8458	-74	234	412
2010-03-03	8458	8446	8470	8406	8406	8428	-52	154	404
2010-03-04	8428	8416	8416	8340	8356	8374	-72	98	446
2010-03-05	8374	8330	8366	8330	8366	8356	-8	18	442
2010-03-08	8356	8426	8524	8416	8516	8502	160	106	366
2010-03-09	8502	8536	8536	8534	8534	8536	32	8	364
2010-03-10	8536	8570	8570	8502	8502	8526	-34	6	364
2010-03-11	8526	8488	8488	8410	8430	8442	-96	100	400
2010-03-12	8442	8432	8432	8416	8422	8426	-20	20	394
2010-03-15	8426	8340	8340	8258	8278	8312	-148	38	394
2010-03-16	8312	8194	8198	8194	8198	8198	-114	6	394
2010-03-17	8198	0	0	0	0	8370	-8198	0	394
2010-03-18	8370	8388	8414	8330	8330	8392	-40	132	320
2010-03-19	8392	8344	8344	8312	8312	8324	-80	6	316
2010-03-22	8324	8222	8334	8220	8334	8298	10	24	314
2010-03-23	8298	8494	8494	8286	8286	8354	-12	34	314
2010-03-24	8354	8248	8304	8248	8298	8274	-56	42	338
2010-03-25	8274	8314	8352	8314	8344	8340	70	8	340
2010-03-26	8340	8358	8426	8356	8420	8402	80	78	384
2010-03-29	8402	8460	8512	8326	8484	8472	82	558	554
2010-03-30	8472	8490	8494	8448	8450	8490	-22	128	448
2010-03-31	8490	8460	8460	8436	8436	8446	-54	52	460
2010-04-01	8446	8434	8462	8434	8456	8454	10	24	480
2010-04-02	8454	8534	8536	8480	8486	8504	32	40	510
2010-04-06	8504	8556	8582	8538	8566	8574	62	82	516
2010-04-07	8574	8548	8548	8548	8548	8548	-26	2	516
2010-04-08	8548	8548	8548	8478	8478	8494	-70	14	508
2010-04-09	8494	8502	8510	8502	8510	8506	16	4	512
2010-04-12	8506	8514	8514	8500	8500	8506	-6	28	510
2010-04-13	8506	8450	8476	8450	8476	8460	-30	132	548
2010-04-14	8460	8478	8498	8478	8498	8488	38	4	550
2010-04-15	8488	8506	8530	8490	8512	8516	24	162	662
2010-04-16	8516	8482	8482	8446	8446	8460	-70	18	660
2010-04-19	8460	8388	8394	8316	8318	8358	-142	146	576
2010-04-20	8358	8552	8552	8334	8368	8368	10	46	580
2010-04-21	8368	8366	8384	8358	8382	8372	14	144	694
2010-04-22	8372	8330	8354	8330	8354	8342	-18	16	686
2010-04-23	8342	8384	8384	8350	8350	8372	8	20	672
2010-04-26	8372	8374	8408	8374	8376	8392	4	328	616
2010-04-27	8392	8334	8346	8310	8314	8324	-78	98	594
2010-04-28	8324	8230	8250	8180	8220	8230	-104	54	610
2010-04-29	8230	8250	8250	8206	8206	8226	-24	268	836
2010-04-30	8226	8228	8228	8204	8204	8208	-22	38	872
2010-05-04	8208	8150	8170	8148	8170	8156	-38	18	872
2010-05-05	8156	8050	8088	8050	8088	8078	-68	424	1110
2010-05-06	8078	8070	8080	8030	8030	8068	-48	106	1066
2010-05-07	8068	7914	7934	7864	7864	7898	-204	148	1002
2010-05-10	7898	7868	7920	7820	7920	7892	22	392	1198
2010-05-11	7892	7904	7942	7866	7866	7928	-26	78	1232
2010-05-12	7928	7896	7940	7888	7888	7912	-40	16	1228
2010-05-13	7912	7934	7934	7856	7866	7880	-46	200	1236
2010-05-14	7880	7792	7792	7672	7672	7728	-208	186	1114
2010-05-17	7728	7544	7546	7418	7418	7462	-310	110	1116
2010-05-18	7462	7348	7464	7250	7456	7308	-6	728	1566
2010-05-19	7308	7292	7442	7292	7404	7428	96	724	1568
2010-05-20	7428	7468	7480	7426	7442	7436	14	114	1546
2010-05-21	7436	7342	7368	7292	7350	7336	-86	508	1436
2010-05-24	7336	7458	7458	7448	7448	7450	112	14	1438
2010-05-25	7450	7346	7350	7236	7236	7304	-214	402	1570
2010-05-26	7304	0	0	0	0	7304	-7304	0	1570
2010-05-27	7304	7334	7428	7324	7400	7384	96	128	1602
2010-05-28	7384	7500	7504	7470	7470	7490	86	134	1610
2010-05-31	7490	7460	7550	7446	7446	7494	-44	244	1742
2010-06-01	7494	7392	7392	7390	7390	7392	-104	40	1762
2010-06-02	7392	7310	7316	7232	7232	7274	-160	30	1770
2010-06-03	7274	7350	7350	7322	7322	7330	48	32	1766
2010-06-04	7330	7282	7282	7238	7266	7248	-64	26	1758
2010-06-07	7248	7000	7000	6970	6970	6982	-278	72	1748
2010-06-08	6982	6982	7000	6980	6992	6988	10	58	1718
2010-06-09	6988	7044	7062	7000	7062	7024	74	182	1746
2010-06-10	7024	7108	7150	7100	7122	7124	98	240	1736
2010-06-11	7124	7150	7150	7150	7150	7150	26	42	1694
2010-06-17	7150	7226	7238	7142	7142	7208	-8	816	2124
2010-06-18	7208	7200	7200	7148	7158	7178	-50	330	1882
2010-06-22	7294	7284	7316	7284	7304	7302	10	768	5526
2010-06-23	7302	7256	7290	7228	7254	7256	-48	2404	7790
2010-06-24	7256	7244	7294	7232	7274	7266	18	1270	8936
2010-06-25	7266	7274	7274	7232	7242	7256	-24	404	8868
2010-06-28	7256	7316	7316	7270	7272	7288	16	454	9004
2010-06-29	7288	7260	7260	7136	7142	7186	-146	2068	10968
2010-06-30	7186	7104	7120	7100	7112	7108	-74	206	10848
2010-07-02	7052	6962	7050	6962	7044	7016	-8	1572	10712
2010-07-05	7016	7018	7080	7016	7064	7040	48	1222	11798
2010-07-06	7040	6970	7038	6960	7038	6984	-2	1314	11958
2010-07-07	6984	7040	7058	7030	7040	7042	56	228	11944
2010-07-08	7042	7124	7124	6766	7098	7110	56	1918	12824
2010-07-09	7110	7132	7150	7096	7150	7126	40	970	13490
2010-07-12	7126	7160	7160	7052	7052	7142	-74	2030	14672
2010-07-13	7142	7038	7038	6982	6984	7004	-158	2440	14708
