2010-10-22	8940	0	0	0	0	8966	-8940	0	0
2010-10-25	8966	0	0	0	0	9230	-8966	0	0
2010-10-26	9230	9876	9876	9114	9196	9456	-34	92	38
2010-10-27	9456	0	0	0	0	9338	-9456	0	38
2010-10-28	9338	9400	9400	9284	9284	9342	-54	8	38
2010-10-29	9342	9252	9464	9252	9464	9358	122	60	40
2010-11-01	9358	9418	9418	9418	9418	9418	60	2	40
2010-11-02	9418	0	0	0	0	9418	-9418	0	40
2010-11-03	9418	0	0	0	0	9418	-9418	0	40
2010-11-04	9418	9602	9796	9544	9796	9600	378	64	44
2010-11-05	9600	10176	10176	10176	10176	10176	576	6	44
2010-11-08	10176	10788	10788	10788	10788	10788	612	4	44
2010-11-09	10788	10788	10788	10788	10788	10788	0	12	32
2010-11-10	10788	11326	11328	11100	11328	11314	540	152	94
2010-11-11	11314	11900	11900	10958	11140	11296	-174	1752	1342
2010-11-12	11296	10890	10890	10730	10730	10810	-566	4	1344
2010-11-15	10810	10220	10516	10012	10022	10114	-788	212	1344
2010-11-16	10114	10346	10560	10346	10450	10372	336	356	1690
2010-11-17	10372	10022	10166	9852	9852	10010	-520	62	1652
2010-11-18	10010	10510	10510	9890	10192	10092	182	98	1658
2010-11-19	10092	10270	10270	10056	10056	10154	-36	8	1662
2010-11-22	10154	10110	10218	10110	10148	10150	-6	18	1652
2010-11-23	10150	10080	10080	9818	9896	9894	-254	18	1654
2010-11-24	9894	9982	9996	9982	9996	9988	102	6	1656
2010-11-25	9988	9998	10058	9896	9896	10000	-92	12	1650
2010-11-26	10000	9682	9718	9570	9574	9624	-426	488	1298
2010-11-29	9624	9608	9626	9600	9610	9608	-14	50	1248
2010-11-30	9608	9480	9480	9480	9480	9480	-128	2	1246
2010-12-01	9480	0	0	0	0	9532	-9480	0	1246
2010-12-02	9532	9796	9800	9728	9728	9788	196	30	1216
2010-12-03	9788	0	0	0	0	9788	-9788	0	1216
2010-12-06	9788	0	0	0	0	9824	-9788	0	1216
2010-12-07	9824	9760	9760	9726	9726	9728	-98	508	1708
2010-12-08	9728	0	0	0	0	9728	-9728	0	1708
2010-12-09	9728	9896	9896	9896	9896	9896	168	20	1710
2010-12-10	9896	9788	9800	9704	9800	9782	-96	34	1708
2010-12-13	9782	0	0	0	0	10090	-9782	0	1708
2010-12-14	10090	10146	10146	10118	10118	10146	28	284	1428
2010-12-15	10146	10116	10172	10028	10046	10074	-100	18	1432
2010-12-16	10074	0	0	0	0	10032	-10074	0	1432
2010-12-17	10032	10032	10032	10032	10032	10032	0	2	1434
2010-12-20	10032	10032	10116	10032	10116	10060	84	6	1430
2010-12-21	10060	10182	10182	10182	10182	10182	122	2	1430
2010-12-22	10182	0	0	0	0	10182	-10182	0	1430
2010-12-23	10182	10244	10308	10244	10308	10276	126	4	1428
2010-12-24	10276	10276	10528	10276	10528	10452	252	8	1426
2010-12-27	10452	10496	10496	10496	10496	10496	44	2	1428
2010-12-28	10496	10600	10600	10544	10544	10546	48	102	1330
2010-12-29	10546	10554	10564	10402	10460	10560	-86	922	420
2010-12-30	10560	10448	10554	10448	10554	10502	-6	4	418
2010-12-31	10502	0	0	0	0	10608	-10502	0	418
2011-01-04	10608	10838	10868	10838	10868	10864	260	14	420
2011-01-05	10864	0	0	0	0	10864	-10864	0	420
2011-01-06	10864	10986	11050	10986	11050	11018	186	8	420
2011-01-07	11018	10954	10954	10710	10710	10784	-308	78	418
2011-01-10	10784	10720	10758	10720	10728	10736	-56	6	420
2011-01-11	10736	0	0	0	0	10736	-10736	0	420
2011-01-12	10736	10896	10896	10896	10896	10896	160	8	412
2011-01-13	10896	11078	11080	11024	11024	11056	128	82	468
2011-01-14	11056	11038	11104	11038	11104	11078	48	268	408
2011-01-17	11078	11120	11120	11038	11038	11106	-40	38	408
2011-01-18	11106	11140	11200	11032	11200	11098	94	168	408
2011-01-19	11098	11160	11198	11160	11198	11196	100	44	408
2011-01-20	11196	0	0	0	0	11108	-11196	0	408
2011-01-21	11108	11066	11234	11066	11234	11162	126	46	410
2011-01-24	11162	11436	11806	11436	11806	11720	644	234	450
2011-01-25	11720	11690	11690	11600	11600	11620	-120	24	426
2011-01-26	11620	11622	11672	11622	11672	11648	52	28	426
2011-01-27	11648	11772	11772	11772	11772	11772	124	2	426
2011-01-28	11772	0	0	0	0	11718	-11772	0	426
2011-01-31	11718	11936	12156	11934	12050	12066	332	152	452
2011-02-01	12066	12094	12146	12094	12146	12136	80	74	452
2011-02-09	12136	0	0	0	0	12136	-12136	0	452
2011-02-10	12136	12320	12386	12320	12386	12354	250	126	452
2011-02-11	12354	12480	12480	12296	12296	12388	-58	4	454
2011-02-14	12388	12242	12242	12122	12158	12162	-230	14	460
2011-02-15	12162	12274	12366	12274	12366	12314	204	24	460
2011-02-16	12314	12286	12298	12264	12264	12284	-50	6	458
2011-02-17	12284	0	0	0	0	12284	-12284	0	458
2011-02-18	12284	0	0	0	0	12100	-12284	0	458
2011-02-21	12100	12000	12000	11960	11960	11992	-140	26	458
2011-02-22	11992	11900	11978	11898	11978	11938	-14	36	456
2011-02-23	11938	11902	11934	11800	11800	11864	-138	24	456
2011-02-24	11864	11860	11860	11524	11644	11610	-220	84	482
2011-02-25	11610	11564	11566	11564	11566	11566	-44	4	478
2011-02-28	11566	11804	11804	11804	11804	11804	238	4	478
2011-03-01	11804	12070	12138	11972	12042	12046	238	20	478
2011-03-02	12046	12024	12084	11946	12084	12006	38	30	482
2011-03-03	12006	12194	12354	12046	12096	12272	90	74	474
2011-03-04	12272	12038	12100	11826	11970	11894	-302	46	462
2011-03-07	11894	12112	12112	11970	12050	12040	156	48	460
2011-03-08	12040	11890	11890	11520	11552	11590	-488	84	462
2011-03-09	11590	11708	11720	11642	11666	11678	76	26	454
2011-03-10	11678	11372	11372	11206	11236	11276	-442	56	472
2011-03-11	11276	11110	11186	11092	11134	11154	-142	282	484
2011-03-14	11154	11326	11384	10950	11134	11116	-20	304	494
2011-03-15	11116	11082	11108	10986	11062	11070	-54	82	494
2011-03-16	11070	10900	11170	10888	11170	10998	100	40	490
2011-03-17	10998	11122	11344	11122	11300	11294	302	174	454
2011-03-18	11294	11590	11646	11524	11646	11586	352	98	454
2011-03-21	11586	11620	11690	11504	11536	11622	-50	128	386
2011-03-22	11622	11536	11536	11448	11504	11496	-118	72	368
2011-03-23	11496	11540	11616	11498	11608	11554	112	58	362
2011-03-24	11554	11592	11702	11588	11620	11650	66	292	378
2011-03-25	11650	11652	11652	11502	11566	11582	-84	140	338
2011-03-28	11582	11440	11440	11132	11162	11294	-420	64	338
2011-03-29	11294	11052	11148	11042	11100	11076	-194	270	446
2011-03-30	11076	11110	11142	11068	11068	11106	-8	174	346
2011-03-31	11106	11050	11074	10854	10854	10982	-252	50	354
2011-04-01	10982	10876	10876	10584	10584	10716	-398	116	382
2011-04-06	10716	10584	10700	10548	10640	10618	-76	320	476
2011-04-07	10618	10674	10696	10510	10640	10618	22	274	404
2011-04-08	10618	10642	10812	10586	10812	10750	194	158	352
2011-04-11	10750	10890	11060	10730	10890	10924	140	126	330
2011-04-12	10924	10766	10820	10722	10752	10808	-172	300	418
2011-04-13	10808	10640	10666	10588	10664	10622	-144	68	412
2011-04-14	10622	10612	10708	10538	10556	10622	-66	96	408
2011-04-15	10622	10588	10650	10564	10588	10630	-34	72	396
2011-04-18	10630	10446	10450	10354	10354	10410	-276	176	328
2011-04-19	10410	10360	10360	10204	10204	10282	-206	144	326
2011-04-20	10282	10262	10320	10262	10312	10300	30	64	340
2011-04-21	10300	10330	10404	10288	10328	10342	28	90	310
2011-04-22	10342	10424	10424	10350	10368	10376	26	14	310
2011-04-25	10376	10294	10314	10234	10234	10300	-142	118	316
2011-04-26	10300	10082	10124	10028	10124	10058	-176	58	312
2011-04-27	10058	10130	10130	10050	10064	10078	6	96	294
2011-04-28	10078	10136	10234	10126	10206	10168	128	70	298
2011-04-29	10168	10176	10220	10176	10200	10200	32	42	292
2011-05-03	10200	10274	10314	10228	10292	10274	92	94	304
2011-05-04	10274	10246	10282	10126	10126	10220	-148	28	294
2011-05-05	10220	10006	10006	9840	9840	9904	-380	250	290
2011-05-06	9904	9510	9662	9510	9568	9552	-336	110	272
2011-05-09	9552	9616	9674	9584	9616	9610	64	56	260
2011-05-10	9610	9558	9626	9488	9616	9568	6	328	160
2011-05-11	9568	9704	9704	9662	9688	9680	120	38	148
2011-05-12	9680	9446	9474	9260	9260	9330	-420	132	148
2011-05-13	9330	9372	9510	9368	9486	9450	156	138	130
2011-05-16	9450	9458	9460	9390	9402	9424	-48	68	136
2011-05-17	9424	9484	9558	9376	9536	9472	112	112	142
2011-05-18	9472	9552	9604	9552	9558	9582	86	94	128
2011-05-19	9582	9666	9672	9600	9608	9650	26	52	128
2011-05-20	9650	9584	9642	9570	9640	9610	-10	28	128
2011-05-23	9610	9636	9636	9552	9552	9612	-58	16	128
2011-05-24	9612	9496	9510	9452	9490	9488	-122	50	138
2011-05-25	9488	9488	9532	9488	9488	9500	0	56	146
2011-05-26	9500	9622	9690	9616	9670	9660	170	292	242
2011-05-27	9660	9652	9698	9644	9698	9660	38	10	242
2011-05-30	9660	9716	9770	9712	9712	9732	52	56	212
2011-05-31	9732	9680	9740	9672	9740	9698	8	34	218
2011-06-01	9698	9796	9796	9758	9758	9778	60	10	216
2011-06-02	9778	9576	9606	9524	9524	9552	-254	36	216
2011-06-03	9552	9614	9690	9570	9690	9620	138	80	210
2011-06-07	9620	9562	9612	9562	9592	9598	-28	24	208
2011-06-08	9598	9538	9566	9430	9516	9506	-82	58	186
2011-06-09	9506	9526	9526	9462	9462	9492	-44	120	184
2011-06-10	9492	9484	9500	9440	9472	9468	-20	368	236
2011-06-13	9468	9472	9472	9374	9388	9392	-80	38	232
2011-06-14	9392	9422	9422	9342	9364	9370	-28	56	244
2011-06-15	9370	9414	9470	9414	9470	9446	100	36	222
2011-06-16	9446	9388	9400	9372	9372	9382	-74	16	220
2011-06-17	9382	9348	9348	9328	9346	9338	-36	8	220
2011-06-20	9338	9350	9356	9298	9298	9338	-40	26	222
2011-06-21	9338	9350	9354	9272	9272	9328	-66	30	222
2011-06-22	9328	9288	9288	9186	9192	9232	-136	102	230
2011-06-23	9232	9150	9156	9020	9042	9086	-190	342	286
2011-06-24	9086	8988	9032	8954	9022	9014	-64	42	286
2011-06-27	9014	8898	8918	8712	8722	8826	-292	38	288
2011-06-28	8826	8754	8798	8736	8738	8782	-88	88	290
2011-06-29	8782	8796	8796	8658	8764	8750	-18	70	276
2011-06-30	8750	8812	8886	8794	8880	8862	130	166	304
2011-07-01	8862	8796	8796	8732	8772	8764	-90	34	310
2011-07-04	8764	8854	9040	8840	8934	8926	170	132	298
2011-07-05	8926	8954	8978	8906	8936	8938	10	54	298
2011-07-06	8938	9000	9002	8922	8990	8976	52	78	292
2011-07-07	8976	9000	9000	8952	8964	8976	-12	44	284
2011-07-08	8976	9030	9066	9016	9016	9042	40	16	278
2011-07-11	9042	8950	8956	8908	8908	8936	-134	10	270
2011-07-12	8936	8854	8854	8732	8732	8794	-204	8	266
2011-07-13	8794	8902	9204	8902	9204	9112	410	144	264
2011-07-14	9112	9170	9250	9124	9214	9170	102	126	238
2011-07-15	9170	9168	9172	9142	9150	9154	-20	30	234
2011-07-18	9154	9182	9338	9182	9226	9254	72	54	228
2011-07-19	9254	9250	9250	9160	9214	9212	-40	20	236
2011-07-20	9212	9258	9370	9258	9370	9336	158	36	244
2011-07-21	9336	9376	9376	9376	9376	9376	40	2	242
2011-07-22	9376	9386	9386	9386	9386	9386	10	2	240
2011-07-25	9386	9544	9544	9450	9484	9504	98	12	242
2011-07-26	9504	9462	9504	9460	9504	9474	0	10	238
2011-07-27	9474	9522	9560	9500	9500	9526	26	64	240
2011-07-28	9526	9452	9452	9380	9400	9428	-126	22	228
2011-07-29	9428	9358	9380	9358	9380	9372	-48	70	188
2011-08-01	9372	9540	9560	9530	9560	9548	188	8	188
2011-08-02	9548	0	0	0	0	9580	-9548	0	188
2011-08-03	9580	0	0	0	0	9580	-9580	0	188
2011-08-04	9580	9566	9566	9566	9566	9566	-14	4	188
2011-08-05	9566	9332	9332	9106	9294	9262	-272	50	194
2011-08-08	9262	9208	9442	9030	9248	9276	-14	242	166
2011-08-09	9276	8786	9188	8786	9188	9058	-88	2036	1978
2011-08-10	9058	9186	9250	9170	9240	9198	182	106	2038
2011-08-11	9198	9300	9420	9300	9420	9376	222	108	2110
2011-08-12	9376	9560	9602	9454	9520	9530	144	538	2506
2011-08-15	9530	9800	9800	9596	9632	9680	102	514	2752
2011-08-16	9680	9602	9602	9480	9480	9514	-200	352	2976
2011-08-17	9514	9636	9902	9636	9900	9724	386	538	2528
2011-08-18	9724	9910	9912	9830	9834	9888	110	72	2564
2011-08-19	9888	9650	9862	9650	9862	9778	-26	106	2578
2011-08-22	9778	10018	10018	9914	9914	9988	136	66	2570
2011-08-23	9988	10000	10046	10000	10000	10028	12	152	2518
2011-08-24	10028	10108	10108	10022	10022	10048	-6	14	2510
2011-08-25	10048	9928	9928	9916	9916	9922	-132	20	2512
2011-08-26	9922	9900	9974	9890	9890	9904	-32	98	2536
2011-08-29	9904	9950	10016	9950	10016	9984	112	158	2520
2011-08-30	9984	10076	10156	10076	10126	10124	142	58	2524
2011-08-31	10124	10124	10124	10114	10114	10120	-10	4	2524
2011-09-01	10120	10100	10100	10060	10070	10086	-50	100	2594
2011-09-02	10086	10092	10142	10086	10142	10122	56	116	2666
2011-09-05	10122	10150	10150	10084	10110	10120	-12	362	2944
2011-09-06	10120	10110	10160	10080	10140	10128	20	272	3144
2011-09-07	10128	10150	10250	10150	10236	10192	108	130	3208
2011-09-08	10192	10298	10326	10288	10290	10316	98	554	3726
2011-09-09	10316	10306	10330	10290	10302	10310	-14	156	3792
2011-09-13	10310	10358	10358	10280	10330	10330	20	22	3782
2011-09-14	10330	10362	10362	10332	10332	10350	2	130	3902
2011-09-15	10350	10300	10342	10300	10342	10306	-8	36	3930
2011-09-16	10306	10218	10218	10152	10210	10198	-96	180	3904
2011-09-19	10198	10004	10124	10004	10100	10106	-98	62	3902
2011-09-20	10106	10080	10080	10042	10042	10054	-64	52	3902
2011-09-21	10054	9752	10100	9752	10030	10000	-24	112	3902
2011-09-22	10000	9676	9840	9676	9840	9792	-160	188	4032
2011-09-23	9792	9750	9820	9640	9760	9724	-32	884	4448
2011-09-26	9724	9888	9888	9300	9300	9490	-424	442	4160
2011-09-27	9490	9444	9560	9438	9560	9514	70	40	4184
2011-09-28	9514	9550	9550	9110	9252	9326	-262	1790	3064
2011-09-29	9326	9268	9348	9260	9348	9284	22	686	3308
2011-09-30	9284	9020	9400	9020	9318	9340	34	108	3388
2011-10-10	9340	0	0	0	0	9530	-9340	0	3388
2011-10-11	9530	9530	9530	9502	9502	9516	-28	200	3588
2011-10-12	9516	9510	9590	9510	9552	9544	36	556	3580
2011-10-13	9544	0	0	0	0	9544	-9544	0	3580
2011-10-14	9544	9450	9450	9450	9450	9450	-94	2	3582
2011-10-17	9450	9550	9550	9510	9510	9530	60	328	3274
2011-10-18	9530	9700	9700	9402	9402	9476	-128	80	3342
2011-10-19	9476	9356	9356	9020	9020	9086	-456	130	3422
2011-10-20	9086	9030	9030	8606	8606	8862	-480	204	3410
2011-10-21	8862	8756	8756	8550	8560	8580	-302	130	0
