2011-01-18	11140	11248	11356	11242	11356	11294	216	110	92
2011-01-19	11294	11344	11398	11336	11392	11372	98	60	102
2011-01-20	11372	11376	11376	11234	11254	11286	-118	106	116
2011-01-21	11286	11218	11400	11198	11376	11344	90	136	116
2011-01-24	11344	11538	12026	11538	11982	11942	638	944	592
2011-01-25	11942	11982	11996	11624	11702	11816	-240	618	510
2011-01-26	11816	11620	11836	11590	11826	11746	10	728	622
2011-01-27	11746	11950	11970	11776	11828	11860	82	1660	1794
2011-01-28	11860	11702	11810	11674	11756	11734	-104	306	1730
2011-01-31	11734	11864	12172	11854	12066	12050	332	3966	4366
2011-02-01	12050	12152	12268	12076	12256	12162	206	648	4584
2011-02-09	12162	12300	12300	12140	12176	12184	14	876	4530
2011-02-10	12184	12246	12406	12226	12400	12360	216	1234	4944
2011-02-11	12360	12484	12484	12264	12292	12358	-68	842	5090
2011-02-14	12358	12302	12344	12102	12176	12190	-182	612	5042
2011-02-15	12190	12080	12576	12080	12352	12266	162	3426	4648
2011-02-16	12266	12270	12440	12252	12320	12360	54	2366	5608
2011-02-17	12360	12464	12492	12260	12260	12370	-100	1134	5406
2011-02-18	12370	12324	12440	12046	12058	12238	-312	1584	5012
2011-02-21	12238	12014	12138	11980	12038	12058	-200	1430	4836
2011-02-22	12058	12064	12272	11826	12092	12092	34	1376	5056
2011-02-23	12092	11960	12030	11750	11798	11912	-294	1234	4704
2011-02-24	11912	11950	11980	11546	11666	11734	-246	3846	2812
2011-02-25	11734	11676	11712	11480	11676	11596	-58	1062	2574
2011-02-28	11596	11752	12054	11710	12030	11872	434	1344	2700
2011-03-01	11872	12084	12198	12042	12100	12104	228	864	2706
2011-03-02	12104	12110	12182	12000	12136	12098	32	1348	2810
2011-03-03	12098	12166	12426	12048	12068	12272	-30	2018	2544
2011-03-04	12272	12106	12174	11886	12000	12034	-272	1314	2698
2011-03-07	12034	12070	12122	11934	12100	12042	66	1406	2860
2011-03-08	12042	11998	11998	11506	11662	11750	-380	2138	2424
2011-03-09	11750	11702	11750	11530	11578	11616	-172	5684	4448
2011-03-10	11616	11384	11406	11076	11090	11154	-526	5470	5034
2011-03-11	11154	10860	11038	10810	10970	10952	-184	5194	3998
2011-03-14	10952	10952	11244	10748	10950	10964	-2	3174	3646
2011-03-15	10964	11000	11010	10780	10876	10884	-88	2494	3902
2011-03-16	10884	10804	11028	10706	11012	10836	128	2350	3368
2011-03-17	10836	10862	11216	10862	11154	11068	318	2576	2994
2011-03-18	11068	11400	11500	11356	11456	11402	388	2980	3928
2011-03-21	11402	11488	11576	11326	11448	11468	46	2610	4282
2011-03-22	11468	11448	11470	11326	11414	11408	-54	1398	4514
2011-03-23	11408	11482	11508	11360	11474	11442	66	2270	4860
2011-03-24	11442	11436	11568	11396	11426	11488	-16	2814	5778
2011-03-25	11488	11530	11530	11334	11368	11402	-120	1740	5706
2011-03-28	11402	11332	11332	10946	10974	11096	-428	1686	5690
2011-03-29	11096	10878	11014	10850	10960	10926	-136	1868	5768
2011-03-30	10926	11000	11026	10840	10842	10894	-84	3590	7108
2011-03-31	10894	10830	10858	10602	10620	10734	-274	3352	7598
2011-04-01	10734	10750	10760	10328	10334	10498	-400	5216	8238
2011-04-06	10498	10396	10448	10248	10364	10368	-134	5238	9512
2011-04-07	10368	10372	10448	10242	10370	10362	2	6470	10102
2011-04-08	10362	10354	10590	10306	10590	10472	228	5426	10436
2011-04-11	10472	10656	10866	10594	10670	10704	198	6884	10824
2011-04-12	10704	10600	10652	10462	10540	10562	-164	7798	9688
2011-04-13	10562	10390	10458	10324	10448	10388	-114	4874	9454
2011-04-14	10388	10398	10486	10284	10308	10356	-80	8588	11648
2011-04-15	10356	10330	10408	10296	10318	10346	-38	4770	12438
2011-04-18	10346	10280	10280	10122	10136	10180	-210	7928	12558
2011-04-19	10180	10102	10170	9976	9990	10056	-190	6326	13206
2011-04-20	10056	10052	10100	10004	10088	10052	32	5432	14228
2011-04-21	10052	10110	10204	10072	10142	10144	90	10400	15008
2011-04-22	10144	10192	10238	10096	10158	10160	14	6750	15862
2011-04-25	10160	10164	10198	9980	9984	10046	-176	6776	15476
2011-04-26	10046	9886	9892	9780	9866	9846	-180	6494	16086
2011-04-27	9846	9892	9910	9808	9820	9852	-26	8384	13840
2011-04-28	9852	9824	10020	9824	9982	9950	130	8996	13930
2011-04-29	9950	9992	10034	9824	10028	9988	78	13470	13794
2011-05-03	9988	10036	10132	9984	10116	10078	128	11306	15674
2011-05-04	10078	10100	10136	9936	9952	10024	-126	11102	15652
2011-05-05	10024	9848	9862	9676	9682	9746	-342	10526	16526
2011-05-06	9746	9300	9506	9256	9396	9424	-350	13696	14562
2011-05-09	9424	9450	9494	9404	9470	9456	46	8794	15796
2011-05-10	9456	9476	9480	9336	9462	9420	6	16206	16056
2011-05-11	9420	9506	9578	9440	9442	9518	22	12224	16070
2011-05-12	9518	9360	9360	9146	9182	9264	-336	11418	16056
2011-05-13	9264	9228	9366	9204	9354	9276	90	11866	16086
2011-05-16	9276	9304	9346	9242	9290	9296	14	10584	16022
2011-05-17	9296	9302	9460	9276	9444	9376	148	16058	14678
2011-05-18	9376	9478	9516	9436	9448	9480	72	8048	14656
2011-05-19	9480	9558	9582	9502	9534	9546	54	12432	13636
2011-05-20	9546	9520	9600	9456	9582	9534	36	9920	14130
2011-05-23	9534	9580	9652	9508	9520	9574	-14	10958	13650
2011-05-24	9574	9510	9580	9472	9526	9526	-48	12808	12908
2011-05-25	9526	9550	9644	9536	9580	9596	54	16422	13318
2011-05-26	9596	9680	9780	9658	9760	9724	164	17118	13542
2011-05-27	9724	9704	9784	9696	9784	9736	60	9936	13306
2011-05-30	9736	9800	9882	9732	9740	9816	4	15508	13254
2011-05-31	9816	9760	9810	9710	9796	9772	-20	19208	17222
2011-06-01	9772	9838	9850	9732	9734	9804	-38	18974	21834
2011-06-02	9804	9656	9656	9546	9612	9604	-192	15832	21794
2011-06-03	9604	9636	9758	9610	9758	9682	154	22256	24700
2011-06-07	9682	9662	9728	9612	9650	9664	-32	23576	27028
2011-06-08	9664	9602	9640	9480	9550	9572	-114	25570	28676
2011-06-09	9572	9586	9634	9498	9500	9578	-72	21516	29784
2011-06-10	9578	9548	9554	9464	9484	9510	-94	21570	30574
2011-06-13	9510	9404	9450	9384	9398	9416	-112	18738	32982
2011-06-14	9416	9364	9418	9334	9376	9376	-40	22120	35012
2011-06-15	9376	9412	9478	9408	9444	9442	68	24116	37272
2011-06-16	9442	9360	9410	9348	9366	9374	-76	20334	35844
2011-06-17	9374	9364	9408	9326	9368	9376	-6	21292	35138
2011-06-20	9376	9330	9398	9232	9236	9302	-140	40612	43852
2011-06-21	9302	9284	9290	9096	9142	9162	-160	130396	73906
2011-06-22	9162	9106	9160	9048	9058	9102	-104	165736	84680
2011-06-23	9102	9020	9040	8908	8954	8966	-148	236868	97978
2011-06-24	8966	8890	8960	8852	8936	8914	-30	237206	109360
2011-06-27	8914	8900	8904	8670	8704	8786	-210	209564	126392
2011-06-28	8786	8728	8748	8618	8624	8666	-162	315806	157944
2011-06-29	8666	8670	8712	8596	8686	8656	20	485476	178530
2011-06-30	8656	8688	8814	8688	8794	8762	138	388580	170420
2011-07-01	8762	8760	8760	8582	8660	8672	-102	507830	198928
2011-07-04	8672	8672	8980	8672	8866	8850	194	731684	210928
2011-07-05	8850	8846	8938	8800	8888	8880	38	684338	230700
2011-07-06	8880	8936	8990	8872	8986	8940	106	673486	254042
2011-07-07	8940	8950	9026	8890	8942	8956	2	547548	251924
2011-07-08	8956	9028	9086	8986	9010	9038	54	555656	268436
2011-07-11	9038	8930	8972	8850	8852	8906	-186	556138	270732
2011-07-12	8906	8762	8798	8652	8760	8742	-146	675542	254844
2011-07-13	8742	8820	9264	8820	9220	9078	478	1315072	320272
2011-07-14	9078	9248	9310	9174	9274	9238	196	1318784	337530
2011-07-15	9238	9194	9350	9174	9326	9296	88	1335744	357286
2011-07-18	9296	9370	9486	9246	9274	9374	-22	1262566	305716
2011-07-19	9374	9292	9360	9274	9356	9320	-18	932404	321288
2011-07-20	9320	9430	9546	9402	9440	9478	120	1390576	321088
2011-07-21	9478	9500	9584	9482	9576	9542	98	1001078	365424
2011-07-22	9542	9566	9596	9502	9576	9544	34	747954	328794
2011-07-25	9544	9550	9680	9528	9548	9610	4	769904	325408
2011-07-26	9610	9558	9668	9538	9648	9604	38	950626	337988
2011-07-27	9604	9660	9760	9660	9686	9708	82	655174	333752
2011-07-28	9708	9628	9646	9516	9518	9568	-190	667816	318932
2011-07-29	9568	9502	9566	9450	9452	9512	-116	604906	286158
2011-08-01	9512	9534	9730	9532	9706	9662	194	939246	328106
2011-08-02	9662	9654	9744	9654	9742	9698	80	878128	361364
2011-08-03	9698	9740	9774	9656	9698	9704	0	844062	323594
2011-08-04	9704	9670	9734	9612	9624	9664	-80	884386	322430
2011-08-05	9664	9370	9436	9090	9170	9242	-494	1201970	264142
2011-08-08	9242	9130	9306	9072	9184	9200	-58	999182	231242
2011-08-09	9200	8648	8984	8648	8934	8822	-266	1193654	252012
2011-08-10	8822	9100	9178	9026	9168	9082	346	714282	230494
2011-08-11	9082	9130	9536	9120	9526	9354	444	1279220	263512
2011-08-12	9354	9600	9710	9534	9634	9614	280	1589776	309976
2011-08-15	9614	9788	9884	9712	9730	9772	116	1361454	288368
2011-08-16	9772	9786	9806	9580	9592	9662	-180	1282056	267120
2011-08-17	9662	9610	10028	9604	10024	9868	362	2946204	517684
2011-08-18	9868	10070	10098	9900	9942	9996	74	2486414	414008
2011-08-19	9996	9800	10014	9752	10010	9864	14	2183872	434920
2011-08-22	9864	10076	10180	9994	10006	10094	142	2093186	410680
2011-08-23	10094	10100	10180	10042	10168	10126	74	2200556	505316
2011-08-24	10126	10196	10208	10088	10116	10126	-10	1521790	437986
2011-08-25	10126	10130	10134	9926	9954	10002	-172	1612022	406032
2011-08-26	10002	9950	10006	9892	9962	9948	-40	1510370	390910
2011-08-29	9948	10000	10042	9920	10028	9992	80	1383474	408244
2011-08-30	9992	10100	10186	10032	10092	10110	100	1398628	398894
2011-08-31	10110	10110	10148	10074	10120	10118	10	1260394	429764
2011-09-01	10118	10100	10126	9988	9992	10074	-126	1273874	430584
2011-09-02	10074	9980	10034	9966	10016	10008	-58	1237074	402180
2011-09-05	10008	9970	10064	9908	9928	9970	-80	1219062	368272
2011-09-06	9970	9928	9998	9880	9998	9938	28	1547864	372350
2011-09-07	9938	10020	10154	10020	10154	10080	216	1384100	443062
2011-09-08	10080	10236	10268	10112	10124	10168	44	1055676	392994
2011-09-09	10168	10140	10186	10090	10172	10138	4	955568	381546
2011-09-13	10138	10154	10206	10110	10194	10164	56	1289364	431178
2011-09-14	10164	10230	10246	10060	10094	10140	-70	1473336	393680
2011-09-15	10140	10136	10170	10066	10106	10128	-34	1207002	368632
2011-09-16	10128	10124	10134	9904	9922	9980	-206	1732136	412552
2011-09-19	9980	9850	9850	9650	9652	9740	-328	1096440	406678
2011-09-20	9740	9682	9744	9662	9704	9706	-36	970128	376164
2011-09-21	9706	9708	9724	9524	9688	9642	-18	1590728	376454
2011-09-22	9642	9460	9474	9064	9364	9380	-278	1084472	389890
2011-09-23	9380	9090	9414	8992	9244	9186	-136	2726940	396416
2011-09-26	9186	9220	9358	8640	8660	8990	-526	2344282	370648
2011-09-27	8990	9020	9066	8792	8884	8908	-106	2303716	279442
2011-09-28	8908	8900	8928	8632	8712	8764	-196	2325146	283366
2011-09-29	8764	8370	8570	8320	8496	8452	-268	1393378	244608
2011-09-30	8452	8538	8792	8490	8780	8620	328	1120974	218994
2011-10-10	8620	8900	8930	8766	8812	8826	192	881878	232180
2011-10-11	8826	8930	9002	8748	8802	8884	-24	1002384	274140
2011-10-12	8884	8790	8930	8652	8880	8816	-4	1538028	286980
2011-10-13	8816	8842	8908	8756	8810	8816	-6	1112280	276784
2011-10-14	8816	8770	8870	8718	8846	8822	30	980930	275072
2011-10-17	8822	8910	8944	8756	8756	8840	-66	899036	287954
2011-10-18	8840	8720	8720	8410	8512	8600	-328	1101300	298298
2011-10-19	8600	8598	8610	8386	8460	8498	-140	1330928	297106
2011-10-20	8498	8300	8300	7988	7988	8074	-510	1133276	333294
2011-10-21	8074	8020	8206	8010	8130	8120	56	1045980	273082
2011-10-24	8120	8258	8608	8178	8584	8362	464	1381966	267364
2011-10-25	8362	8662	8848	8514	8654	8680	292	1740234	259096
2011-10-26	8680	8520	8894	8480	8728	8700	48	1623918	256246
2011-10-27	8700	8702	8786	8616	8754	8720	54	1167524	257370
2011-10-28	8720	8970	9080	8740	8762	8852	42	992580	243818
2011-10-31	8852	8700	8720	8400	8410	8526	-442	1202278	227236
2011-11-01	8526	8400	8490	8282	8286	8378	-240	1518056	255462
2011-11-02	8378	8200	8398	8172	8396	8304	18	1190162	281188
2011-11-03	8304	8312	8350	8190	8206	8264	-98	1451460	292650
2011-11-04	8264	8300	8430	8274	8372	8350	108	1534362	322382
2011-11-07	8350	8308	8318	8006	8052	8100	-298	1548066	404096
2011-11-08	8100	8100	8138	8052	8078	8092	-22	1185552	367262
2011-11-09	8092	8140	8224	8004	8094	8128	2	1151162	365240
2011-11-10	8128	7900	7946	7700	7862	7838	-266	1710894	359978
2011-11-11	7838	7952	8014	7920	7976	7974	138	972264	318096
2011-11-14	7974	8078	8248	8060	8144	8150	170	1183136	354310
2011-11-15	8150	8036	8074	7980	8034	8022	-116	783224	342442
2011-11-16	8022	8110	8152	7986	8048	8082	26	970336	334316
2011-11-17	8082	8108	8138	8018	8124	8084	42	444186	288196
2011-11-18	8084	7938	8196	7914	8196	8084	112	367838	265764
2011-11-21	8084	8200	8226	8108	8188	8166	104	295060	245756
2011-11-22	8166	8136	8308	8136	8304	8230	138	256106	214760
2011-11-23	8230	8302	8406	8272	8382	8346	152	279776	188060
2011-11-24	8346	8350	8410	8222	8308	8330	-38	261686	156508
2011-11-25	8330	8300	8330	8220	8232	8256	-98	104244	143714
2011-11-28	8256	8310	8350	8226	8274	8276	18	76542	137226
2011-11-29	8276	8290	8326	8240	8310	8282	34	50392	130268
2011-11-30	8282	8334	8342	8268	8302	8304	20	45172	119036
2011-12-01	8304	8600	8600	8402	8450	8478	146	44396	104162
2011-12-02	8478	8430	8468	8376	8416	8432	-62	21378	95450
2011-12-05	8432	8438	8528	8426	8492	8488	60	36190	85964
2011-12-06	8488	8492	8614	8480	8592	8570	104	94054	58342
2011-12-07	8570	8604	8620	8570	8600	8592	30	21186	56648
2011-12-08	8592	8578	8624	8560	8590	8592	-2	18142	54080
2011-12-09	8592	8548	8632	8526	8602	8592	10	14082	52294
2011-12-12	8592	8622	8694	8616	8620	8654	28	27196	45698
2011-12-13	8654	8610	8628	8540	8578	8586	-76	10818	44636
2011-12-14	8586	8600	8616	8566	8586	8594	0	3752	44364
2011-12-15	8594	8420	8540	8400	8498	8490	-96	7196	43636
2011-12-16	8490	8490	8560	8486	8552	8530	62	6116	42646
2011-12-19	8530	8550	8600	8490	8538	8534	8	8854	42238
2011-12-20	8534	8546	8612	8536	8594	8576	60	10524	41336
2011-12-21	8576	8640	8670	8580	8622	8616	46	17436	27800
2011-12-22	8616	8648	8650	8600	8650	8636	34	3434	26710
2011-12-23	8636	8658	8680	8604	8648	8646	12	7816	25690
2011-12-26	8646	8638	8678	8606	8614	8628	-32	3488	24060
2011-12-27	8628	8596	8628	8580	8620	8618	-8	4302	23060
2011-12-28	8618	8610	8670	8610	8626	8640	8	4570	20962
2011-12-29	8640	8600	8650	8588	8650	8638	10	3308	20352
2011-12-30	8638	8680	8788	8670	8758	8712	120	2534	19660
2012-01-04	8712	8850	8878	8782	8782	8824	70	3842	17364
2012-01-05	8824	8840	8906	8820	8848	8852	24	2436	17166
2012-01-06	8852	8880	8880	8860	8860	8864	8	1818	15866
2012-01-09	8864	8870	8912	8870	8890	8884	26	1646	15270
2012-01-10	8884	8890	8910	8856	8892	8884	8	1812	13964
2012-01-11	8884	8880	8930	8880	8930	8902	46	852	13962
2012-01-12	8902	8880	8940	8850	8876	8874	-26	848	13200
2012-01-13	8874	8950	9018	8946	9018	8974	144	74	13200
2012-01-16	8974	9050	9300	9050	9180	9202	206	96	13200
2012-01-17	9202	9600	9600	9600	9600	9600	398	22	0
