2011-08-16					17175	17175	0		
2011-08-17	17175				17120	17175	0		
2011-08-18	17175				16940	16940	-235		
2011-08-19	16940				16755	16755	-185		
2011-08-22	16755				16940	16940	185		
2011-08-23	16940				16800	16800	-140		
2011-08-24	16800				16805	16805	5		
2011-08-25	16805				16965	16965	160		
2011-08-26	16965				17070	17070	105		
2011-08-29	17070				17060	17060	-10		
2011-08-30	17060	17700	17700	17700	17700	17700	640	4	4
2011-08-31	17700				17765	17765	65		4
2011-09-01	17765	17405	18345	17405	17985	17910	145	6	4
2011-09-02	17910				17785	17785	-125		4
2011-09-05	17785				17725	17725	-60		4
2011-09-06	17725				17555	17555	-170		4
2011-09-07	17555				17930	17930	375		4
2011-09-08	17930				17730	17730	-200		4
2011-09-09	17730				17490	17490	-240		4
2011-09-13	17490				17795	17795	305		4
2011-09-14	17795	17285	17285	17285	17285	17285	-510	4	
2011-09-15	17285				17180	17180	-105		
2011-09-16	17180				16985	16985	-195		
2011-09-19	16985				16585	16585	-400		
2011-09-20	16585				16330	16330	-255		
2011-09-21	16330				16325	16325	-5		
2011-09-22	16325				15685	15685	-640		
2011-09-23	15685				14750	14750	-935		
2011-09-26	14750				14125	14125	-625		
2011-09-27	14125				14755	14755	630		
2011-09-28	14755				14990	14990	235		
2011-09-29	14990				14615	14615	-375		
2011-09-30	14615				14735	14735	120		
2011-10-10	14735				14770	14770	35		
2011-10-11	14770				15120	15120	350		
2011-10-12	15120				15120	15120	0		
2011-10-13	15120				15130	15130	10		
2011-10-14	15130				14965	14965	-165		
2011-10-17	14965				14915	14915	-50		
2011-10-18	14915				14230	14230	-685		
2011-10-19	14230				14335	14335	105		
2011-10-20	14335				14335	14335	0		
2011-10-21	14335	14180	14655	14180	14655	14415	80	4	
2011-10-24	14415				15130	15130	715		
2011-10-25	15130				15145	15145	15		
2011-10-26	15145				15045	15045	-100		
2011-10-27	15045				15150	15150	105		
2011-10-28	15150				15495	15495	345		
2011-10-31	15495				15325	15325	-170		
2011-11-01	15325				15310	15310	-15		
2011-11-02	15310				15075	15075	-235		
2011-11-03	15075				15060	15060	-15		
2011-11-04	15060				15315	15315	255		
2011-11-07	15315				15355	15355	40		
2011-11-08	15355				15415	15415	60		
2011-11-09	15415				15700	15700	285		
2011-11-10	15700				15040	15040	-660		
2011-11-11	15040				15230	15230	190		
2011-11-14	15230				15695	15695	465		
2011-11-15	15695				15490	15490	-205		
2011-11-16	15490				15220	15220	-270		
2011-11-17	15220	15275	16010	15275	16010	15640	420	4	
2011-11-18	15640				15630	15630	-10		
2011-11-21	15630				15750	15750	120		
2011-11-22	15750				15760	15760	10		
2011-11-23	15760				15670	15670	-90		
2011-11-24	15670				15645	15645	-25		
2011-11-25	15645				15490	15490	-155		
2011-11-28	15490				15795	15795	305		
2011-11-29	15795				15740	15740	-55		
2011-11-30	15740				15470	15470	-270		
2011-12-01	15470				15825	15825	355		
2011-12-02	15825				15840	15840	15		
2011-12-05	15840				15805	15805	-35		
2011-12-06	15805				15640	15640	-165		
2011-12-07	15640				15785	15785	145		
2011-12-08	15785				15635	15635	-150		
2011-12-09	15635				15575	15575	-60		
2011-12-12	15575				15585	15585	10		
2011-12-13	15585				15455	15455	-130		
2011-12-14	15455				15400	15400	-55		
2011-12-15	15400				15400	15400	0		
2011-12-16	15400				15530	15530	130		
2011-12-19	15530				15380	15380	-150		
2011-12-20	15380				15185	15185	-195		
2011-12-21	15185				15190	15190	5		
2011-12-22	15190				14925	14925	-265		
2011-12-23	14925				15210	15210	285		
2011-12-26	15210				15115	15115	-95		
2011-12-27	15115				15130	15130	15		
2011-12-28	15130				15190	15190	60		
2011-12-29	15190				15060	15060	-130		
2011-12-30	15060				15245	15245	185		
2012-01-04	15245				15350	15350	105		
2012-01-05	15350				15380	15380	30		
2012-01-06	15380				15225	15225	-155		
2012-01-09	15225				15115	15115	-110		
2012-01-10	15115				15210	15210	95		
2012-01-11	15210				15450	15450	240		
2012-01-12	15450				15410	15410	-40		
2012-01-13	15410				15455	15455	45		
2012-01-16	15455				15415	15415	-40		
2012-01-17	15415				15595	15595	180		
2012-01-18	15595				15605	15605	10		
2012-01-19	15605				15870	15870	265		
2012-01-20	15870				16040	16040	170		
2012-01-30	16040				16215	16215	175		
2012-01-31	16215				16125	16125	-90		
2012-02-01	16125				16000	16000	-125		
2012-02-02	16000				16015	16015	15		
2012-02-03	16015				16080	16080	65		
2012-02-06	16080				16255	16255	175		
2012-02-07	16255				16085	16085	-170		
2012-02-08	16085				16175	16175	90		
2012-02-09	16175	16105	16105	16105	16105	16105	-70	2	2
2012-02-10	16105				16170	16170	65		2
2012-02-13	16170				16050	16050	-120		2
2012-02-14	16050	16600	16600	16600	16600	16600	550	2	
2012-02-15	16600				16370	16370	-230		
2012-02-16	16370				16010	16010	-360		
2012-02-17	16010				16065	16065	55		
2012-02-20	16065				16090	16090	25		
2012-02-21	16090				16215	16215	125		
2012-02-22	16215				16235	16235	20		
2012-02-23	16235				16295	16295	60		
2012-02-24	16295				16405	16405	110		
2012-02-27	16405				16700	16700	295		
2012-02-28	16700				16820	16820	120		
2012-02-29	16820				16850	16850	30		
2012-03-01	16850				16710	16710	-140		
2012-03-02	16710				16740	16740	30		
2012-03-05	16740				16690	16690	-50		
2012-03-06	16690				16535	16535	-155		
2012-03-07	16535				16235	16235	-300		
2012-03-08	16235				16345	16345	110		
2012-03-09	16345				16650	16650	305		
2012-03-12	16650				16635	16635	-15		
2012-03-13	16635				16660	16660	25		
2012-03-14	16660				16685	16685	25		
2012-03-15	16685				16440	16440	-245		
2012-03-16	16440				16525	16525	85		
2012-03-19	16525				16345	16345	-180		
2012-03-20	16345				16310	16310	-35		
2012-03-21	16310				16165	16165	-145		
2012-03-22	16165				16090	16090	-75		
2012-03-23	16090				15990	15990	-100		
2012-03-26	15990	15990	15990	15750	15750	15830	-160	6	4
2012-03-27	15830	15690	15690	15640	15640	15665	-165	4	8
2012-03-28	15665	15630	15630	15630	15630	15630	-35	2	10
2012-03-29	15630	15485	15485	15485	15485	15485	-145	4	14
2012-03-30	15485	15550	15550	15550	15550	15550	65	2	14
2012-04-05	15550	15530	15530	15530	15530	15530	-20	2	12
2012-04-06	15530	15580	15750	15580	15750	15640	110	12	20
2012-04-09	15640	15650	15650	15650	15650	15650	10	2	18
2012-04-10	15650	15645	15645	15645	15645	15645	-5	4	18
2012-04-11	15645	15505	15505	15505	15505	15505	-140	2	20
2012-04-12	15505	15585	15605	15585	15605	15595	90	4	22
2012-04-13	15595				15595	15595	0		22
2012-04-16	15595	15665	15665	15595	15595	15645	50	28	34
2012-04-17	15645				15645	15645	0		34
2012-04-18	15645	15700	15700	15700	15700	15700	55	2	36
2012-04-19	15700	15700	15700	15700	15700	15700	0	2	34
2012-04-20	15700				15700	15700	0		34
2012-04-23	15700	15795	15795	15755	15770	15770	70	6	34
2012-04-24	15770				15770	15770	0		34
2012-04-25	15770	15775	15775	15715	15715	15745	-25	4	34
2012-04-26	15745	15795	15795	15795	15795	15795	50	2	34
2012-04-27	15795	15830	15845	15830	15845	15840	45	18	34
2012-05-02	15840	15955	16000	15900	15945	15945	105	22	34
2012-05-03	15945	15870	15880	15840	15840	15860	-85	6	36
2012-05-04	15860	15790	15805	15785	15800	15790	-70	24	50
2012-05-07	15790	15700	15700	15700	15700	15700	-90	4	54
2012-05-08	15700	15805	15805	15730	15800	15775	75	42	70
2012-05-09	15775	15690	15705	15640	15670	15670	-105	68	116
2012-05-10	15670	15610	15670	15610	15650	15650	-20	100	196
2012-05-11	15650	15630	15670	15580	15580	15615	-35	72	240
2012-05-14	15615	15535	15610	15520	15520	15570	-45	150	324
2012-05-15	15570	15450	15570	15430	15515	15470	-100	168	424
2012-05-16	15470	15405	15445	15250	15270	15360	-110	326	642
2012-05-17	15360	15300	15340	15220	15270	15280	-80	586	954
2012-05-18	15280	15150	15185	15050	15075	15115	-165	704	1450
2012-05-21	15115	15195	15285	15190	15250	15220	105	204	1518
2012-05-22	15220	15255	15265	15200	15210	15225	5	256	1704
2012-05-23	15225	15100	15190	15055	15075	15100	-125	204	1740
2012-05-24	15100	15190	15190	15010	15130	15095	-5	260	1770
2012-05-28	15130	15200	15300	15165	15300	15245	115	174	1806
2012-05-29	15245	15230	15280	15200	15250	15245	0	200	1906
2012-05-30	15245	15200	15200	15065	15130	15125	-120	108	1934
2012-05-31	15125	15000	15100	14900	15045	15030	-95	248	2056
2012-06-01	15030	15030	15085	15020	15080	15045	15	134	2120
2012-06-04	15045	15000	15000	14880	14885	14920	-125	196	2130
2012-06-05	14920	15040	15100	14955	15050	15030	110	182	2092
2012-06-06	15030	15070	15110	15020	15045	15065	35	152	2128
2012-06-07	15065	15120	15125	15005	15030	15070	5	76	2142
2012-06-08	15070	15055	15070	14975	14995	15025	-45	136	2168
2012-06-11	15025	15160	15205	15080	15100	15100	75	102	2160
2012-06-12	15100	14950	15025	14190	15025	14960	-140	104	2200
2012-06-13	14960	15035	15035	14990	15015	15005	45	210	2218
2012-06-14	15005	15005	15010	14980	14980	15000	-5	90	2238
2012-06-15	15000	15095	15125	15060	15105	15095	95	142	2180
2012-06-18	15095	15280	15280	15135	15150	15165	70	78	2180
2012-06-19	15165	15060	15085	15005	15005	15060	-105	122	2178
2012-06-20	15060	15050	15075	15050	15065	15065	5	56	2156
2012-06-21	15065	14950	14955	14890	14890	14930	-135	208	2092
2012-06-25	14930	14780	14830	14780	14790	14810	-120	266	2044
2012-06-26	14810	14770	14775	14490	14490	14685	-125	212	2006
2012-06-27	14685	14475	14495	14405	14450	14435	-250	174	1994
2012-06-28	14435	14505	14585	14445	14585	14480	45	306	1802
2012-06-29	14480	14535	14780	14535	14700	14625	145	106	1740
2012-07-02	14625	14890	14890	14770	14805	14805	180	334	1588
2012-07-03	14805	14925	15030	14920	15000	14985	180	194	1490
2012-07-04	14985	15050	15050	14965	15050	15005	20	140	1464
2012-07-05	15005	15050	15050	14975	15040	15005	0	88	1402
2012-07-06	15005	15195	15195	14905	15000	14945	-60	148	1370
2012-07-09	14945	14925	14945	14890	14920	14910	-35	178	1378
2012-07-10	14910	14990	14990	14955	14960	14975	65	26	1372
2012-07-11	14975	14900	14925	14890	14920	14905	-70	128	1352
2012-07-12	14905	14930	14970	14900	14935	14940	35	48	1330
2012-07-13	14940	14910	15030	14910	14995	14975	35	70	1280
2012-07-16	14975	15000	15090	14965	15090	14995	20	162	1138
2012-07-17	14995	15050	15080	15015	15020	15045	50	180	1062
2012-07-18	15045	15040	15055	14995	15055	15015	-30	82	994
2012-07-19	15015	15065	15195	15055	15085	15095	80	106	964
2012-07-20	15095	15095	15100	15030	15030	15075	-20	110	892
2012-07-23	15075	14960	14960	14880	14920	14915	-160	72	830
2012-07-24	14915	14850	14975	14770	14975	14895	-20	86	768
2012-07-25	14895	14890	14890	14785	14785	14835	-60	100	686
2012-07-26	14835	14810	14880	14810	14850	14860	25	50	646
2012-07-27	14860	14910	15060	14910	15060	15045	185	140	528
2012-07-30	15045	15200	15200	14995	14995	15165	120	108	426
2012-07-31	15165	15100	15170	15100	15150	15145	-20	178	398
2012-08-01	15145	15080	15100	15080	15100	15090	-55	28	370
2012-08-02	15090	15100	15100	15100	15100	15100	10	10	360
2012-08-03	15100	15015	15020	14990	15005	14995	-105	62	298
2012-08-06	14995	15100	15150	15090	15105	15115	120	28	282
2012-08-07	15115	15080	15085	15050	15050	15075	-40	54	228
2012-08-08	15075	15075	15085	15020	15020	15055	-20	30	230
2012-08-09	15055	15055	15100	15055	15100	15085	30	24	208
2012-08-10	15085	15080	15080	14980	14980	15050	-35	10	204
2012-08-13	15050	15020	15020	14980	14980	15000	-50	4	204
2012-08-14	15000	14935	15030	14935	15030	14990	-10	8	204
2012-08-15	14990	14990	15000	14990	15000	14995	5	14	190
