2011-07-18					18420	18315	0		
2011-07-19	18315				18355	18315	0		
2011-07-20	18315				18470	18470	155		
2011-07-21	18470				18460	18460	-10		
2011-07-22	18460				18440	18440	-20		
2011-07-25	18440				19055	19055	615		
2011-07-26	19055				18650	18650	-405		
2011-07-27	18650				18900	18900	250		
2011-07-28	18900				18855	18855	-45		
2011-07-29	18855				19065	19065	210		
2011-08-01	19065				19010	19010	-55		
2011-08-02	19010				18760	18760	-250		
2011-08-03	18760				18340	18340	-420		
2011-08-04	18340				18205	18205	-135		
2011-08-05	18205				17430	17430	-775		
2011-08-08	17430				16805	16805	-625		
2011-08-09	16805	16790	16790	15930	15930	16360	-445	4	
2011-08-10	16360				17000	17000	640		
2011-08-11	17000				16815	16815	-185		
2011-08-12	16815				17405	17405	590		
2011-08-15	17405				17175	17175	-230		
2011-08-16	17175				16940	16940	-235		
2011-08-17	16940				16890	16890	-50		
2011-08-18	16890				16940	16940	50		
2011-08-19	16940				16755	16755	-185		
2011-08-22	16755				16940	16940	185		
2011-08-23	16940				16800	16800	-140		
2011-08-24	16800				16805	16805	5		
2011-08-25	16805				16965	16965	160		
2011-08-26	16965				17070	17070	105		
2011-08-29	17070				17060	17060	-10		
2011-08-30	17060				18075	18075	1015		
2011-08-31	18075				18140	18140	65		
2011-09-01	18140				18005	18005	-135		
2011-09-02	18005				17940	17940	-65		
2011-09-05	17940				17880	17880	-60		
2011-09-06	17880				17705	17705	-175		
2011-09-07	17705				18080	18080	375		
2011-09-08	18080				17880	17880	-200		
2011-09-09	17880				17640	17640	-240		
2011-09-13	17640				17950	17950	310		
2011-09-14	17950				17730	17730	-220		
2011-09-15	17730				17625	17625	-105		
2011-09-16	17625				17425	17425	-200		
2011-09-19	17425				17015	17015	-410		
2011-09-20	17015				16750	16750	-265		
2011-09-21	16750				16745	16745	-5		
2011-09-22	16745				16085	16085	-660		
2011-09-23	16085				15130	15130	-955		
2011-09-26	15130				14490	14490	-640		
2011-09-27	14490				15135	15135	645		
2011-09-28	15135				15380	15380	245		
2011-09-29	15380				14995	14995	-385		
2011-09-30	14995				15115	15115	120		
2011-10-10	15115				15150	15150	35		
2011-10-11	15150				15510	15510	360		
2011-10-12	15510				15510	15510	0		
2011-10-13	15510				15525	15525	15		
2011-10-14	15525				15355	15355	-170		
2011-10-17	15355				15305	15305	-50		
2011-10-18	15305				14600	14600	-705		
2011-10-19	14600				14710	14710	110		
2011-10-20	14710				14425	14425	-285		
2011-10-21	14425	14835	14855	14835	14855	14845	420	4	
2011-10-24	14845				15580	15580	735		
2011-10-25	15580	15600	15600	15600	15600	15600	20	2	2
2011-10-26	15600				15590	15590	-10		2
2011-10-27	15590				15695	15695	105		2
2011-10-28	15695				15695	15695	0		2
2011-10-31	15695				15695	15695	0		2
2011-11-01	15695				15695	15695	0		2
2011-11-02	15695				15450	15450	-245		2
2011-11-03	15450				15450	15450	0		2
2011-11-04	15450				15710	15710	260		2
2011-11-07	15710				15710	15710	0		2
2011-11-08	15710				15770	15770	60		2
2011-11-09	15770				16060	16060	290		2
2011-11-10	16060	15385	15385	15385	15385	15385	-675	2	4
2011-11-11	15385				15575	15575	190		4
2011-11-14	15575				16050	16050	475		4
2011-11-15	16050				15840	15840	-210		4
2011-11-16	15840				15800	15800	-40		4
2011-11-17	15800				15800	15800	0		4
2011-11-18	15800				15800	15800	0		4
2011-11-21	15800				15800	15800	0		4
2011-11-22	15800				15800	15800	0		4
2011-11-23	15800				15800	15800	0		4
2011-11-24	15800				15700	15700	-100		4
2011-11-25	15700				15700	15700	0		4
2011-11-28	15700				15700	15700	0		4
2011-11-29	15700				15700	15700	0		4
2011-11-30	15700				15700	15700	0		4
2011-12-01	15700				15740	15740	40		4
2011-12-02	15740				15740	15740	0		4
2011-12-05	15740				15740	15740	0		4
2011-12-06	15740				15740	15740	0		4
2011-12-07	15740				15740	15740	0		4
2011-12-08	15740				15740	15740	0		4
2011-12-09	15740				15740	15740	0		4
2011-12-12	15740				15755	15755	15		4
2011-12-13	15755				15755	15755	0		4
2011-12-14	15755	15700	15700	15700	15700	15700	-55	2	6
2011-12-15	15700	15900	15900	15300	15300	15600	-100	4	6
2011-12-16	15600				15600	15600	0		6
2011-12-19	15600				15500	15500	-100		6
2011-12-20	15500	15305	15305	15305	15305	15305	-195	2	6
2011-12-21	15305				15305	15305	0		6
2011-12-22	15305				15305	15305	0		6
2011-12-23	15305				15600	15600	295		6
2011-12-26	15600				15500	15500	-100		6
2011-12-27	15500				15515	15515	15		6
2011-12-28	15515				15575	15575	60		6
2011-12-29	15575				15440	15440	-135		6
2011-12-30	15440				15630	15630	190		6
2012-01-04	15630				15735	15735	105		6
2012-01-05	15735	15770	15770	15770	15770	15770	35	2	8
2012-01-06	15770				15610	15610	-160		8
2012-01-09	15610				15495	15495	-115		8
2012-01-10	15495				15595	15595	100		8
2012-01-11	15595				15840	15840	245		8
2012-01-12	15840				15800	15800	-40		8
2012-01-13	15800				15845	15845	45		8
2012-01-16	15845				15805	15805	-40		8
2012-01-17	15805				15990	15990	185		8
2012-01-18	15990	16005	16005	16005	16005	16005	15	2	8
2012-01-19	16005				16280	16280	275		8
2012-01-20	16280				16455	16455	175		8
2012-01-30	16455				16635	16635	180		8
2012-01-31	16635				16595	16595	-40		8
2012-02-01	16595				16465	16465	-130		8
2012-02-02	16465				16465	16465	0		8
2012-02-03	16465				16530	16530	65		8
2012-02-06	16530				16710	16710	180		8
2012-02-07	16710				16450	16450	-260		8
2012-02-08	16450				16545	16545	95		8
2012-02-09	16545				16550	16550	5		8
2012-02-10	16550				16550	16550	0		8
2012-02-13	16550				16430	16430	-120		8
2012-02-14	16430				16350	16350	-80		8
2012-02-15	16350				16200	16200	-150		8
2012-02-16	16200				16000	16000	-200		8
2012-02-17	16000				16000	16000	0		8
2012-02-20	16000				15995	15995	-5		8
2012-02-21	15995				15995	15995	0		8
2012-02-22	15995				16015	16015	20		8
2012-02-23	16015				16075	16075	60		8
2012-02-24	16075				16185	16185	110		8
2012-02-27	16185	16480	16485	16470	16485	16475	290	8	16
2012-02-28	16475				16475	16475	0		16
2012-02-29	16475				16475	16475	0		16
2012-03-01	16475				16430	16430	-45		16
2012-03-02	16430				16460	16460	30		16
2012-03-05	16460				16410	16410	-50		16
2012-03-06	16410				16285	16285	-125		16
2012-03-07	16285				15990	15990	-295		16
2012-03-08	15990				15990	15990	0		16
2012-03-09	15990				15990	15990	0		16
2012-03-12	15990				16000	16000	10		16
2012-03-13	16000				16025	16025	25		16
2012-03-14	16025				16025	16025	0		16
2012-03-15	16025				16025	16025	0		16
2012-03-16	16025	16110	16110	16110	16110	16110	85	2	16
2012-03-19	16110	15935	15965	15925	15940	15935	-175	16	16
2012-03-20	15935	15905	15905	15900	15900	15900	-35	4	20
2012-03-21	15900				15760	15760	-140		20
2012-03-22	15760	15690	15690	15690	15690	15690	-70	2	20
2012-03-23	15690				15685	15685	-5		20
2012-03-26	15685	15695	15695	15580	15580	15630	-55	24	40
2012-03-27	15630	15640	15670	15610	15670	15640	10	40	78
2012-03-28	15640	15575	15640	15500	15500	15565	-75	146	176
2012-03-29	15565	15470	15470	15400	15400	15450	-115	164	314
2012-03-30	15450	15500	15555	15475	15555	15495	45	186	466
2012-04-05	15495	15505	15550	15400	15550	15475	-20	132	544
2012-04-06	15475	15660	15680	15575	15680	15610	135	66	580
2012-04-09	15610	15680	15720	15620	15620	15660	50	112	662
2012-04-10	15660	15670	15670	15600	15625	15640	-20	92	696
2012-04-11	15640	15470	15530	15430	15450	15470	-170	274	888
2012-04-12	15470	15575	15675	15555	15665	15605	135	300	978
2012-04-13	15605	15720	15790	15690	15700	15735	130	352	918
2012-04-16	15735	15585	15585	15490	15570	15570	-165	256	1016
2012-04-17	15570	15625	15660	15600	15620	15630	60	214	1058
2012-04-18	15630	15710	15750	15610	15710	15690	60	300	1090
2012-04-19	15690	15680	15685	15625	15675	15650	-40	114	1124
2012-04-20	15650	15695	15760	15660	15730	15710	60	204	1202
2012-04-23	15710	15775	15820	15730	15730	15780	70	294	1312
2012-04-24	15780	15765	15765	15700	15745	15730	-50	160	1362
2012-04-25	15730	15770	15770	15705	15720	15735	5	218	1400
2012-04-26	15735	15750	15815	15735	15815	15765	30	104	1434
2012-04-27	15765	15850	15875	15755	15810	15835	70	260	1404
2012-05-02	15835	15815	15950	15815	15945	15925	90	508	1416
2012-05-03	15925	15825	15925	15825	15830	15850	-75	524	1492
2012-05-04	15850	15795	15800	15770	15800	15785	-65	212	1404
2012-05-07	15785	15700	15720	15680	15710	15700	-85	108	1442
2012-05-08	15700	15715	15800	15705	15705	15765	65	216	1402
2012-05-09	15765	15700	15730	15615	15665	15665	-100	410	1198
2012-05-10	15665	15610	15695	15580	15650	15640	-25	388	1024
2012-05-11	15640	15650	15680	15555	15600	15610	-30	264	992
2012-05-14	15610	15700	15700	15400	15530	15575	-35	378	1034
2012-05-15	15575	15410	15520	15410	15520	15460	-115	344	1082
2012-05-16	15460	15535	15540	15255	15255	15375	-85	176	1088
2012-05-17	15375	15335	15365	15255	15300	15310	-65	270	1174
2012-05-18	15310	15250	15250	15000	15085	15125	-185	318	1276
2012-05-21	15125	15180	15300	15180	15300	15240	115	80	1256
2012-05-22	15240	15255	15275	15240	15255	15250	10	40	1234
2012-05-23	15250	15275	15275	15100	15155	15185	-65	38	1228
2012-05-24	15185	15805	15805	15105	15150	15215	30	158	1222
2012-05-28	15170	15205	15300	15205	15300	15265	95	28	1198
2012-05-29	15265	15270	15280	15250	15250	15265	0	62	1172
2012-05-30	15265	15135	15205	15100	15160	15130	-135	84	1112
2012-05-31	15130	15070	15135	15040	15070	15055	-75	146	986
2012-06-01	15055	15045	15100	15040	15100	15075	20	76	942
2012-06-04	15075	14940	14960	14900	14900	14935	-140	8	938
2012-06-05	14935	15010	15100	15000	15080	15045	110	96	874
2012-06-06	15045	15090	15100	15060	15080	15075	30	102	788
2012-06-07	15075	15100	15160	15100	15105	15120	45	42	776
2012-06-08	15120	15070	15070	15020	15020	15030	-90	82	724
2012-06-11	15030	15120	15145	15095	15140	15110	80	38	706
2012-06-12	15110	15075	15075	15025	15025	15035	-75	60	662
2012-06-13	15035	15135	15935	15040	15065	15095	60	236	514
2012-06-14	15095	15000	15095	15000	15085	15060	-35	100	438
2012-06-15	15060	15115	15160	15115	15125	15130	70	94	434
2012-06-18	15130	15170	15170	15155	15155	15165	35	32	432
2012-06-19	15165	15085	15090	15055	15055	15080	-85	42	404
2012-06-20	15080	15110	15110	15110	15110	15110	30	4	404
2012-06-21	15110	14990	14990	14935	14950	14955	-155	18	388
2012-06-25	14955	14850	14880	14840	14840	14855	-100	80	326
2012-06-26	14855	14755	14755	14710	14710	14715	-140	16	312
2012-06-27	14715	14485	14510	14450	14460	14475	-240	96	218
2012-06-28	14475	14500	14570	14500	14570	14535	60	44	184
2012-06-29	14535	14540	14750	14530	14750	14645	110	16	182
2012-07-02	14645	14750	14820	14750	14820	14755	110	26	176
2012-07-03	14755	14905	15020	14900	15020	14965	210	54	164
2012-07-04	14965	14910	15000	14910	15000	14960	-5	14	172
2012-07-05	14960	14990	15050	14990	15050	15015	55	44	166
2012-07-06	15015	14920	14960	14920	14960	14940	-75	10	156
2012-07-09	14940	14925	14925	14925	14925	14925	-15	2	154
2012-07-10	14925	14950	14950	14950	14950	14950	25	48	156
2012-07-11	14950	14910	14930	14905	14920	14920	-30	32	168
2012-07-12	14920	14930	14930	14930	14930	14930	10	4	172
2012-07-13	14930	15020	15020	15000	15000	15000	70	12	182
2012-07-16	15000	15100	15100	15050	15090	15075	75	26	182
