2011-09-23	3002	2994	2994	2900	2937	2948	-65	12	10
2011-09-26	2948	2943	2960	2875	2875	2921	-73	34	16
2011-09-27	2921	2903	2926	2900	2907	2909	-14	44	44
2011-09-28	2909	2901	2901	2890	2900	2898	-9	22	50
2011-09-29	2898	2846	2862	2842	2859	2851	-39	18	40
2011-09-30	2851	0	0	0	0	2868	-2851	0	40
2011-10-10	2868	2826	2851	2826	2837	2838	-31	10	38
2011-10-11	2838	2821	2821	2800	2800	2814	-38	6	38
2011-10-12	2814	2798	2811	2790	2799	2796	-15	38	60
2011-10-13	2796	2779	2795	2778	2785	2787	-11	90	58
2011-10-14	2787	2789	2815	2789	2815	2802	28	10	64
2011-10-17	2802	2798	2808	2798	2805	2802	3	18	74
2011-10-18	2802	2800	2800	2772	2778	2779	-24	40	62
2011-10-19	2779	2782	2782	2772	2775	2776	-4	22	52
2011-10-20	2776	2752	2752	2723	2725	2738	-51	10	46
2011-10-21	2738	2737	2752	2730	2730	2743	-8	28	48
2011-10-24	2743	2727	2750	2713	2750	2731	7	16	58
2011-10-25	2731	2769	2769	2738	2743	2751	12	20	62
2011-10-26	2751	2743	2750	2725	2750	2742	-1	24	72
2011-10-27	2742	2740	2762	2740	2761	2755	19	66	116
2011-10-28	2755	2760	2765	2760	2765	2763	10	8	124
2011-10-31	2763	2753	2753	2750	2750	2752	-13	4	124
2011-11-01	2752	2758	2758	2740	2740	2746	-12	6	126
2011-11-02	2746	2725	2745	2725	2745	2737	-1	10	126
2011-11-03	2737	2748	2749	2748	2749	2749	12	20	110
2011-11-04	2749	0	0	0	0	2749	0	0	110
2011-11-07	2749	2749	2749	2739	2739	2744	-10	4	108
2011-11-08	2744	2733	2747	2733	2745	2743	1	10	108
2011-11-09	2743	2742	2748	2742	2745	2746	2	10	108
2011-11-10	2746	2738	2739	2734	2737	2738	-9	26	86
2011-11-11	2738	2737	2737	2737	2737	2737	-1	2	84
2011-11-14	2737	2744	2745	2744	2745	2745	8	8	84
2011-11-15	2745	2739	2739	2739	2739	2739	-6	12	80
2011-11-16	2739	0	0	0	0	2739	0	0	80
2011-11-17	2739	0	0	0	0	2722	-17	0	80
2011-11-18	2722	2697	2727	2667	2685	2695	-37	106	68
2011-11-21	2695	2673	2673	2673	2673	2673	-22	2	66
2011-11-22	2673	2643	2643	2642	2642	2643	-31	4	62
2011-11-23	2643	2617	2617	2601	2601	2609	-42	4	62
2011-11-24	2609	2583	2583	2577	2577	2579	-32	6	62
2011-11-25	2579	2557	2557	2557	2557	2557	-22	2	60
2011-11-28	2557	0	0	0	0	2557	0	0	60
2011-11-29	2557	2600	2621	2600	2621	2606	64	8	60
2011-11-30	2606	2608	2611	2568	2579	2591	-27	18	50
2011-12-01	2591	0	0	0	0	2591	0	0	50
2011-12-02	2591	0	0	0	0	2591	0	0	50
2011-12-05	2591	0	0	0	0	2591	0	0	50
2011-12-06	2591	0	0	0	0	2591	0	0	50
2011-12-07	2591	0	0	0	0	2599	8	0	50
2011-12-08	2599	0	0	0	0	2599	0	0	50
2011-12-09	2599	2623	2624	2620	2620	2623	21	14	46
2011-12-12	2623	2611	2611	2601	2601	2606	-22	4	44
2011-12-13	2606	2581	2581	2581	2581	2581	-25	2	42
2011-12-14	2581	2573	2573	2573	2573	2573	-8	2	40
2011-12-15	2573	2571	2571	2571	2571	2571	-2	2	38
2011-12-16	2571	2576	2576	2574	2574	2575	3	14	38
2011-12-19	2575	0	0	0	0	2575	0	0	38
2011-12-20	2575	0	0	0	0	2575	0	0	38
2011-12-21	2575	0	0	0	0	2575	0	0	38
2011-12-22	2575	0	0	0	0	2575	0	0	38
2011-12-23	2575	0	0	0	0	2575	0	0	38
2011-12-26	2575	0	0	0	0	2582	7	0	38
2011-12-27	2582	0	0	0	0	2582	0	0	38
2011-12-28	2582	0	0	0	0	2583	1	0	38
2011-12-29	2583	2633	2633	2633	2633	2633	50	4	38
2011-12-30	2633	0	0	0	0	2633	0	0	38
2012-01-04	2633	0	0	0	0	2633	0	0	38
2012-01-05	2633	0	0	0	0	2633	0	0	38
2012-01-06	2633	0	0	0	0	2633	0	0	38
2012-01-09	2633	0	0	0	0	2633	0	0	38
2012-01-10	2633	0	0	0	0	2633	0	0	38
2012-01-11	2633	0	0	0	0	2627	-6	0	38
2012-01-12	2627	0	0	0	0	2627	0	0	38
2012-01-13	2627	0	0	0	0	2612	-15	0	38
2012-01-16	2612	2574	2574	2574	2574	2574	-38	2	40
2012-01-17	2574	0	0	0	0	2583	9	0	40
2012-01-18	2583	2606	2606	2606	2606	2606	23	2	38
2012-01-19	2606	0	0	0	0	2606	0	0	38
2012-01-20	2606	0	0	0	0	2620	14	0	38
2012-01-30	2620	0	0	0	0	2624	4	0	38
2012-01-31	2624	0	0	0	0	2645	21	0	38
2012-02-01	2645	0	0	0	0	2648	3	0	38
2012-02-02	2648	0	0	0	0	2653	5	0	38
2012-02-03	2653	0	0	0	0	2672	19	0	38
2012-02-06	2672	0	0	0	0	2692	20	0	38
2012-02-07	2692	0	0	0	0	2692	0	0	38
2012-02-08	2692	2693	2693	2693	2693	2693	1	2	38
2012-02-09	2693	2680	2700	2680	2682	2687	-11	6	40
2012-02-10	2687	2666	2666	2656	2656	2663	-31	8	42
2012-02-13	2663	2674	2681	2673	2673	2676	10	10	42
2012-02-14	2676	0	0	0	0	2668	-8	0	42
2012-02-15	2668	2669	2669	2669	2669	2669	1	2	44
2012-02-16	2669	2644	2652	2636	2652	2644	-17	10	42
2012-02-17	2644	2655	2655	2655	2655	2655	11	2	42
2012-02-20	2655	2676	2676	2676	2676	2676	21	2	42
2012-02-21	2676	2670	2670	2670	2670	2670	-6	2	44
2012-02-22	2670	0	0	0	0	2677	7	0	44
2012-02-23	2677	2682	2682	2682	2682	2682	5	2	44
2012-02-24	2682	0	0	0	0	2679	-3	0	44
2012-02-27	2679	2679	2679	2679	2679	2679	0	2	42
2012-02-28	2679	2684	2684	2684	2684	2684	5	2	42
2012-02-29	2684	0	0	0	0	2728	44	0	42
2012-03-01	2728	0	0	0	0	2728	0	0	42
2012-03-02	2728	2765	2784	2763	2780	2775	52	26	54
2012-03-05	2775	0	0	0	0	2775	0	0	54
2012-03-06	2775	2779	2779	2761	2776	2772	1	12	52
2012-03-07	2772	0	0	0	0	2744	-28	0	52
2012-03-08	2744	0	0	0	0	2728	-16	0	52
2012-03-09	2728	0	0	0	0	2745	17	0	52
2012-03-12	2745	2749	2749	2749	2749	2749	4	2	52
2012-03-13	2749	2764	2764	2764	2764	2764	15	2	54
2012-03-14	2764	0	0	0	0	2752	-12	0	54
2012-03-15	2752	2755	2755	2755	2755	2755	3	2	52
2012-03-16	2755	0	0	0	0	2767	12	0	52
2012-03-19	2767	2777	2777	2777	2777	2777	10	2	50
2012-03-20	2777	0	0	0	0	2751	-26	0	50
2012-03-21	2751	0	0	0	0	2751	0	0	50
2012-03-22	2751	2749	2749	2747	2747	2748	-4	4	52
2012-03-23	2748	2749	2749	2749	2749	2749	1	2	50
2012-03-26	2749	0	0	0	0	2748	-1	0	50
2012-03-27	2748	0	0	0	0	2743	-5	0	50
2012-03-28	2743	0	0	0	0	2726	-17	0	50
2012-03-29	2726	2729	2750	2698	2703	2721	-23	246	44
2012-03-30	2721	2694	2694	2694	2694	2694	-27	2	44
2012-04-05	2694	2714	2714	2714	2714	2714	20	6	50
2012-04-06	2714	2733	2733	2733	2733	2733	19	4	46
2012-04-09	2733	0	0	0	0	2733	0	0	46
2012-04-10	2733	2739	2739	2738	2738	2738	5	30	76
2012-04-11	2738	2724	2724	2717	2717	2719	-21	8	70
2012-04-12	2719	0	0	0	0	2704	-15	0	70
2012-04-13	2704	0	0	0	0	2685	-19	0	70
2012-04-16	2685	2675	2678	2675	2678	2677	-7	4	70
2012-04-17	2677	2670	2670	2670	2670	2670	-7	2	68
2012-04-18	2670	2664	2664	2664	2664	2664	-6	4	68
2012-04-19	2664	0	0	0	0	2670	6	0	68
2012-04-20	2670	0	0	0	0	2663	-7	0	68
2012-04-23	2663	0	0	0	0	2636	-27	0	68
2012-04-24	2636	2640	2640	2620	2620	2630	-16	4	70
2012-04-25	2630	0	0	0	0	2630	0	0	70
2012-04-26	2630	2632	2632	2632	2632	2632	2	2	68
2012-04-27	2632	2631	2631	2631	2631	2631	-1	2	68
2012-05-02	2631	2625	2628	2625	2628	2627	-3	4	66
2012-05-03	2627	2613	2613	2605	2610	2609	-17	16	66
2012-05-04	2609	2608	2608	2603	2603	2607	-6	12	68
2012-05-07	2607	2611	2611	2611	2611	2611	4	2	66
2012-05-08	2611	0	0	0	0	2608	-3	0	66
2012-05-09	2608	2595	2595	2595	2595	2595	-13	8	58
2012-05-10	2595	0	0	0	0	2595	0	0	58
2012-05-11	2595	2558	2573	2555	2573	2565	-22	8	54
2012-05-14	2565	2534	2537	2502	2519	2523	-46	28	54
2012-05-15	2523	2497	2497	2497	2497	2497	-26	8	60
2012-05-16	2497	2515	2515	2472	2472	2487	-25	6	60
2012-05-17	2487	0	0	0	0	2493	6	0	60
2012-05-18	2493	2520	2520	2513	2513	2518	20	10	60
2012-05-21	2518	2539	2540	2539	2540	2540	22	24	60
2012-05-22	2540	0	0	0	0	2528	-12	0	60
2012-05-23	2528	2476	2490	2476	2490	2485	-38	6	60
2012-05-24	2485	2474	2488	2474	2488	2480	3	8	60
2012-05-25	2480	2436	2451	2436	2451	2447	-29	8	66
2012-05-28	2447	2451	2474	2451	2474	2467	27	8	62
2012-05-29	2467	2482	2482	2482	2482	2482	15	2	62
2012-05-30	2482	2478	2514	2465	2514	2489	32	82	54
2012-05-31	2489	2514	2516	2510	2516	2513	27	6	52
2012-06-01	2513	2513	2513	2506	2506	2510	-7	4	52
2012-06-04	2510	2539	2539	2504	2504	2527	-6	6	52
2012-06-06	2593	2568	2590	2556	2556	2564	-37	580	64
2012-06-07	2564	2560	2560	2560	2560	2560	-4	2	62
2012-06-08	2560	2548	2548	2537	2537	2541	-23	20	58
2012-06-11	2541	0	0	0	0	2574	33	0	58
2012-06-12	2574	0	0	0	0	2574	0	0	58
2012-06-13	2574	2560	2590	2560	2590	2575	16	4	58
2012-06-14	2575	2572	2583	2560	2566	2573	-9	10	60
2012-06-15	2573	2548	2572	2544	2554	2556	-19	40	62
2012-06-18	2556	2547	2563	2545	2563	2552	7	6	60
2012-06-19	2552	2584	2584	2573	2573	2577	21	10	56
2012-06-20	2577	2587	2587	2563	2573	2568	-4	98	56
2012-06-21	2568	2590	2598	2590	2598	2593	30	6	54
2012-06-25	2593	2587	2589	2578	2589	2586	-4	8	52
2012-06-26	2586	2575	2591	2574	2586	2583	0	20	50
2012-06-27	2583	2560	2560	2518	2547	2540	-36	82	44
2012-06-28	2540	2527	2527	2527	2527	2527	-13	2	46
2012-06-29	2527	0	0	0	0	2527	0	0	46
2012-07-02	2527	2528	2539	2526	2526	2531	-1	6	44
2012-07-03	2531	2540	2558	2539	2558	2542	27	14	34
2012-07-04	2542	2556	2565	2554	2554	2558	12	6	34
2012-07-05	2558	2560	2560	2560	2560	2560	2	2	34
2012-07-06	2560	0	0	0	0	2555	-5	0	34
2012-07-09	2555	2598	2630	2598	2603	2615	48	26	32
2012-07-10	2615	0	0	0	0	2595	-20	0	32
2012-07-11	2595	2559	2567	2559	2564	2563	-31	8	40
2012-07-12	2563	2549	2549	2549	2549	2549	-14	2	40
2012-07-13	2549	2559	2561	2555	2561	2558	12	12	34
2012-07-16	2558	2570	2570	2570	2570	2570	12	2	32
2012-07-17	2570	2552	2552	2552	2552	2552	-18	2	34
2012-07-18	2552	2551	2552	2550	2550	2551	-2	38	36
2012-07-19	2551	2562	2562	2554	2554	2558	3	4	34
2012-07-20	2558	0	0	0	0	2531	-27	0	34
2012-07-23	2531	0	0	0	0	2515	-16	0	34
2012-07-24	2515	2450	2529	2450	2516	2507	1	162	50
2012-07-25	2507	2482	2555	2482	2518	2533	11	22	38
2012-07-26	2533	2514	2519	2513	2519	2515	-14	8	36
2012-07-27	2515	0	0	0	0	2528	13	0	36
2012-07-30	2528	2511	2555	2509	2543	2530	15	26	42
2012-07-31	2530	2542	2545	2530	2536	2536	6	14	46
2012-08-01	2536	2543	2543	2543	2543	2543	7	4	46
2012-08-02	2543	2532	2532	2514	2514	2520	-29	12	44
2012-08-03	2520	2493	2502	2492	2501	2497	-19	8	46
2012-08-06	2497	2505	2505	2505	2505	2505	8	2	46
2012-08-07	2505	0	0	0	0	2515	10	0	46
2012-08-08	2515	2504	2513	2504	2513	2508	-2	156	72
2012-08-09	2508	2516	2516	2514	2514	2515	6	8	68
2012-08-10	2515	0	0	0	0	2517	2	0	68
2012-08-13	2517	2520	2520	2520	2520	2520	3	2	66
2012-08-14	2520	0	0	0	0	2522	2	0	66
2012-08-15	2522	2558	2567	2554	2554	2560	32	26	62
2012-08-16	2560	2529	2529	2529	2529	2529	-31	2	62
2012-08-17	2529	2562	2589	2551	2559	2571	30	26	70
2012-08-20	2571	2587	2587	2558	2564	2572	-7	8	70
2012-08-21	2572	2582	2585	2571	2578	2578	6	10	70
2012-08-22	2578	2568	2568	2566	2568	2567	-10	6	68
2012-08-23	2567	2576	2576	2563	2569	2568	2	16	68
2012-08-24	2568	2566	2566	2556	2556	2560	-12	16	66
2012-08-27	2560	2583	2591	2577	2577	2579	17	30	66
2012-08-28	2579	2541	2578	2541	2572	2569	-7	24	70
2012-08-29	2569	0	0	0	0	2564	-5	0	70
2012-08-30	2564	2562	2569	2562	2569	2564	5	10	62
2012-08-31	2564	2567	2571	2567	2571	2569	7	4	62
2012-09-03	2569	0	0	0	0	2579	10	0	62
2012-09-04	2579	2593	2593	2593	2593	2593	14	2	64
2012-09-05	2593	0	0	0	0	2565	-28	0	64
2012-09-06	2565	2541	2553	2541	2553	2547	-12	4	64
2012-09-07	2547	0	0	0	0	2549	2	0	64
2012-09-10	2549	2563	2563	2560	2560	2562	11	6	64
2012-09-11	2562	2574	2574	2564	2567	2569	5	10	66
2012-09-12	2569	2580	2580	2580	2580	2580	11	2	64
2012-09-13	2580	2600	2605	2600	2600	2602	20	12	60
2012-09-14	2602	2618	2618	2594	2611	2609	9	14	62
2012-09-17	2609	2621	2621	2591	2591	2611	-18	14	62
2012-09-18	2611	0	0	0	0	2593	-18	0	62
2012-09-19	2593	0	0	0	0	2605	12	0	62
2012-09-20	2605	2614	2614	2609	2609	2612	4	12	62
2012-09-21	2612	2590	2590	2590	2590	2590	-22	2	62
2012-09-24	2590	2590	2590	2590	2590	2590	0	2	60
2012-09-25	2590	0	0	0	0	2578	-12	0	60
2012-09-26	2578	2563	2569	2563	2569	2566	-9	8	56
2012-09-27	2566	2524	2528	2511	2518	2523	-48	30	50
2012-09-28	2523	2511	2511	2511	2511	2511	-12	2	52
2012-10-08	2511	2500	2502	2500	2502	2502	-9	20	50
2012-10-10	2488	0	0	0	0	2521	33	0	72
2012-10-11	2521	0	0	0	0	2521	0	0	72
2012-10-15	2521	2509	2509	2500	2508	2506	-13	18	58
2012-10-16	2506	0	0	0	0	2506	0	0	58
2012-10-17	2506	2500	2512	2500	2512	2509	6	8	62
2012-10-19	2511	2515	2515	2514	2515	2515	4	24	68
2012-10-22	2515	0	0	0	0	2515	0	0	68
2012-10-23	2515	2508	2508	2508	2508	2508	-7	2	68
2012-10-24	2508	2488	2497	2488	2496	2494	-12	6	64
2012-10-25	2494	2519	2519	2511	2511	2515	17	8	60
2012-10-26	2515	2505	2510	2504	2504	2506	-11	10	56
2012-10-29	2506	2501	2502	2501	2502	2502	-4	4	56
2012-10-30	2502	2476	2505	2476	2493	2495	-9	14	56
2012-10-31	2495	2490	2495	2487	2493	2491	-2	12	56
2012-11-01	2491	0	0	0	0	2491	0	0	56
2012-11-02	2491	2543	2543	2485	2485	2503	-6	8	60
