2010-09-20	2617	0	0	0	0	2641	-2617	0	0
2010-09-21	2641	0	0	0	0	2631	-2641	0	0
2010-09-27	2631	0	0	0	0	2640	-2631	0	0
2010-09-28	2640	0	0	0	0	2641	-2640	0	0
2010-09-29	2641	2640	2640	2640	2640	2640	-1	2	2
2010-09-30	2640	2622	2664	2622	2650	2653	10	266	4
2010-10-08	2653	2625	2649	2625	2636	2638	-17	26	8
2010-10-11	2638	2686	2706	2661	2687	2685	49	64	14
2010-10-12	2685	2648	2663	2648	2663	2654	-22	12	10
2010-10-13	2654	2663	2663	2663	2663	2663	9	2	12
2010-10-14	2663	2638	2689	2638	2689	2675	26	20	28
2010-10-15	2675	2663	2691	2663	2691	2685	16	22	34
2010-10-18	2685	2688	2734	2671	2720	2708	35	36	40
2010-10-19	2708	2715	2732	2715	2716	2719	8	20	42
2010-10-20	2719	2683	2742	2683	2742	2728	23	14	44
2010-10-21	2728	2797	2809	2747	2754	2765	26	68	72
2010-10-22	2765	2729	2769	2729	2769	2758	4	8	74
2010-10-25	2758	2749	2841	2749	2841	2826	83	44	88
2010-10-26	2826	2867	2882	2839	2846	2865	20	42	66
2010-10-27	2865	2888	2888	2833	2849	2863	-16	14	70
2010-10-28	2863	2843	2862	2842	2855	2850	-8	30	74
2010-10-29	2850	2811	2828	2792	2792	2805	-58	42	64
2010-11-01	2805	2788	2788	2788	2788	2788	-17	2	64
2010-11-02	2788	0	0	0	0	2788	-2788	0	64
2010-11-03	2788	2789	2790	2789	2790	2790	2	4	64
2010-11-04	2790	2803	2803	2792	2792	2800	2	8	62
2010-11-05	2800	2839	2841	2826	2826	2837	26	8	60
2010-11-08	2837	2832	2832	2832	2832	2832	-5	2	60
2010-11-09	2832	2848	2848	2841	2841	2845	9	4	64
2010-11-10	2845	2859	2878	2834	2861	2864	16	64	64
2010-11-11	2864	2856	2856	2856	2856	2856	-8	2	64
2010-11-12	2856	2795	2795	2734	2758	2774	-98	20	72
2010-11-15	2774	2800	2829	2800	2829	2810	55	26	78
2010-11-16	2810	2811	2822	2808	2815	2814	5	8	78
2010-11-17	2814	2756	2760	2750	2751	2754	-63	16	76
2010-11-18	2754	2814	2814	2814	2814	2814	60	2	74
2010-11-19	2814	0	0	0	0	2814	-2814	0	74
2010-11-22	2814	2774	2809	2771	2771	2782	-43	8	76
2010-11-23	2782	2779	2779	2765	2765	2773	-17	10	80
2010-11-24	2773	0	0	0	0	2773	-2773	0	80
2010-11-25	2773	2797	2797	2756	2762	2773	-11	12	78
2010-11-26	2773	2785	2785	2741	2741	2765	-32	10	74
2010-11-29	2765	2798	2798	2740	2755	2766	-10	10	76
2010-11-30	2766	2745	2756	2743	2756	2748	-10	6	74
2010-12-01	2748	2760	2760	2760	2760	2760	12	6	70
2010-12-02	2760	2788	2788	2788	2788	2788	28	2	70
2010-12-03	2788	2780	2780	2780	2780	2780	-8	2	70
2010-12-06	2780	2824	2836	2819	2836	2826	56	16	68
2010-12-07	2826	2832	2851	2832	2851	2839	25	10	74
2010-12-08	2839	2859	2859	2836	2836	2843	-3	24	82
2010-12-09	2843	2834	2856	2830	2845	2845	2	24	82
2010-12-10	2845	2846	2846	2834	2834	2837	-11	18	92
2010-12-13	2837	2826	2850	2826	2847	2840	10	8	88
2010-12-14	2840	2855	2855	2855	2855	2855	15	6	94
2010-12-15	2855	2849	2853	2843	2843	2847	-12	24	98
2010-12-16	2847	2859	2859	2837	2848	2844	1	16	94
2010-12-17	2844	0	0	0	0	2844	-2844	0	94
2010-12-20	2844	2850	2850	2840	2840	2845	-4	4	94
2010-12-21	2845	2842	2855	2836	2839	2843	-6	8	94
2010-12-22	2843	2861	2863	2851	2853	2857	10	8	92
2010-12-23	2857	2892	2893	2879	2884	2886	27	18	102
2010-12-24	2886	0	0	0	0	2884	-2886	0	102
2010-12-27	2884	0	0	0	0	2869	-2884	0	102
2010-12-28	2869	2878	2878	2874	2874	2876	5	4	102
2010-12-29	2876	2879	2879	2864	2867	2870	-9	18	102
2010-12-30	2870	2858	2865	2858	2865	2862	-5	20	102
2010-12-31	2862	2861	2863	2860	2860	2862	-2	8	102
2011-01-04	2862	2862	2873	2862	2870	2870	8	22	98
2011-01-05	2870	0	0	0	0	2868	-2870	0	98
2011-01-06	2868	2877	2877	2874	2874	2876	6	4	94
2011-01-07	2876	2857	2862	2834	2834	2853	-42	16	88
2011-01-10	2853	2819	2819	2819	2819	2819	-34	2	88
2011-01-11	2819	2817	2817	2810	2810	2815	-9	8	86
2011-01-12	2815	0	0	0	0	2815	-2815	0	86
2011-01-13	2815	2825	2825	2825	2825	2825	10	2	86
2011-01-14	2825	2838	2896	2838	2896	2886	71	46	84
2011-01-17	2886	2925	2927	2899	2909	2914	23	10	84
2011-01-18	2914	2895	2911	2890	2911	2901	-3	10	88
2011-01-19	2901	2906	2929	2906	2926	2923	25	20	88
2011-01-20	2923	2911	2915	2899	2899	2906	-24	14	88
2011-01-21	2906	2902	2902	2902	2902	2902	-4	4	88
2011-01-24	2902	2928	2935	2928	2934	2933	32	14	86
2011-01-25	2933	2944	2957	2934	2947	2949	14	22	92
2011-01-26	2949	2955	2955	2919	2925	2943	-24	38	70
2011-01-27	2943	2934	2934	2934	2934	2934	-9	2	70
2011-01-28	2934	2903	2922	2903	2922	2915	-12	12	74
2011-01-31	2915	2943	2953	2943	2953	2949	38	14	60
2011-02-01	2949	0	0	0	0	2960	-2949	0	60
2011-02-09	2960	2999	3125	2999	3125	3068	165	38	68
2011-02-10	3068	3149	3149	3117	3117	3127	49	26	68
2011-02-11	3127	3090	3120	3090	3097	3105	-30	42	76
2011-02-14	3105	3104	3188	3104	3167	3166	62	70	102
2011-02-15	3166	3150	3165	3141	3143	3150	-23	82	102
2011-02-16	3150	3111	3130	3109	3126	3116	-24	66	110
2011-02-17	3116	3126	3131	3110	3110	3119	-6	88	98
2011-02-18	3119	3102	3128	3091	3092	3107	-27	84	92
2011-02-21	3107	3066	3095	3066	3078	3075	-29	58	92
2011-02-22	3075	3069	3083	3041	3057	3059	-18	66	84
2011-02-23	3059	2993	3018	2993	3007	3006	-52	42	82
2011-02-24	3006	3007	3020	2971	2976	3000	-30	100	80
2011-02-25	3000	2975	3016	2975	3016	2994	16	60	88
2011-02-28	2994	3002	3029	3001	3014	3017	20	54	98
2011-03-01	3017	3013	3021	3003	3006	3009	-11	88	110
2011-03-02	3009	2978	3028	2978	3021	3005	12	62	110
2011-03-03	3005	3021	3021	3003	3007	3009	2	46	102
2011-03-04	3009	3003	3008	2998	3008	3002	-1	24	94
2011-03-07	3002	3004	3017	3004	3017	3009	15	42	86
2011-03-08	3009	2992	2998	2979	2979	2986	-30	90	88
2011-03-09	2986	2973	2986	2967	2986	2981	0	62	80
2011-03-10	2981	0	0	0	0	2953	-2981	0	80
2011-03-11	2953	2958	2958	2958	2958	2958	5	2	80
2011-03-14	2958	2959	2981	2956	2981	2974	23	36	88
2011-03-15	2974	2974	2974	2954	2967	2962	-7	90	106
2011-03-16	2962	2934	2976	2934	2968	2964	6	32	106
2011-03-17	2964	2966	2995	2966	2990	2980	26	42	120
2011-03-18	2980	2999	3003	2997	3003	2999	23	10	118
2011-03-21	2999	3013	3013	3006	3006	3008	7	14	124
2011-03-22	3008	2991	3010	2983	3010	3001	2	22	120
2011-03-23	3001	2999	3019	2999	3019	3012	18	12	124
2011-03-24	3012	3010	3010	3000	3008	3005	-4	68	96
2011-03-25	3005	0	0	0	0	3014	-3005	0	96
2011-03-28	3014	3006	3010	2995	3010	3004	-4	34	98
2011-03-29	3004	2997	3015	2997	3015	3004	11	14	104
2011-03-30	3004	3011	3035	3011	3025	3022	21	58	122
2011-03-31	3022	3019	3025	3006	3009	3012	-13	58	108
2011-04-01	3012	3015	3016	2989	2989	3007	-23	68	76
2011-04-06	3007	2981	3010	2981	3003	3000	-4	24	76
2011-04-07	3000	2994	3008	2994	3005	2999	5	14	76
2011-04-08	2999	3006	3020	3006	3020	3015	21	12	72
2011-04-11	3015	3021	3025	3016	3016	3020	1	8	72
2011-04-12	3020	2990	3005	2985	2993	2995	-27	14	72
2011-04-13	2995	2971	2989	2971	2988	2980	-7	44	76
2011-04-14	2980	2982	2982	2972	2975	2977	-5	52	68
2011-04-15	2977	2973	2977	2962	2968	2970	-9	66	80
2011-04-18	2970	2969	2980	2969	2978	2974	8	24	78
2011-04-19	2974	2993	2993	2982	2987	2987	13	32	86
2011-04-20	2987	2994	2994	2965	2992	2982	5	44	104
2011-04-21	2982	2983	2985	2970	2970	2976	-12	94	80
2011-04-22	2976	2969	2976	2961	2964	2968	-12	56	88
2011-04-25	2968	2985	2985	2973	2974	2977	6	16	92
2011-04-26	2977	2968	2975	2964	2969	2970	-8	72	88
2011-04-27	2970	2968	2971	2946	2946	2965	-24	76	72
2011-04-28	2965	2951	2951	2924	2924	2938	-41	102	78
2011-04-29	2938	2912	2929	2905	2909	2912	-29	74	72
2011-05-03	2912	2915	2916	2911	2916	2914	4	12	74
2011-05-04	2914	2921	2927	2916	2927	2920	13	12	76
2011-05-05	2920	2917	2917	2917	2917	2917	-3	4	76
2011-05-06	2917	2909	2910	2900	2900	2905	-17	12	76
2011-05-09	2905	2918	2918	2916	2916	2917	11	4	74
2011-05-10	2917	0	0	0	0	2917	-2917	0	74
2011-05-11	2917	2912	2927	2912	2927	2919	10	6	74
2011-05-12	2919	2911	2912	2907	2907	2910	-12	6	72
2011-05-13	2910	2907	2907	2907	2907	2907	-3	2	72
2011-05-16	2907	2905	2922	2900	2922	2914	15	10	70
2011-05-17	2914	2917	2921	2917	2921	2920	7	6	70
2011-05-18	2920	0	0	0	0	2919	-2920	0	70
2011-05-19	2919	2917	2917	2917	2917	2917	-2	2	70
2011-05-20	2917	2907	2907	2905	2907	2907	-10	8	70
2011-05-23	2907	2912	2912	2912	2912	2912	5	2	72
2011-05-24	2912	2921	2921	2916	2916	2919	4	4	70
2011-05-25	2919	2918	2918	2918	2918	2918	-1	2	70
2011-05-26	2918	2944	2949	2944	2949	2947	31	4	70
2011-05-27	2947	0	0	0	0	2947	-2947	0	70
2011-05-30	2947	2988	2997	2988	2997	2992	50	6	72
2011-05-31	2992	2980	2980	2962	2962	2974	-30	12	72
2011-06-01	2974	2950	2950	2950	2950	2950	-24	4	72
2011-06-02	2950	0	0	0	0	2950	-2950	0	72
2011-06-03	2950	0	0	0	0	2951	-2950	0	72
2011-06-07	2951	2928	2928	2919	2919	2922	-32	14	74
2011-06-08	2922	0	0	0	0	2921	-2922	0	74
2011-06-09	2921	2913	2913	2908	2908	2911	-13	4	74
2011-06-10	2911	2898	2898	2887	2887	2896	-24	10	78
2011-06-13	2896	0	0	0	0	2906	-2896	0	78
2011-06-14	2906	2885	2885	2885	2885	2885	-21	4	78
2011-06-15	2885	2894	2900	2891	2900	2896	15	8	82
2011-06-16	2896	2896	2896	2895	2895	2896	-1	8	88
2011-06-17	2896	2867	2867	2856	2856	2863	-40	10	88
2011-06-20	2863	2851	2851	2851	2851	2851	-12	6	84
2011-06-21	2851	0	0	0	0	2864	-2851	0	84
2011-06-22	2864	0	0	0	0	2864	-2864	0	84
2011-06-23	2864	2847	2855	2835	2844	2844	-20	10	86
2011-06-24	2844	2855	2855	2855	2855	2855	11	2	86
2011-06-27	2855	0	0	0	0	2839	-2855	0	86
2011-06-28	2839	2829	2830	2823	2823	2827	-16	6	84
2011-06-29	2827	2826	2838	2826	2828	2832	1	28	92
2011-06-30	2832	2830	2830	2828	2828	2829	-4	6	88
2011-07-01	2829	2828	2828	2828	2828	2828	-1	8	82
2011-07-04	2828	0	0	0	0	2830	-2828	0	82
2011-07-05	2830	0	0	0	0	2830	-2830	0	82
2011-07-06	2830	0	0	0	0	2837	-2830	0	82
2011-07-07	2837	0	0	0	0	2846	-2837	0	82
2011-07-08	2846	2860	2860	2852	2852	2856	6	4	82
2011-07-11	2856	2827	2827	2827	2827	2827	-29	4	82
2011-07-12	2827	2822	2822	2793	2793	2806	-34	8	82
2011-07-13	2806	2812	2812	2812	2812	2812	6	4	78
2011-07-14	2812	2820	2828	2817	2817	2821	5	10	82
2011-07-15	2821	0	0	0	0	2821	-2821	0	82
2011-07-18	2821	0	0	0	0	2821	-2821	0	82
2011-07-19	2821	2824	2824	2817	2817	2821	-4	8	82
2011-07-20	2821	0	0	0	0	2819	-2821	0	82
2011-07-21	2819	0	0	0	0	2804	-2819	0	82
2011-07-22	2804	0	0	0	0	2801	-2804	0	82
2011-07-25	2801	2800	2800	2800	2800	2800	-1	2	80
2011-07-26	2800	0	0	0	0	2813	-2800	0	80
2011-07-27	2813	2830	2830	2830	2830	2830	17	4	78
2011-07-28	2830	0	0	0	0	2830	-2830	0	78
2011-07-29	2830	0	0	0	0	2826	-2830	0	78
2011-08-01	2826	2821	2821	2814	2814	2818	-12	4	78
2011-08-02	2818	2834	2865	2829	2829	2840	11	12	78
2011-08-03	2840	2830	2835	2827	2827	2832	-13	14	78
2011-08-04	2832	0	0	0	0	2832	-2832	0	78
2011-08-05	2832	2811	2818	2811	2818	2815	-14	4	80
2011-08-08	2815	0	0	0	0	2802	-2815	0	80
2011-08-09	2802	2780	2780	2775	2780	2779	-22	10	76
2011-08-10	2779	2793	2793	2789	2789	2791	10	6	78
2011-08-11	2791	2784	2784	2784	2784	2784	-7	2	76
2011-08-12	2784	2793	2794	2793	2794	2794	10	4	74
2011-08-15	2794	0	0	0	0	2794	-2794	0	74
2011-08-16	2794	0	0	0	0	2788	-2794	0	74
2011-08-17	2788	0	0	0	0	2787	-2788	0	74
2011-08-18	2787	2776	2776	2774	2774	2775	-13	10	76
2011-08-19	2775	0	0	0	0	2758	-2775	0	76
2011-08-22	2758	0	0	0	0	2755	-2758	0	76
2011-08-23	2755	0	0	0	0	2749	-2755	0	76
2011-08-24	2749	0	0	0	0	2749	-2749	0	76
2011-08-25	2749	0	0	0	0	2742	-2749	0	76
2011-08-26	2742	0	0	0	0	2742	-2742	0	76
2011-08-29	2742	0	0	0	0	2756	-2742	0	76
2011-08-30	2756	2756	2756	2756	2756	2756	0	4	76
2011-08-31	2756	2752	2752	2752	2752	2752	-4	4	76
2011-09-01	2752	0	0	0	0	2752	-2752	0	76
2011-09-02	2752	2757	2757	2745	2745	2752	-7	40	80
2011-09-05	2752	0	0	0	0	2776	-2752	0	80
2011-09-06	2776	0	0	0	0	2778	-2776	0	80
2011-09-07	2778	0	0	0	0	2785	-2778	0	80
2011-09-08	2785	0	0	0	0	2785	-2785	0	80
2011-09-09	2785	2794	2804	2794	2804	2799	19	4	80
2011-09-13	2799	0	0	0	0	2799	-2799	0	80
2011-09-14	2799	0	0	0	0	2785	-2799	0	80
2011-09-15	2785	0	0	0	0	2782	-2785	0	80
2011-09-16	2782	2769	2769	2769	2769	2769	-13	2	80
2011-09-19	2769	0	0	0	0	2758	-2769	0	80
2011-09-20	2758	0	0	0	0	2754	-2758	0	80
2011-09-21	2754	0	0	0	0	2754	-2754	0	80
2011-09-22	2754	2747	2747	2746	2746	2746	-8	8	78
2011-09-23	2746	2709	2711	2692	2692	2702	-54	8	76
2011-09-26	2702	2680	2680	2631	2638	2646	-64	12	72
2011-09-27	2646	0	0	0	0	2646	-2646	0	72
2011-09-28	2646	2629	2629	2629	2629	2629	-17	10	66
2011-09-29	2629	2562	2586	2562	2586	2578	-43	6	62
2011-09-30	2578	2604	2604	2576	2580	2588	2	14	60
2011-10-10	2588	2565	2565	2564	2564	2565	-24	4	62
2011-10-11	2565	0	0	0	0	2551	-2565	0	62
2011-10-12	2551	2544	2544	2539	2540	2540	-11	12	62
2011-10-13	2540	2546	2548	2539	2539	2546	-1	12	56
2011-10-14	2546	2539	2556	2539	2549	2550	3	8	54
2011-10-17	2550	2576	2577	2576	2577	2577	27	4	52
2011-10-18	2577	0	0	0	0	2528	-2577	0	52
2011-10-19	2528	2502	2523	2496	2523	2510	-5	16	48
2011-10-20	2510	0	0	0	0	2480	-2510	0	48
2011-10-21	2480	2457	2457	2457	2457	2457	-23	2	48
2011-10-24	2457	2482	2482	2482	2482	2482	25	2	46
2011-10-25	2482	2492	2492	2455	2475	2466	-7	10	48
2011-10-26	2466	0	0	0	0	2466	-2466	0	48
2011-10-27	2466	0	0	0	0	2482	-2466	0	48
2011-10-28	2482	0	0	0	0	2482	0	0	48
2011-10-31	2482	0	0	0	0	2482	0	0	48
2011-11-01	2482	2481	2481	2481	2481	2481	-1	2	46
2011-11-02	2481	0	0	0	0	2481	0	0	46
2011-11-03	2481	0	0	0	0	2481	0	0	46
2011-11-04	2481	0	0	0	0	2481	0	0	46
2011-11-07	2481	0	0	0	0	2481	0	0	46
2011-11-08	2481	0	0	0	0	2481	0	0	46
2011-11-09	2481	2496	2496	2466	2473	2478	-8	6	48
2011-11-10	2478	0	0	0	0	2478	0	0	48
2011-11-11	2478	0	0	0	0	2478	0	0	48
2011-11-14	2478	0	0	0	0	2478	0	0	48
2011-11-15	2478	0	0	0	0	2478	0	0	48
2011-11-16	2478	0	0	0	0	2478	0	0	48
2011-11-17	2478	0	0	0	0	2467	-11	0	48
2011-11-18	2467	2451	2451	2430	2430	2441	-37	8	48
2011-11-21	2441	2408	2408	2398	2398	2401	-43	8	46
2011-11-22	2401	2388	2388	2388	2388	2388	-13	4	46
2011-11-23	2388	0	0	0	0	2370	-18	0	46
2011-11-24	2370	2329	2329	2315	2323	2322	-47	30	28
2011-11-25	2322	2288	2302	2288	2288	2292	-34	8	30
2011-11-28	2292	2296	2296	2296	2296	2296	4	2	30
2011-11-29	2296	2300	2319	2264	2319	2280	23	64	38
2011-11-30	2280	2319	2319	2313	2313	2316	33	4	36
2011-12-01	2316	2321	2330	2321	2324	2325	8	6	32
2011-12-02	2325	2330	2330	2300	2325	2320	0	8	36
2011-12-05	2320	2320	2320	2320	2320	2320	0	2	34
2011-12-06	2320	0	0	0	0	2320	0	0	34
2011-12-07	2320	0	0	0	0	2320	0	0	34
2011-12-08	2320	0	0	0	0	2320	0	0	34
2011-12-09	2320	2308	2308	2308	2308	2308	-12	2	34
2011-12-12	2308	2345	2345	2285	2285	2319	-23	14	34
2011-12-13	2319	2323	2323	2293	2293	2306	-26	12	34
2011-12-14	2306	2292	2292	2292	2292	2292	-14	2	32
2011-12-15	2292	0	0	0	0	2292	0	0	32
2011-12-16	2292	2306	2306	2306	2306	2306	14	2	32
2011-12-19	2306	0	0	0	0	2306	0	0	32
2011-12-20	2306	2306	2306	2291	2291	2299	-15	4	32
2011-12-21	2299	0	0	0	0	2299	0	0	32
2011-12-22	2299	2272	2299	2272	2299	2283	0	10	36
2011-12-23	2283	0	0	0	0	2290	7	0	36
2011-12-26	2290	0	0	0	0	2295	5	0	36
2011-12-27	2295	0	0	0	0	2299	4	0	36
2011-12-28	2299	2314	2314	2314	2314	2314	15	8	38
2011-12-29	2314	2323	2332	2323	2332	2324	18	22	52
2011-12-30	2324	2327	2327	2327	2327	2327	3	4	56
2012-01-04	2327	2366	2366	2366	2366	2366	39	2	58
2012-01-05	2366	0	0	0	0	2354	-12	0	58
2012-01-06	2354	2298	2353	2298	2342	2338	-12	10	58
2012-01-09	2338	0	0	0	0	2338	0	0	58
2012-01-10	2338	2347	2347	2317	2335	2336	-3	8	58
2012-01-11	2336	2334	2334	2319	2319	2327	-17	4	60
2012-01-12	2327	2329	2329	2329	2329	2329	2	4	60
2012-01-13	2329	0	0	0	0	2324	-5	0	60
2012-01-16	2324	0	0	0	0	2305	-19	0	60
2012-01-17	2305	0	0	0	0	2305	0	0	60
2012-01-18	2305	2334	2334	2278	2289	2305	-16	22	60
2012-01-19	2305	2262	2262	2262	2262	2262	-43	2	58
2012-01-20	2262	2304	2304	2274	2274	2289	12	4	58
2012-01-30	2289	0	0	0	0	2310	21	0	58
2012-01-31	2310	0	0	0	0	2326	16	0	58
2012-02-01	2326	2320	2320	2320	2320	2320	-6	2	58
2012-02-02	2320	2338	2338	2338	2338	2338	18	4	54
2012-02-03	2338	2364	2364	2331	2359	2351	21	6	54
2012-02-06	2351	0	0	0	0	2351	0	0	54
2012-02-07	2351	2354	2354	2324	2324	2342	-27	20	54
2012-02-08	2342	2320	2364	2320	2340	2340	-2	24	50
2012-02-09	2340	2346	2357	2346	2348	2349	8	14	50
2012-02-10	2349	0	0	0	0	2335	-14	0	50
2012-02-13	2335	0	0	0	0	2340	5	0	50
2012-02-14	2340	2330	2330	2330	2330	2330	-10	4	50
2012-02-15	2330	2320	2320	2320	2320	2320	-10	4	54
2012-02-16	2320	2283	2283	2283	2283	2283	-37	2	54
2012-02-17	2283	2292	2327	2292	2294	2297	11	18	54
2012-02-20	2297	2339	2339	2339	2339	2339	42	2	52
2012-02-21	2339	2325	2349	2325	2349	2333	10	6	50
2012-02-22	2333	2352	2365	2349	2349	2357	16	48	68
2012-02-23	2357	0	0	0	0	2357	0	0	68
2012-02-24	2357	0	0	0	0	2351	-6	0	68
2012-02-27	2351	0	0	0	0	2351	0	0	68
2012-02-28	2351	2349	2349	2349	2349	2349	-2	2	68
2012-02-29	2349	2350	2385	2350	2384	2381	35	24	48
2012-03-01	2381	2376	2376	2376	2376	2376	-5	2	48
2012-03-02	2376	2436	2436	2436	2436	2436	60	2	46
2012-03-05	2436	0	0	0	0	2430	-6	0	46
2012-03-06	2430	0	0	0	0	2430	0	0	46
2012-03-07	2430	0	0	0	0	2403	-27	0	46
2012-03-08	2403	2406	2409	2406	2408	2408	5	24	66
2012-03-09	2408	0	0	0	0	2408	0	0	66
2012-03-12	2408	2406	2406	2393	2400	2401	-8	34	80
2012-03-13	2401	0	0	0	0	2408	7	0	80
2012-03-14	2408	0	0	0	0	2408	0	0	80
2012-03-15	2408	0	0	0	0	2408	0	0	80
2012-03-16	2408	0	0	0	0	2408	0	0	80
2012-03-19	2408	0	0	0	0	2408	0	0	80
2012-03-20	2408	0	0	0	0	2404	-4	0	80
2012-03-21	2404	2399	2399	2399	2399	2399	-5	2	80
2012-03-22	2399	2390	2398	2390	2398	2393	-1	6	0
