2010-05-24	2360	0	0	0	0	2360	-2360	0	0
2010-05-25	2360	2358	2358	2358	2358	2358	-2	2	2
2010-05-26	2358	2367	2367	2344	2349	2353	-9	36	6
2010-05-27	2353	2357	2357	2357	2357	2357	4	2	6
2010-05-28	2357	2350	2350	2350	2350	2350	-7	2	8
2010-05-31	2350	0	0	0	0	2351	-2350	0	8
2010-06-01	2351	0	0	0	0	2351	-2351	0	8
2010-06-02	2351	2339	2347	2339	2346	2344	-5	6	12
2010-06-03	2344	2319	2335	2319	2335	2330	-9	8	14
2010-06-04	2330	2345	2345	2340	2343	2343	13	8	14
2010-06-07	2343	2316	2328	2316	2328	2322	-15	4	14
2010-06-08	2322	0	0	0	0	2337	-2322	0	14
2010-06-09	2337	2338	2338	2338	2338	2338	1	2	12
2010-06-10	2338	0	0	0	0	2338	-2338	0	12
2010-06-11	2338	2335	2335	2335	2335	2335	-3	4	12
2010-06-17	2335	2307	2332	2307	2328	2321	-7	22	20
2010-06-18	2321	2345	2360	2321	2330	2340	9	10	16
2010-06-22	2332	2345	2345	2345	2345	2345	13	4	20
2010-06-23	2345	2352	2352	2335	2335	2344	-10	4	20
2010-06-24	2344	2348	2348	2346	2346	2347	2	4	20
2010-06-25	2347	2326	2352	2326	2352	2345	5	16	26
2010-06-28	2345	2334	2344	2334	2344	2339	-1	4	30
2010-06-29	2339	2340	2340	2340	2340	2340	1	2	30
2010-06-30	2340	2323	2323	2319	2319	2321	-21	4	34
2010-07-02	2342	2352	2352	2352	2352	2352	10	2	34
2010-07-05	2352	2353	2353	2350	2352	2352	0	6	36
2010-07-06	2352	2350	2355	2350	2355	2353	3	24	36
2010-07-07	2353	2353	2353	2353	2353	2353	0	2	38
2010-07-08	2353	2339	2358	2339	2352	2352	-1	12	38
2010-07-09	2352	0	0	0	0	2352	-2352	0	38
2010-07-12	2352	2336	2358	2336	2346	2351	-6	14	44
2010-07-13	2351	2353	2353	2353	2353	2353	2	2	44
2010-07-14	2353	2356	2356	2354	2354	2355	1	8	46
2010-07-15	2355	2351	2370	2351	2365	2360	10	16	42
2010-07-16	2360	2350	2375	2350	2371	2368	11	10	42
2010-07-19	2368	2359	2376	2359	2376	2372	8	12	50
2010-07-20	2372	2375	2380	2375	2380	2378	8	16	52
2010-07-21	2378	2386	2388	2377	2379	2381	1	14	52
2010-07-22	2381	2369	2380	2369	2380	2375	-1	4	54
2010-07-23	2375	2384	2384	2383	2383	2384	8	6	52
2010-07-26	2384	2405	2415	2405	2414	2411	30	18	52
2010-07-27	2411	2415	2424	2415	2424	2418	13	8	48
2010-07-28	2418	2406	2424	2406	2424	2417	6	8	48
2010-07-29	2417	2431	2432	2431	2432	2432	15	4	50
2010-07-30	2432	2420	2437	2420	2433	2428	1	28	46
2010-08-02	2428	2433	2447	2428	2447	2437	19	38	68
2010-08-03	2437	2446	2468	2445	2468	2455	31	10	68
2010-08-04	2455	2459	2467	2459	2466	2466	11	16	76
2010-08-05	2466	2495	2500	2481	2485	2489	19	18	82
2010-08-06	2489	2501	2533	2501	2533	2515	44	48	88
2010-08-09	2515	2511	2538	2498	2527	2519	12	588	202
2010-08-10	2519	2525	2550	2525	2544	2544	25	394	402
2010-08-11	2544	2542	2542	2523	2523	2532	-21	114	430
2010-08-12	2532	2519	2528	2519	2526	2526	-6	74	398
2010-08-16	2536	2525	2560	2525	2545	2547	9	248	332
2010-08-17	2547	2542	2547	2541	2546	2545	-1	64	326
2010-08-18	2545	2558	2558	2546	2547	2550	2	56	330
2010-08-19	2550	2548	2548	2548	2548	2548	-2	24	326
2010-08-20	2548	2555	2555	2541	2541	2546	-7	72	312
2010-08-23	2546	2539	2539	2531	2536	2536	-10	56	286
2010-08-24	2536	2539	2541	2533	2533	2540	-3	56	290
2010-08-25	2540	2531	2533	2531	2532	2532	-8	14	278
2010-08-26	2532	2532	2534	2532	2534	2534	2	48	276
2010-08-27	2534	2538	2561	2538	2561	2550	27	58	310
2010-08-30	2550	2574	2579	2571	2571	2575	21	24	306
2010-08-31	2575	2565	2575	2564	2568	2569	-7	232	326
2010-09-01	2569	2570	2570	2570	2570	2570	1	2	326
2010-09-02	2570	2578	2582	2578	2579	2580	9	8	328
2010-09-03	2580	2572	2577	2572	2575	2573	-5	244	448
2010-09-06	2573	2586	2598	2586	2598	2589	25	38	472
2010-09-07	2589	2599	2618	2599	2618	2611	29	78	508
2010-09-08	2611	2621	2622	2618	2618	2620	7	50	480
2010-09-09	2620	2612	2612	2605	2608	2608	-12	20	470
2010-09-10	2608	2614	2618	2614	2618	2614	10	24	456
2010-09-13	2614	2602	2609	2602	2609	2604	-5	16	458
2010-09-14	2604	2608	2608	2606	2606	2608	2	14	454
2010-09-15	2608	2610	2610	2605	2607	2608	-1	8	456
2010-09-16	2608	2601	2601	2592	2592	2595	-16	78	440
2010-09-17	2595	2595	2596	2591	2594	2595	-1	32	432
2010-09-20	2595	2614	2617	2608	2615	2610	20	96	418
2010-09-21	2610	2600	2605	2600	2604	2600	-6	50	370
2010-09-27	2600	2615	2621	2601	2602	2607	2	58	362
2010-09-28	2607	2596	2598	2590	2598	2593	-9	36	366
2010-09-29	2593	2590	2593	2589	2593	2590	0	18	356
2010-09-30	2590	2592	2599	2592	2594	2595	4	6	356
2010-10-08	2595	2600	2600	2590	2592	2596	-3	24	358
2010-10-11	2596	2622	2665	2622	2653	2653	57	48	364
2010-10-12	2653	2636	2636	2612	2612	2618	-41	12	366
2010-10-13	2618	2624	2633	2620	2622	2626	4	24	366
2010-10-14	2626	2636	2649	2632	2649	2636	23	38	370
2010-10-15	2636	2648	2650	2648	2648	2649	12	8	370
2010-10-18	2649	2633	2710	2633	2670	2673	21	24	370
2010-10-19	2673	2678	2685	2667	2667	2678	-6	8	372
2010-10-20	2678	2642	2702	2642	2697	2687	19	38	372
2010-10-21	2687	2728	2750	2720	2720	2726	33	14	380
2010-10-22	2726	2722	2722	2713	2720	2717	-6	20	382
2010-10-25	2717	2759	2785	2745	2779	2769	62	140	396
2010-10-26	2769	2782	2783	2758	2760	2766	-9	142	384
2010-10-27	2766	2788	2814	2735	2753	2775	-13	280	442
2010-10-28	2775	2766	2772	2758	2759	2766	-16	98	422
2010-10-29	2766	2764	2764	2706	2706	2725	-60	90	410
2010-11-01	2725	2750	2750	2722	2726	2732	1	38	404
2010-11-02	2732	2693	2710	2693	2709	2708	-23	22	410
2010-11-03	2708	2761	2761	2693	2695	2718	-13	50	400
2010-11-04	2718	2701	2718	2701	2716	2711	-2	42	400
2010-11-05	2711	2727	2760	2727	2753	2746	42	96	394
2010-11-08	2746	2768	2768	2736	2744	2752	-2	74	406
2010-11-09	2752	2775	2784	2771	2784	2777	32	20	398
2010-11-10	2777	2780	2806	2762	2763	2776	-14	118	392
2010-11-11	2776	2770	2770	2750	2750	2763	-26	46	392
2010-11-12	2763	2733	2744	2665	2691	2714	-72	146	368
2010-11-15	2714	2708	2759	2704	2759	2737	45	56	364
2010-11-16	2737	2763	2763	2730	2730	2750	-7	8	362
2010-11-17	2750	2666	2693	2664	2681	2686	-69	70	360
2010-11-18	2686	2721	2721	2700	2720	2712	34	14	358
2010-11-19	2712	2727	2729	2724	2729	2725	17	28	356
2010-11-22	2725	2713	2715	2708	2708	2711	-17	12	364
2010-11-23	2711	2704	2706	2687	2704	2699	-7	80	396
2010-11-24	2699	2700	2704	2700	2704	2700	5	40	432
2010-11-25	2700	2705	2705	2705	2705	2705	5	12	444
2010-11-26	2705	2686	2691	2680	2680	2683	-25	72	420
2010-11-29	2683	2660	2682	2660	2679	2677	-4	40	418
2010-11-30	2677	2680	2684	2674	2677	2678	0	12	418
2010-12-01	2678	2699	2701	2699	2701	2700	23	4	420
2010-12-02	2700	2729	2740	2726	2740	2729	40	80	484
2010-12-03	2729	2731	2731	2712	2724	2717	-5	26	462
2010-12-06	2717	2752	2782	2748	2782	2761	65	38	458
2010-12-07	2761	2787	2810	2786	2810	2791	49	88	464
2010-12-08	2791	2778	2791	2778	2778	2785	-13	22	468
2010-12-09	2785	2788	2795	2784	2790	2789	5	28	472
2010-12-10	2789	2783	2788	2772	2778	2781	-11	46	472
2010-12-13	2781	2763	2787	2752	2787	2776	6	38	484
2010-12-14	2776	2785	2789	2778	2789	2784	13	28	484
2010-12-15	2784	2787	2799	2781	2784	2788	0	24	484
2010-12-16	2788	2780	2783	2778	2778	2780	-10	12	484
2010-12-17	2780	2776	2782	2770	2770	2778	-10	14	484
2010-12-20	2778	2788	2788	2779	2780	2783	2	12	488
2010-12-21	2783	2780	2782	2780	2782	2781	-1	10	482
2010-12-22	2781	2796	2797	2786	2795	2792	14	18	476
2010-12-23	2792	2814	2814	2806	2814	2812	22	20	472
2010-12-24	2812	2814	2814	2807	2810	2810	-2	18	472
2010-12-27	2810	2784	2794	2784	2789	2790	-21	20	462
2010-12-28	2790	2806	2806	2799	2799	2803	9	18	462
2010-12-29	2803	2810	2810	2785	2785	2792	-18	10	466
2010-12-30	2792	2778	2781	2770	2780	2775	-12	36	460
2010-12-31	2775	2778	2781	2775	2777	2778	2	12	462
2011-01-04	2778	2787	2804	2787	2804	2796	26	26	466
2011-01-05	2796	2797	2797	2793	2793	2795	-3	8	466
2011-01-06	2795	2806	2806	2795	2795	2800	0	68	476
2011-01-07	2800	2788	2788	2755	2755	2773	-45	14	476
2011-01-10	2773	2750	2759	2736	2736	2747	-37	58	488
2011-01-11	2747	2731	2738	2729	2733	2733	-14	48	500
2011-01-12	2733	2738	2748	2738	2748	2744	15	10	500
2011-01-13	2744	2759	2763	2750	2750	2753	6	32	506
2011-01-14	2753	2762	2821	2752	2811	2808	58	80	492
2011-01-17	2808	2839	2850	2817	2824	2829	16	46	488
2011-01-18	2829	2817	2828	2810	2824	2817	-5	26	490
2011-01-19	2817	2824	2851	2824	2840	2846	23	58	522
2011-01-20	2846	2834	2834	2819	2819	2824	-27	28	522
2011-01-21	2824	2820	2820	2810	2810	2814	-14	80	504
2011-01-24	2814	2839	2854	2839	2843	2849	29	160	530
2011-01-25	2849	2855	2876	2835	2854	2858	5	288	632
2011-01-26	2858	2774	2870	2774	2852	2853	-6	36	638
2011-01-27	2853	2870	2870	2854	2854	2859	1	14	638
2011-01-28	2859	2834	2850	2833	2848	2844	-11	18	638
2011-01-31	2844	2861	2867	2852	2855	2859	11	32	634
2011-02-01	2859	2774	2878	2774	2874	2863	15	36	656
2011-02-09	2863	2900	3045	2900	3045	2997	182	368	736
2011-02-10	2997	3041	3064	3025	3032	3044	35	218	764
2011-02-11	3044	3025	3039	3007	3011	3023	-33	52	760
2011-02-14	3023	3062	3108	3062	3095	3090	72	322	908
2011-02-15	3090	3079	3093	3063	3072	3078	-18	216	878
2011-02-16	3078	3040	3047	3023	3043	3035	-35	248	876
2011-02-17	3035	3044	3044	3020	3020	3031	-15	68	864
2011-02-18	3031	3015	3034	2992	2992	3013	-39	86	872
2011-02-21	3013	2984	2993	2970	2970	2981	-43	106	814
2011-02-22	2981	3069	3069	2942	2950	2970	-31	124	820
2011-02-23	2970	2906	2912	2877	2911	2906	-59	162	766
2011-02-24	2906	2914	2914	2867	2867	2891	-39	72	740
2011-02-25	2891	2892	2915	2892	2914	2903	23	150	718
2011-02-28	2903	2988	2988	2908	2912	2925	9	36	712
2011-03-01	2925	2918	2919	2908	2908	2913	-17	70	708
2011-03-02	2913	2902	2930	2902	2922	2917	9	20	710
2011-03-03	2917	2919	2926	2919	2925	2921	8	36	714
2011-03-04	2921	2920	2920	2905	2905	2915	-16	12	704
2011-03-07	2915	2899	2913	2899	2913	2904	-2	28	710
2011-03-08	2904	2913	2913	2871	2882	2897	-22	60	682
2011-03-09	2897	2874	2874	2869	2869	2872	-28	16	666
2011-03-10	2872	2847	2847	2844	2844	2847	-28	66	670
2011-03-11	2847	2843	2849	2843	2844	2845	-3	6	672
2011-03-14	2845	2846	2867	2844	2866	2857	21	112	614
2011-03-15	2857	2865	2865	2854	2863	2860	6	18	612
2011-03-16	2860	2849	2866	2849	2866	2853	6	28	620
2011-03-17	2853	2865	2894	2865	2881	2880	28	114	694
2011-03-18	2880	2904	2905	2895	2898	2902	18	56	692
2011-03-21	2902	2905	2913	2904	2913	2909	11	34	694
2011-03-22	2909	2905	2933	2905	2923	2926	14	48	674
2011-03-23	2926	2927	2931	2923	2931	2927	5	30	658
2011-03-24	2927	2918	2921	2908	2910	2915	-17	46	660
2011-03-25	2915	2925	2925	2925	2925	2925	10	2	658
2011-03-28	2925	2910	2910	2910	2910	2910	-15	32	654
2011-03-29	2910	2900	2922	2900	2922	2909	12	20	662
2011-03-30	2909	2922	2938	2917	2925	2928	16	178	806
2011-03-31	2928	2930	2932	2910	2910	2914	-18	58	804
2011-04-01	2914	2907	2907	2885	2888	2891	-26	36	804
2011-04-06	2891	2886	2886	2882	2882	2884	-9	64	804
2011-04-07	2884	2882	2888	2878	2888	2884	4	8	808
2011-04-08	2884	2887	2895	2887	2895	2891	11	28	822
2011-04-11	2891	2906	2911	2905	2905	2910	14	20	836
2011-04-12	2910	2892	2892	2872	2874	2878	-36	52	866
2011-04-13	2878	2868	2878	2868	2877	2875	-1	44	904
2011-04-14	2875	2879	2879	2863	2863	2873	-12	76	972
2011-04-15	2873	2854	2866	2851	2866	2853	-7	110	974
2011-04-18	2853	2868	2868	2863	2866	2866	13	34	1004
2011-04-19	2866	2880	2880	2871	2874	2875	8	112	1084
2011-04-20	2875	2884	2887	2880	2882	2882	7	136	1210
2011-04-21	2882	2874	2876	2864	2864	2874	-18	16	1220
2011-04-22	2874	2857	2860	2851	2860	2854	-14	12	1222
2011-04-25	2854	2863	2872	2863	2865	2869	11	40	1238
2011-04-26	2869	2858	2862	2857	2857	2859	-12	8	1244
2011-04-27	2859	2860	2860	2826	2826	2834	-33	22	1266
2011-04-28	2834	2826	2828	2800	2800	2823	-34	30	1278
2011-04-29	2823	2788	2788	2774	2777	2784	-46	146	1288
2011-05-03	2784	2786	2789	2783	2789	2788	5	58	1314
2011-05-04	2788	2799	2807	2794	2799	2802	11	128	1358
2011-05-05	2802	2779	2799	2779	2792	2794	-10	136	1374
2011-05-06	2794	2788	2796	2782	2788	2786	-6	36	1378
2011-05-09	2786	2802	2810	2797	2802	2803	16	94	1382
2011-05-10	2803	2804	2809	2800	2800	2803	-3	48	1412
2011-05-11	2803	2802	2807	2802	2803	2806	0	68	1420
2011-05-12	2806	2788	2795	2788	2790	2792	-16	16	1416
2011-05-13	2792	2793	2795	2793	2795	2794	3	18	1416
2011-05-16	2794	2771	2808	2771	2808	2797	14	106	1480
2011-05-17	2797	2805	2807	2800	2802	2803	5	88	1556
2011-05-18	2803	0	0	0	0	2803	-2803	0	1556
2011-05-19	2803	2808	2809	2806	2806	2808	3	44	1596
2011-05-20	2808	2796	2796	2793	2793	2794	-15	26	1590
2011-05-23	2794	2804	2822	2800	2800	2810	6	30	1614
2011-05-24	2810	2805	2805	2800	2800	2804	-10	12	1610
2011-05-25	2804	2812	2812	2804	2806	2808	2	20	1620
2011-05-26	2808	2822	2839	2822	2839	2829	31	26	1622
2011-05-27	2829	2843	2843	2831	2839	2835	10	690	2300
2011-05-30	2835	2855	2895	2853	2890	2868	55	666	2760
2011-05-31	2868	2862	2862	2840	2842	2852	-26	156	2740
2011-06-01	2852	2833	2842	2833	2838	2838	-14	182	2750
2011-06-02	2838	2843	2844	2835	2839	2843	1	272	2756
2011-06-03	2843	2843	2843	2836	2842	2840	-1	32	2760
2011-06-07	2840	2812	2812	2796	2796	2808	-44	196	2766
2011-06-08	2808	2795	2802	2795	2800	2801	-8	42	2756
2011-06-09	2801	2800	2800	2793	2794	2796	-7	68	2776
2011-06-10	2796	2782	2782	2775	2780	2779	-16	34	2766
2011-06-13	2779	0	0	0	0	2788	-2779	0	2766
2011-06-14	2788	2787	2787	2778	2778	2784	-10	6	2768
2011-06-15	2784	2786	2786	2786	2786	2786	2	4	2772
2011-06-16	2786	2781	2781	2781	2781	2781	-5	2	2770
2011-06-17	2781	2757	2757	2734	2734	2743	-47	174	2688
2011-06-20	2743	2741	2741	2741	2741	2741	-2	40	2726
2011-06-21	2741	2752	2754	2749	2754	2752	13	6	2726
2011-06-22	2752	2762	2762	2752	2752	2757	0	20	2712
2011-06-23	2757	2735	2735	2716	2727	2724	-30	150	2710
2011-06-24	2724	2741	2741	2741	2741	2741	17	2	2708
2011-06-27	2741	2724	2724	2720	2723	2721	-18	66	2652
2011-06-28	2721	2722	2724	2706	2706	2717	-15	78	2624
2011-06-29	2717	2713	2724	2713	2718	2718	1	18	2632
2011-06-30	2718	2715	2727	2715	2727	2724	9	26	2632
2011-07-01	2724	2698	2708	2697	2707	2706	-17	48	2606
2011-07-04	2706	2703	2716	2703	2713	2712	7	262	2848
2011-07-05	2712	2715	2715	2705	2711	2708	-1	60	2888
2011-07-06	2708	2715	2721	2711	2720	2718	12	590	3436
2011-07-07	2718	2724	2730	2719	2730	2726	12	788	3886
2011-07-08	2726	2737	2746	2730	2734	2739	8	468	4010
2011-07-11	2739	2726	2726	2716	2716	2721	-23	46	3998
2011-07-12	2721	2712	2712	2674	2678	2693	-43	214	3798
2011-07-13	2693	2691	2692	2690	2692	2691	-1	12	3800
2011-07-14	2691	2708	2708	2698	2699	2703	8	148	3924
2011-07-15	2703	2702	2704	2694	2695	2699	-8	86	3906
2011-07-18	2699	2696	2707	2693	2697	2703	-2	222	4096
2011-07-19	2703	2703	2705	2696	2699	2699	-4	184	4234
2011-07-20	2699	2696	2697	2690	2691	2691	-8	210	4376
2011-07-21	2691	2690	2690	2675	2677	2680	-14	20	4372
2011-07-22	2680	2673	2673	2670	2672	2672	-8	22	4362
2011-07-25	2672	2678	2691	2677	2690	2683	18	956	5214
2011-07-26	2683	2686	2694	2685	2685	2691	2	362	5486
2011-07-27	2691	2692	2707	2690	2707	2700	16	1128	6560
2011-07-28	2700	2704	2710	2699	2704	2705	4	264	6660
2011-07-29	2705	2699	2699	2692	2692	2696	-13	146	6518
2011-08-01	2696	2686	2690	2686	2689	2688	-7	166	6498
2011-08-02	2688	2696	2704	2696	2704	2702	16	262	6738
2011-08-03	2702	2705	2705	2700	2700	2703	-2	136	6716
2011-08-04	2703	2696	2697	2688	2688	2691	-15	214	6506
2011-08-05	2691	2678	2685	2674	2677	2683	-14	234	6504
2011-08-08	2683	2677	2677	2661	2661	2667	-22	232	6456
2011-08-09	2667	2628	2643	2627	2643	2633	-24	130	6436
2011-08-10	2633	2650	2656	2649	2649	2654	16	472	6536
2011-08-11	2654	2649	2657	2644	2656	2655	2	270	6636
2011-08-12	2655	2660	2660	2645	2646	2652	-9	302	6536
2011-08-15	2652	2655	2657	2644	2652	2654	0	466	6878
2011-08-16	2654	2650	2652	2647	2647	2648	-7	136	6878
2011-08-17	2648	2648	2648	2645	2646	2646	-2	172	6878
2011-08-18	2646	2645	2645	2635	2636	2639	-10	386	6998
2011-08-19	2639	2623	2625	2616	2622	2620	-17	512	6570
2011-08-22	2620	2612	2612	2612	2612	2612	-8	10	6570
2011-08-23	2612	2598	2598	2590	2595	2591	-17	184	6548
2011-08-24	2591	2594	2604	2594	2604	2599	13	24	6558
2011-08-25	2599	2603	2660	2595	2602	2602	3	3510	6584
2011-08-26	2602	2602	2612	2599	2608	2606	6	232	6656
2011-08-29	2606	2610	2625	2610	2625	2619	19	514	6846
2011-08-30	2619	2617	2617	2613	2613	2615	-6	34	6846
2011-08-31	2615	2616	2616	2615	2616	2616	1	56	6856
2011-09-01	2616	2613	2613	2610	2610	2611	-6	94	6912
2011-09-02	2611	2609	2612	2605	2609	2608	-2	616	6648
2011-09-05	2608	2623	2644	2623	2638	2639	30	346	6618
2011-09-06	2639	2645	2648	2637	2641	2641	2	162	6550
2011-09-07	2641	2643	2655	2642	2649	2649	8	708	6454
2011-09-08	2649	2648	2651	2647	2650	2649	1	226	6388
2011-09-09	2649	2668	2668	2658	2663	2662	14	838	6064
2011-09-13	2662	2661	2661	2655	2655	2658	-7	414	5750
2011-09-14	2658	2647	2648	2637	2639	2642	-19	230	5576
2011-09-15	2642	2637	2637	2635	2635	2636	-7	40	5556
2011-09-16	2636	2622	2629	2622	2629	2623	-7	240	5612
2011-09-19	2623	2620	2621	2610	2612	2615	-11	936	5112
2011-09-20	2615	2610	2610	2606	2606	2609	-9	80	5034
2011-09-21	2609	2610	2620	2610	2618	2614	9	322	5032
2011-09-22	2614	2610	2610	2601	2603	2606	-11	386	4646
2011-09-23	2606	2586	2586	2560	2561	2566	-45	248	4838
2011-09-26	2566	2565	2577	2508	2509	2560	-57	1496	3556
2011-09-27	2560	2528	2532	2525	2529	2528	-31	64	3538
2011-09-28	2528	2514	2514	2508	2509	2510	-19	84	3522
2011-09-29	2510	2456	2470	2436	2453	2450	-57	128	3488
2011-09-30	2450	2443	2463	2443	2463	2452	13	6	3484
2011-10-10	2452	2438	2449	2436	2440	2441	-12	558	3728
2011-10-11	2441	2443	2446	2420	2420	2441	-21	394	3790
2011-10-12	2441	2432	2433	2429	2433	2432	-8	38	3780
2011-10-13	2432	2426	2426	2410	2419	2417	-13	176	3804
2011-10-14	2417	2431	2436	2430	2436	2432	19	48	3802
2011-10-17	2432	2441	2448	2441	2448	2446	16	38	3804
2011-10-18	2446	2421	2421	2407	2407	2414	-39	62	3822
2011-10-19	2414	2420	2425	2398	2408	2406	-6	712	4174
2011-10-20	2406	2400	2400	2363	2366	2379	-40	208	4304
2011-10-21	2379	2381	2381	2371	2371	2378	-8	12	4312
2011-10-24	2378	2372	2383	2372	2381	2379	3	168	4354
2011-10-25	2379	2376	2387	2370	2379	2383	0	120	4360
2011-10-26	2383	2377	2408	2377	2385	2388	2	718	4680
2011-10-27	2388	2378	2402	2377	2401	2387	13	860	4736
2011-10-28	2387	2415	2415	2401	2401	2406	14	444	4978
2011-10-31	2406	2400	2405	2391	2391	2402	-15	620	4948
2011-11-01	2402	2405	2405	2400	2400	2400	-2	350	5252
2011-11-02	2400	2398	2398	2393	2398	2396	-2	412	4986
2011-11-03	2396	2397	2402	2396	2400	2397	4	186	5002
2011-11-04	2397	2400	2400	2399	2400	2400	3	282	4960
2011-11-07	2400	2400	2400	2400	2400	2400	0	398	4640
2011-11-08	2400	2400	2400	2390	2400	2399	0	138	4746
2011-11-09	2399	2395	2395	2395	2395	2395	-4	12	4756
2011-11-10	2395	2392	2392	2389	2389	2389	-6	106	4778
2011-11-11	2389	2366	2393	2366	2393	2380	4	12	4778
2011-11-14	2380	2395	2395	2393	2393	2394	13	34	4508
2011-11-15	2394	2390	2390	2388	2388	2389	-6	68	4018
2011-11-16	2389	2382	2386	2382	2383	2383	-6	282	3962
2011-11-17	2383	2382	2382	2365	2365	2372	-18	156	4024
2011-11-18	2372	2347	2350	2330	2330	2340	-42	102	4052
2011-11-21	2340	0	0	0	0	2317	-23	0	4052
2011-11-22	2317	2308	2310	2290	2292	2301	-25	190	0
