2010-01-04	2188	2195	2195	2189	2191	2192	3	3400	26734
2010-01-05	2192	2193	2197	2191	2195	2195	3	1932	26058
2010-01-06	2195	2195	2261	2193	2205	2207	10	8852	24992
2010-01-07	2207	2208	2213	2196	2198	2202	-9	3330	24048
2010-01-08	2202	2196	2206	2191	2199	2198	-3	1280	23726
2010-01-11	2198	2204	2213	2202	2211	2206	13	2080	23120
2010-01-12	2206	2208	2221	2206	2215	2215	9	2768	22578
2010-01-13	2215	2198	2207	2196	2200	2202	-15	1392	22096
2010-01-14	2202	2202	2207	2202	2204	2205	2	912	21942
2010-01-15	2205	2202	2205	2192	2194	2197	-11	1212	22042
2010-01-18	2197	2194	2197	2192	2194	2194	-3	832	22154
2010-01-19	2194	2195	2202	2194	2202	2199	8	510	22106
2010-01-20	2199	2199	2205	2197	2200	2200	1	690	21906
2010-01-21	2200	2197	2202	2197	2201	2200	1	296	21848
2010-01-22	2200	2202	2202	2190	2196	2194	-4	1896	21542
2010-01-25	2194	2194	2196	2192	2193	2193	-1	304	21554
2010-01-26	2193	2196	2196	2191	2194	2193	1	470	21374
2010-01-27	2193	2195	2197	2194	2194	2195	1	162	21320
2010-01-28	2195	2192	2207	2191	2207	2196	12	840	20906
2010-01-29	2196	2199	2204	2199	2200	2202	4	552	20726
2010-02-01	2202	2204	2204	2191	2196	2194	-6	1712	20190
2010-02-02	2194	2193	2199	2193	2197	2195	3	180	20098
2010-02-03	2195	2200	2209	2197	2206	2203	11	336	20060
2010-02-04	2203	2201	2207	2201	2207	2205	4	390	19942
2010-02-05	2205	2207	2209	2204	2205	2206	0	304	19782
2010-02-08	2206	2206	2220	2206	2218	2214	12	726	19470
2010-02-09	2214	2220	2220	2211	2216	2215	2	3942	19340
2010-02-10	2215	2219	2220	2215	2215	2218	0	512	19290
2010-02-11	2218	2215	2221	2214	2219	2218	1	770	19446
2010-02-12	2218	2221	2221	2215	2217	2216	-1	604	18922
2010-02-22	2216	2221	2228	2217	2227	2224	11	332	18872
2010-02-23	2224	2226	2226	2222	2223	2224	-1	188	18880
2010-02-24	2224	2222	2230	2222	2229	2227	5	266	18878
2010-02-25	2227	2228	2230	2226	2228	2228	1	506	18792
2010-02-26	2228	2228	2231	2226	2228	2228	0	384	18686
2010-03-01	2228	2237	2237	2225	2230	2230	2	408	18652
2010-03-02	2230	2228	2230	2226	2229	2229	-1	224	18690
2010-03-03	2229	2228	2232	2227	2231	2230	2	308	18576
2010-03-04	2230	2229	2231	2227	2228	2229	-2	220	18518
2010-03-05	2229	2227	2229	2226	2229	2228	0	318	18448
2010-03-08	2228	2229	2232	2229	2230	2231	2	444	18318
2010-03-09	2231	2228	2229	2227	2228	2228	-3	74	18262
2010-03-10	2228	2227	2228	2227	2228	2228	0	160	18218
2010-03-11	2228	2228	2231	2227	2230	2229	2	204	18114
2010-03-12	2229	2227	2235	2227	2232	2231	3	106	18060
2010-03-15	2231	2234	2234	2229	2229	2230	-2	476	18034
2010-03-16	2230	2227	2233	2227	2233	2229	3	224	18026
2010-03-17	2229	2235	2243	2232	2241	2238	12	246	18076
2010-03-18	2238	2244	2247	2241	2247	2244	9	3108	18102
2010-03-19	2244	2250	2256	2245	2253	2253	9	2926	18118
2010-03-22	2253	2247	2253	2247	2251	2250	-2	280	18056
2010-03-23	2250	2257	2265	2257	2260	2262	10	506	17974
2010-03-24	2262	2260	2268	2260	2264	2264	2	418	17920
2010-03-25	2264	2260	2269	2260	2267	2263	3	318	17868
2010-03-26	2263	2264	2269	2264	2266	2266	3	272	17782
2010-03-29	2266	2266	2278	2265	2275	2273	9	408	17732
2010-03-30	2273	2278	2286	2276	2284	2283	11	416	17712
2010-03-31	2283	2285	2285	2233	2233	2253	-50	3020	16476
2010-04-01	2253	2250	2258	2226	2253	2240	0	3628	15190
2010-04-02	2240	2246	2251	2243	2251	2248	11	430	15072
2010-04-06	2248	2250	2260	2247	2255	2253	7	1094	15056
2010-04-07	2253	2250	2265	2250	2260	2256	7	1654	14880
2010-04-08	2256	2259	2271	2259	2269	2265	13	2826	14384
2010-04-09	2265	2268	2273	2260	2264	2267	-1	1180	14276
2010-04-12	2267	2262	2280	2262	2274	2274	7	736	14194
2010-04-13	2274	2273	2278	2271	2275	2276	1	416	14234
2010-04-14	2276	2278	2280	2276	2277	2278	1	264	14202
2010-04-15	2278	2276	2279	2273	2276	2275	-2	904	14186
2010-04-16	2275	2274	2280	2274	2277	2277	2	690	14162
2010-04-19	2277	2275	2300	2275	2296	2286	19	822	13890
2010-04-20	2286	2300	2338	2297	2337	2324	51	1376	13786
2010-04-21	2324	2340	2371	2332	2349	2356	25	2160	12642
2010-04-22	2356	2341	2347	2336	2340	2340	-16	1510	11334
2010-04-23	2340	2338	2338	2310	2330	2330	-10	212	11312
2010-04-26	2330	2341	2341	2317	2320	2330	-10	664	10790
2010-04-27	2330	2314	2320	2309	2309	2313	-21	586	10228
2010-04-28	2313	2315	2315	2243	2243	2281	-70	1276	9090
2010-04-29	2281	2252	2254	2218	2220	2228	-61	1790	8290
2010-04-30	2228	2213	2229	2213	2220	2223	-8	200	8148
2010-05-04	2223	0	0	0	0	2223	-2223	0	8148
2010-05-05	2223	0	0	0	0	2223	-2223	0	8148
2010-05-06	2223	2230	2260	2230	2250	2251	27	320	7888
2010-05-07	2251	2235	2235	2231	2231	2232	-20	62	7846
2010-05-10	2232	0	0	0	0	2232	-2232	0	7846
2010-05-11	2232	0	0	0	0	2232	-2232	0	7846
2010-05-12	2232	0	0	0	0	2232	-2232	0	7846
2010-05-13	2232	0	0	0	0	2232	-2232	0	7846
2010-05-14	2232	2230	2240	2230	2240	2232	8	42	7856
2010-05-17	2232	0	0	0	0	2232	-2232	0	7856
2010-05-18	2232	2248	2248	2248	2248	2248	16	26	7856
2010-05-19	2248	0	0	0	0	2240	-2248	0	7856
2010-05-20	2240	2241	2241	2241	2241	2241	1	20	7856
