2010-01-04	2254	0	0	0	0	2261	-2254	0	120
2010-01-05	2261	2263	2273	2263	2269	2272	8	26	122
2010-01-06	2272	2252	2287	2252	2287	2275	15	8	122
2010-01-07	2275	2288	2288	2273	2273	2276	-2	20	118
2010-01-08	2276	2250	2277	2250	2277	2271	1	16	122
2010-01-11	2271	2263	2285	2263	2285	2274	14	4	122
2010-01-12	2274	2286	2286	2286	2286	2286	12	2	122
2010-01-13	2286	2265	2281	2265	2279	2271	-7	10	120
2010-01-14	2271	0	0	0	0	2272	-2271	0	120
2010-01-15	2272	0	0	0	0	2272	-2272	0	120
2010-01-18	2272	2263	2274	2263	2274	2267	2	6	120
2010-01-19	2267	2256	2278	2256	2273	2269	6	6	120
2010-01-20	2269	2269	2269	2265	2265	2267	-4	12	116
2010-01-21	2267	0	0	0	0	2268	-2267	0	116
2010-01-22	2268	2266	2266	2266	2266	2266	-2	2	114
2010-01-25	2266	2243	2263	2243	2258	2257	-8	28	106
2010-01-26	2257	2263	2263	2260	2260	2262	3	16	112
2010-01-27	2262	2264	2264	2264	2264	2264	2	2	112
2010-01-28	2264	2255	2255	2247	2255	2253	-9	12	106
2010-01-29	2253	2285	2285	2253	2253	2261	0	10	106
2010-02-01	2261	2271	2271	2246	2248	2250	-13	22	108
2010-02-02	2250	2242	2256	2242	2250	2252	0	24	102
2010-02-03	2252	2257	2259	2250	2251	2253	-1	20	110
2010-02-04	2253	2235	2252	2235	2252	2246	-1	6	110
2010-02-05	2246	2250	2250	2250	2250	2250	4	2	108
2010-02-08	2250	2245	2260	2245	2260	2256	10	34	102
2010-02-09	2256	2259	2271	2259	2271	2265	15	8	98
2010-02-10	2265	2261	2274	2261	2271	2269	6	26	86
2010-02-11	2269	2274	2293	2274	2276	2283	7	38	76
2010-02-12	2283	2363	2363	2263	2270	2284	-13	28	76
2010-02-22	2284	2274	2284	2271	2271	2276	-13	14	74
2010-02-23	2276	2263	2280	2263	2278	2275	2	26	76
2010-02-24	2275	2272	2281	2272	2279	2277	4	24	80
2010-02-25	2277	2278	2285	2272	2285	2280	8	26	78
2010-02-26	2280	2285	2285	2272	2280	2282	0	30	82
2010-03-01	2282	2281	2292	2281	2284	2286	2	40	92
2010-03-02	2286	2284	2284	2284	2284	2284	-2	4	92
2010-03-03	2284	2282	2283	2282	2283	2283	-1	8	88
2010-03-04	2283	2273	2281	2273	2278	2277	-5	18	94
2010-03-05	2277	2272	2276	2272	2276	2274	-1	8	94
2010-03-08	2274	2282	2282	2277	2280	2280	6	26	90
2010-03-09	2280	2271	2283	2271	2283	2277	3	8	90
2010-03-10	2277	2274	2284	2273	2273	2279	-4	12	90
2010-03-11	2279	2273	2279	2273	2276	2275	-3	8	90
2010-03-12	2275	2264	2280	2264	2280	2274	5	18	98
2010-03-15	2274	2280	2280	2273	2278	2276	4	26	92
2010-03-16	2276	2262	2275	2262	2275	2270	-1	8	90
2010-03-17	2270	2270	2286	2270	2286	2282	16	14	92
2010-03-18	2282	2287	2288	2287	2288	2287	6	8	92
2010-03-19	2287	2289	2295	2289	2295	2292	8	30	88
2010-03-22	2292	2286	2286	2286	2286	2286	-6	10	84
2010-03-23	2286	2304	2304	2288	2288	2296	2	14	80
2010-03-24	2296	0	0	0	0	2295	-2296	0	80
2010-03-25	2295	2287	2288	2287	2288	2288	-7	20	86
2010-03-26	2288	0	0	0	0	2288	-2288	0	86
2010-03-29	2288	2288	2299	2288	2299	2293	11	6	86
2010-03-30	2293	2299	2301	2290	2290	2299	-3	14	84
2010-03-31	2299	2293	2293	2293	2293	2293	-6	16	84
2010-04-01	2293	0	0	0	0	2287	-2293	0	84
2010-04-02	2287	0	0	0	0	2286	-2287	0	84
2010-04-06	2286	2292	2292	2286	2290	2290	4	8	88
2010-04-07	2290	2286	2286	2286	2286	2286	-4	4	84
2010-04-08	2286	2284	2284	2284	2284	2284	-2	2	86
2010-04-09	2284	0	0	0	0	2282	-2284	0	86
2010-04-12	2282	2284	2286	2284	2285	2285	3	10	84
2010-04-13	2285	2288	2288	2284	2285	2285	0	10	82
2010-04-14	2285	2289	2289	2288	2288	2288	3	6	82
2010-04-15	2288	0	0	0	0	2288	-2288	0	82
2010-04-16	2288	0	0	0	0	2288	-2288	0	82
2010-04-19	2288	2294	2296	2293	2293	2294	5	24	88
2010-04-20	2294	2308	2311	2308	2311	2309	17	6	86
2010-04-21	2309	2311	2317	2310	2317	2316	8	42	110
2010-04-22	2316	0	0	0	0	2313	-2316	0	110
2010-04-23	2313	2316	2316	2316	2316	2316	3	12	108
2010-04-26	2316	2310	2322	2310	2314	2314	-2	38	106
2010-04-27	2314	2319	2321	2312	2321	2317	7	12	108
2010-04-28	2317	2317	2317	2311	2315	2313	-2	24	88
2010-04-29	2313	2312	2312	2310	2310	2311	-3	6	88
2010-04-30	2311	2307	2309	2307	2309	2308	-2	8	80
2010-05-04	2308	2314	2314	2308	2314	2313	6	16	78
2010-05-05	2313	0	0	0	0	2313	-2313	0	78
2010-05-06	2313	2312	2312	2308	2308	2309	-5	12	80
2010-05-07	2309	2300	2302	2298	2298	2300	-11	6	82
2010-05-10	2300	2308	2308	2307	2307	2307	7	16	86
2010-05-11	2307	2303	2307	2303	2303	2304	-4	6	88
2010-05-12	2304	0	0	0	0	2304	-2304	0	88
2010-05-13	2304	2303	2304	2303	2304	2304	0	8	96
2010-05-14	2304	0	0	0	0	2304	-2304	0	96
2010-05-17	2304	2293	2293	2293	2293	2293	-11	8	104
2010-05-18	2293	2294	2296	2294	2296	2295	3	12	92
2010-05-19	2295	2305	2305	2305	2305	2305	10	2	90
2010-05-20	2305	2312	2313	2298	2298	2310	-7	46	94
2010-05-21	2310	0	0	0	0	2300	-2310	0	94
2010-05-24	2300	0	0	0	0	2297	-2300	0	94
2010-05-25	2297	0	0	0	0	2297	-2297	0	94
2010-05-26	2297	0	0	0	0	2297	-2297	0	94
2010-05-27	2297	2271	2299	2270	2291	2283	-6	200	94
2010-05-28	2283	2279	2296	2275	2291	2285	8	172	92
2010-05-31	2285	2278	2278	2278	2278	2278	-7	2	90
2010-06-01	2278	2288	2288	2270	2270	2279	-8	8	90
2010-06-02	2279	0	0	0	0	2274	-2279	0	90
2010-06-03	2274	2271	2271	2266	2266	2268	-8	6	94
2010-06-04	2268	2277	2277	2277	2277	2277	9	2	92
2010-06-07	2277	2274	2274	2271	2271	2273	-6	6	90
2010-06-08	2273	2270	2271	2270	2271	2271	-2	4	90
2010-06-09	2271	2273	2275	2250	2274	2263	3	348	86
2010-06-10	2263	0	0	0	0	2270	-2263	0	86
2010-06-11	2270	2290	2290	2271	2275	2277	5	10	86
2010-06-17	2277	2251	2297	2240	2275	2270	-2	20	86
2010-06-18	2270	2261	2270	2261	2270	2266	0	4	86
2010-06-22	2269	0	0	0	0	2269	-2269	0	76
2010-06-23	2269	0	0	0	0	2269	-2269	0	76
2010-06-24	2269	2290	2290	2271	2284	2279	15	14	76
2010-06-25	2279	0	0	0	0	2279	-2279	0	76
2010-06-28	2279	2274	2274	2265	2269	2268	-10	10	76
2010-06-29	2268	2280	2280	2280	2280	2280	12	12	76
2010-06-30	2280	2280	2280	2280	2280	2280	0	2	74
2010-07-02	2302	2283	2301	2282	2291	2289	-11	12	76
2010-07-05	2289	2304	2304	2297	2302	2301	13	32	92
2010-07-06	2301	0	0	0	0	2301	-2301	0	92
2010-07-07	2301	2259	2301	2259	2301	2297	0	60	96
2010-07-08	2297	2301	2301	2300	2300	2301	3	24	102
2010-07-09	2301	2304	2304	2299	2299	2302	-2	10	98
2010-07-12	2302	0	0	0	0	2302	-2302	0	98
2010-07-13	2302	2293	2293	2293	2293	2293	-9	2	98
2010-07-14	2293	2294	2309	2294	2304	2304	11	8	100
2010-07-15	2304	2307	2307	2307	2307	2307	3	4	100
2010-07-16	2307	2310	2310	2285	2302	2300	-5	14	100
2010-07-19	2300	2328	2328	2305	2310	2310	10	20	102
2010-07-20	2310	2310	2310	2300	2300	2305	-10	8	100
2010-07-21	2305	2291	2307	2291	2306	2303	1	42	116
2010-07-22	2303	2310	2310	2290	2305	2303	2	8	116
2010-07-23	2303	2306	2312	2303	2312	2308	9	28	116
2010-07-26	2308	2311	2347	2311	2342	2330	34	136	122
2010-07-27	2330	2341	2346	2330	2340	2338	10	52	120
2010-07-28	2338	2340	2342	2340	2341	2341	3	14	118
2010-07-29	2341	2345	2345	2343	2343	2344	2	4	118
2010-07-30	2344	2338	2342	2338	2341	2340	-3	6	122
2010-08-02	2340	2363	2372	2363	2372	2366	32	16	120
2010-08-03	2366	2401	2401	2368	2377	2378	11	270	308
2010-08-04	2378	0	0	0	0	2378	-2378	0	308
2010-08-05	2378	2392	2398	2380	2382	2384	4	40	340
2010-08-06	2384	2408	2430	2383	2430	2407	46	116	360
2010-08-09	2407	2448	2448	2403	2416	2422	9	2750	766
2010-08-10	2422	2411	2422	2407	2419	2417	-3	52	758
2010-08-11	2417	2415	2415	2411	2411	2414	-6	6	754
2010-08-12	2414	2433	2433	2411	2422	2419	8	20	754
2010-08-16	2427	2432	2432	2409	2424	2420	-3	72	784
2010-08-17	2420	2424	2424	2403	2410	2409	-10	52	786
2010-08-18	2409	2422	2422	2400	2400	2406	-9	70	816
2010-08-19	2406	2405	2410	2402	2410	2405	4	30	816
2010-08-20	2405	2419	2419	2400	2400	2410	-5	20	814
2010-08-23	2410	2397	2400	2387	2400	2393	-10	54	852
2010-08-24	2393	2391	2408	2389	2389	2402	-4	88	924
2010-08-25	2402	2391	2391	2389	2389	2390	-13	20	934
2010-08-26	2390	2391	2402	2391	2402	2397	12	160	1006
2010-08-27	2397	2399	2421	2399	2413	2412	16	102	1004
2010-08-30	2412	2395	2430	2395	2409	2410	-3	126	1036
2010-08-31	2410	2397	2419	2396	2413	2408	3	264	1106
2010-09-01	2408	2408	2429	2405	2411	2408	3	50	1134
2010-09-02	2408	2404	2422	2404	2409	2411	1	38	1136
2010-09-03	2411	2408	2420	2408	2411	2416	0	30	1126
2010-09-06	2416	2419	2423	2410	2423	2418	7	14	1126
2010-09-07	2418	2428	2444	2428	2443	2440	25	20	1122
2010-09-08	2440	2451	2451	2438	2445	2443	5	50	1122
2010-09-09	2443	2446	2474	2435	2447	2447	4	96	1102
2010-09-10	2447	2442	2446	2436	2442	2441	-5	26	1116
2010-09-13	2441	2442	2442	2438	2438	2439	-3	8	1120
2010-09-14	2439	2439	2449	2439	2449	2444	10	4	1120
2010-09-15	2444	2457	2457	2438	2446	2444	2	12	1118
2010-09-16	2444	2432	2432	2427	2431	2431	-13	8	1116
2010-09-17	2431	2434	2434	2427	2430	2430	-1	14	1120
2010-09-20	2430	2420	2420	2420	2420	2420	-10	10	1118
2010-09-21	2420	2420	2433	2414	2429	2426	9	42	1130
2010-09-27	2426	2415	2415	2415	2415	2415	-11	4	1130
2010-09-28	2415	2400	2411	2400	2405	2406	-10	120	1234
2010-09-29	2406	2405	2416	2405	2416	2411	10	16	1234
2010-09-30	2411	0	0	0	0	2411	-2411	0	1234
2010-10-08	2411	2428	2428	2400	2423	2418	12	50	1238
2010-10-11	2418	2445	2464	2406	2433	2434	15	132	1274
2010-10-12	2434	2430	2430	2406	2414	2417	-20	12	1274
2010-10-13	2417	2401	2430	2401	2430	2425	13	32	1276
2010-10-14	2425	0	0	0	0	2440	-2425	0	1276
2010-10-15	2440	0	0	0	0	2440	-2440	0	1276
2010-10-18	2440	2405	2482	2405	2482	2413	42	412	1310
2010-10-19	2413	2485	2485	2461	2461	2476	48	22	1314
2010-10-20	2476	2452	2496	2452	2483	2470	7	144	1314
2010-10-21	2470	2470	2540	2455	2540	2467	70	54	1308
2010-10-22	2467	2430	2518	2425	2518	2490	51	60	1266
2010-10-25	2490	2540	2540	2532	2532	2537	42	42	1266
2010-10-26	2537	2465	2546	2465	2530	2467	-7	412	1264
2010-10-27	2467	2542	2542	2510	2510	2526	43	4	1266
2010-10-28	2526	2524	2544	2516	2543	2539	17	22	1264
2010-10-29	2539	2490	2497	2490	2497	2491	-42	10	1262
2010-11-01	2491	0	0	0	0	2491	-2491	0	1262
2010-11-02	2491	2500	2500	2500	2500	2500	9	2	1260
2010-11-03	2500	2500	2500	2475	2475	2487	-25	118	1202
2010-11-04	2487	0	0	0	0	2487	-2487	0	1202
2010-11-05	2487	0	0	0	0	2487	-2487	0	1202
2010-11-08	2487	0	0	0	0	2487	-2487	0	1202
2010-11-09	2487	0	0	0	0	2487	-2487	0	1202
2010-11-10	2487	0	0	0	0	2487	-2487	0	1202
2010-11-11	2487	0	0	0	0	2487	-2487	0	1202
2010-11-12	2487	0	0	0	0	2487	-2487	0	1202
2010-11-15	2487	0	0	0	0	2487	-2487	0	1202
2010-11-16	2487	0	0	0	0	2487	-2487	0	1202
2010-11-17	2487	0	0	0	0	2487	-2487	0	1202
2010-11-18	2487	0	0	0	0	2487	-2487	0	1202
2010-11-19	2487	0	0	0	0	2487	-2487	0	1202
2010-11-22	2487	0	0	0	0	2448	-2487	0	0
