2010-01-04	2269	2275	2283	2272	2278	2278	9	11170	31424
2010-01-05	2278	2280	2286	2277	2278	2281	0	7190	31588
2010-01-06	2281	2276	2300	2275	2289	2290	8	17006	34754
2010-01-07	2290	2295	2296	2256	2277	2279	-13	19124	29860
2010-01-08	2279	2278	2289	2270	2278	2279	-1	11380	30290
2010-01-11	2279	2284	2294	2281	2292	2289	13	11550	32106
2010-01-12	2289	2290	2310	2286	2299	2302	10	36490	38462
2010-01-13	2302	2289	2293	2278	2281	2286	-21	14762	33722
2010-01-14	2286	2286	2289	2282	2285	2285	-1	5166	33624
2010-01-15	2285	2285	2285	2274	2279	2279	-6	5574	33066
2010-01-18	2279	2275	2281	2272	2275	2276	-4	5270	31974
2010-01-19	2276	2274	2282	2274	2277	2278	1	3662	31728
2010-01-20	2278	2277	2279	2266	2267	2271	-11	4612	30084
2010-01-21	2271	2269	2277	2263	2276	2271	5	3942	29512
2010-01-22	2271	2273	2274	2262	2263	2267	-8	5076	29156
2010-01-25	2267	2264	2267	2253	2255	2257	-12	5154	28600
2010-01-26	2257	2256	2259	2254	2256	2256	-1	2628	28072
2010-01-27	2256	2256	2260	2255	2255	2258	-1	2026	28108
2010-01-28	2258	2247	2252	2242	2247	2245	-11	5454	27792
2010-01-29	2245	2244	2251	2244	2245	2248	0	2490	26992
2010-02-01	2248	2248	2248	2242	2245	2245	-3	3488	24942
2010-02-02	2245	2249	2250	2245	2247	2247	2	2098	24742
2010-02-03	2247	2254	2258	2250	2255	2254	8	3246	24584
2010-02-04	2254	2250	2252	2246	2251	2249	-3	1824	24082
2010-02-05	2249	2247	2256	2246	2250	2250	1	2074	24018
2010-02-08	2250	2254	2270	2252	2266	2263	16	5854	23856
2010-02-09	2263	2266	2270	2257	2268	2265	5	4434	24038
2010-02-10	2265	2271	2273	2266	2270	2270	5	3980	23610
2010-02-11	2270	2273	2277	2271	2274	2274	4	3796	22418
2010-02-12	2274	2274	2274	2268	2270	2271	-4	2042	21948
2010-02-22	2271	2273	2286	2272	2283	2283	12	7992	24378
2010-02-23	2283	2278	2283	2278	2281	2280	-2	4216	25042
2010-02-24	2280	2279	2286	2277	2285	2282	5	4122	26046
2010-02-25	2282	2288	2290	2283	2284	2286	2	4360	27078
2010-02-26	2286	2283	2288	2281	2285	2285	-1	3784	27486
2010-03-01	2285	2290	2290	2283	2286	2287	1	2416	27488
2010-03-02	2287	2283	2285	2277	2277	2280	-10	3674	27308
2010-03-03	2280	2280	2281	2277	2280	2279	0	1796	27396
2010-03-04	2279	2280	2281	2271	2272	2274	-7	4400	26682
2010-03-05	2274	2270	2276	2270	2275	2273	1	2244	26168
2010-03-08	2273	2279	2280	2275	2278	2278	5	2632	26460
2010-03-09	2278	2279	2282	2278	2282	2280	4	2296	26528
2010-03-10	2280	2280	2283	2278	2279	2280	-1	2122	25876
2010-03-11	2280	2279	2281	2275	2277	2278	-3	2326	25604
2010-03-12	2278	2274	2280	2274	2279	2278	1	1122	25706
2010-03-15	2278	2280	2284	2272	2273	2276	-5	3352	25644
2010-03-16	2276	2270	2279	2267	2277	2271	1	6202	24880
2010-03-17	2271	2277	2289	2276	2286	2285	15	7648	26474
2010-03-18	2285	2287	2296	2285	2294	2290	9	11456	29594
2010-03-19	2290	2294	2299	2291	2295	2296	5	7672	30486
2010-03-22	2296	2295	2296	2290	2292	2293	-4	3906	31386
2010-03-23	2293	2292	2309	2290	2293	2299	0	13228	34772
2010-03-24	2299	2294	2294	2286	2294	2292	-5	5672	32994
2010-03-25	2292	2294	2299	2291	2292	2294	0	3318	32442
2010-03-26	2294	2290	2294	2288	2291	2291	-3	2392	31960
2010-03-29	2291	2288	2298	2288	2297	2295	6	3840	32968
2010-03-30	2295	2300	2305	2288	2291	2295	-4	8728	31720
2010-03-31	2295	2289	2292	2280	2280	2286	-15	4900	30910
2010-04-01	2286	2280	2286	2276	2282	2280	-4	5560	31970
2010-04-02	2280	2282	2285	2279	2281	2281	1	2164	31622
2010-04-06	2281	2281	2287	2279	2283	2284	2	2030	31596
2010-04-07	2284	2287	2287	2280	2285	2282	1	5050	30108
2010-04-08	2282	2281	2284	2271	2273	2278	-9	5944	29848
2010-04-09	2278	2272	2276	2272	2273	2274	-5	3162	30176
2010-04-12	2274	2276	2285	2273	2274	2277	0	5770	29838
2010-04-13	2277	2277	2280	2275	2280	2277	3	2922	29586
2010-04-14	2277	2282	2284	2278	2282	2281	5	4608	29582
2010-04-15	2281	2283	2283	2279	2281	2280	0	1780	29242
2010-04-16	2280	2280	2283	2280	2282	2282	2	1960	29272
2010-04-19	2282	2282	2296	2280	2295	2290	13	14486	31828
2010-04-20	2290	2295	2313	2291	2313	2304	23	40160	43642
2010-04-21	2304	2318	2319	2309	2312	2314	8	33502	48318
2010-04-22	2314	2312	2313	2306	2308	2308	-6	16030	45948
2010-04-23	2308	2308	2313	2307	2312	2311	4	9790	47224
2010-04-26	2311	2313	2314	2301	2304	2306	-7	12184	45444
2010-04-27	2306	2303	2307	2296	2306	2302	0	7930	43436
2010-04-28	2302	2305	2311	2296	2296	2303	-6	10100	41160
2010-04-29	2303	2296	2310	2295	2298	2300	-5	17418	34540
2010-04-30	2300	2301	2301	2291	2294	2295	-6	4806	34216
2010-05-04	2295	2292	2295	2289	2293	2292	-2	4088	32696
2010-05-05	2292	2293	2300	2293	2298	2296	6	5410	33328
2010-05-06	2296	2296	2301	2293	2294	2297	-2	3732	33134
2010-05-07	2297	2290	2293	2280	2287	2287	-10	6974	31800
2010-05-10	2287	2287	2294	2287	2293	2291	6	5504	32024
2010-05-11	2291	2291	2294	2281	2291	2288	0	10314	33210
2010-05-12	2288	2293	2297	2291	2294	2293	6	5768	32938
2010-05-13	2293	2294	2295	2288	2293	2292	0	3632	33004
2010-05-14	2292	2292	2295	2289	2294	2293	2	4748	32508
2010-05-17	2293	2292	2295	2281	2284	2286	-9	8728	31984
2010-05-18	2286	2284	2298	2283	2298	2292	12	5398	32074
2010-05-19	2292	2296	2306	2293	2306	2301	14	7046	32480
2010-05-20	2301	2302	2306	2293	2296	2300	-5	7120	32134
2010-05-21	2300	2298	2298	2285	2289	2289	-11	6330	31974
2010-05-24	2289	2289	2292	2282	2285	2285	-4	7748	32874
2010-05-25	2285	2281	2285	2280	2282	2283	-3	4144	32358
2010-05-26	2283	2284	2288	2280	2283	2283	0	3132	32060
2010-05-27	2283	2283	2286	2282	2284	2284	1	1812	31952
2010-05-28	2284	2285	2287	2267	2278	2278	-6	10762	32536
2010-05-31	2278	2275	2278	2273	2276	2276	-2	5638	31900
2010-06-01	2276	2279	2279	2274	2275	2276	-1	2518	31778
2010-06-02	2276	2273	2274	2261	2266	2265	-10	8494	32232
2010-06-03	2265	2265	2269	2262	2263	2265	-2	4176	31594
2010-06-04	2265	2263	2276	2263	2273	2271	8	5002	30696
2010-06-07	2271	2270	2270	2263	2269	2266	-2	3374	30066
2010-06-08	2266	2269	2278	2268	2274	2274	8	4140	29060
2010-06-09	2274	2273	2285	2273	2283	2279	9	5126	27584
2010-06-10	2279	2281	2289	2281	2284	2286	5	4002	25902
2010-06-11	2286	2287	2287	2281	2287	2285	1	3450	24398
2010-06-17	2285	2288	2289	2282	2284	2286	-1	2064	24314
2010-06-18	2286	2284	2285	2270	2271	2275	-15	4090	24474
2010-06-22	2266	2258	2273	2258	2271	2269	5	5108	24204
2010-06-23	2269	2270	2279	2268	2275	2274	6	1814	23710
2010-06-24	2274	2279	2288	2274	2287	2284	13	3564	22996
2010-06-25	2284	2288	2288	2280	2281	2283	-3	2000	22626
2010-06-28	2283	2284	2285	2278	2278	2282	-5	2106	21730
2010-06-29	2282	2280	2280	2271	2273	2275	-9	1958	21644
2010-06-30	2275	2272	2292	2272	2285	2285	10	2342	20970
2010-07-02	2291	2294	2299	2289	2296	2296	5	3024	19066
2010-07-05	2296	2302	2303	2292	2298	2298	2	1996	19056
2010-07-06	2298	2295	2301	2295	2299	2299	1	2152	17580
2010-07-07	2299	2301	2302	2295	2299	2299	0	4448	17302
2010-07-08	2299	2300	2302	2297	2297	2300	-2	848	17092
2010-07-09	2300	2300	2301	2290	2291	2293	-9	1190	16708
2010-07-12	2293	2290	2298	2289	2295	2295	2	1472	16852
2010-07-13	2295	2294	2296	2291	2293	2293	-2	954	16348
2010-07-14	2293	2298	2298	2291	2294	2293	1	510	16190
2010-07-15	2293	2292	2299	2292	2297	2297	4	1076	16298
2010-07-16	2297	2304	2310	2302	2308	2306	11	1888	16226
2010-07-19	2306	2309	2309	2306	2308	2307	2	252	16112
2010-07-20	2307	2305	2307	2302	2302	2304	-5	296	16006
2010-07-21	2304	2301	2313	2300	2303	2306	-1	370	15942
2010-07-22	2306	2307	2307	2299	2304	2302	-2	574	15646
2010-07-23	2302	2302	2308	2302	2306	2305	4	878	15268
2010-07-26	2305	2311	2327	2308	2323	2320	18	1440	14548
2010-07-27	2320	2317	2325	2317	2323	2322	3	376	14286
2010-07-28	2322	2319	2324	2288	2321	2321	-1	310	14090
2010-07-29	2321	2325	2334	2323	2328	2329	7	726	13516
2010-07-30	2329	2333	2333	2320	2325	2323	-4	282	13326
2010-08-02	2323	2333	2345	2333	2344	2340	21	1946	11752
2010-08-03	2340	2349	2362	2343	2354	2350	14	1416	10906
2010-08-04	2350	2353	2356	2349	2356	2353	6	138	10846
2010-08-05	2353	2374	2377	2364	2366	2368	13	416	10550
2010-08-06	2368	2390	2410	2375	2406	2396	38	3154	8546
2010-08-09	2396	2440	2440	2380	2395	2402	-1	738	8324
2010-08-10	2402	2385	2402	2385	2395	2397	-7	580	7834
2010-08-11	2397	2396	2403	2387	2392	2397	-5	708	7190
2010-08-12	2397	2396	2396	2391	2391	2395	-6	168	7028
2010-08-16	2397	2390	2400	2389	2396	2394	-1	1122	6064
2010-08-17	2394	2420	2424	2373	2390	2392	-4	412	5694
2010-08-18	2392	2395	2395	2384	2384	2388	-8	102	5624
2010-08-19	2388	2394	2395	2386	2386	2391	-2	76	5570
2010-08-20	2391	2395	2396	2326	2378	2388	-13	814	5486
2010-08-23	2388	2397	2397	2374	2385	2383	-3	150	5370
2010-08-24	2383	2391	2391	2375	2375	2380	-8	242	5312
2010-08-25	2380	2385	2385	2374	2383	2384	3	28	5290
2010-08-26	2384	2383	2383	2383	2383	2383	-1	42	5248
2010-08-27	2383	2380	2396	2377	2395	2393	12	340	5116
2010-08-30	2393	2410	2411	2385	2386	2390	-7	832	4730
2010-08-31	2390	2396	2417	2381	2404	2399	14	3354	1582
2010-09-01	2399	2410	2410	2368	2368	2378	-31	26	1600
2010-09-02	2378	0	0	0	0	2378	-2378	0	1600
2010-09-03	2378	0	0	0	0	2378	-2378	0	1600
2010-09-06	2378	2405	2405	2382	2405	2394	27	8	1602
2010-09-07	2394	2402	2402	2400	2400	2402	6	1166	1612
2010-09-08	2402	0	0	0	0	2405	-2402	0	1612
2010-09-09	2405	0	0	0	0	2405	-2405	0	1612
2010-09-10	2405	0	0	0	0	2405	-2405	0	1612
2010-09-13	2405	0	0	0	0	2405	-2405	0	1612
2010-09-14	2405	0	0	0	0	2405	-2405	0	1612
2010-09-15	2405	0	0	0	0	2405	-2405	0	1612
2010-09-16	2405	0	0	0	0	2405	-2405	0	1612
2010-09-17	2405	2386	2399	2385	2399	2388	-6	160	0
