2010-01-04	2276	2278	2284	2278	2281	2282	5	238	6348
2010-01-05	2282	2285	2285	2280	2280	2283	-2	246	6426
2010-01-06	2283	2278	2298	2278	2291	2293	8	544	6536
2010-01-07	2293	2293	2298	2264	2279	2281	-14	622	6378
2010-01-08	2281	2281	2291	2276	2283	2283	2	376	6336
2010-01-11	2283	2289	2297	2289	2294	2293	11	240	6346
2010-01-12	2293	2296	2312	2296	2304	2307	11	1222	6726
2010-01-13	2307	2295	2298	2289	2290	2292	-17	922	6124
2010-01-14	2292	2290	2295	2290	2291	2293	-1	74	6110
2010-01-15	2293	2289	2289	2284	2287	2286	-6	572	5878
2010-01-18	2286	2283	2286	2282	2283	2284	-3	118	5798
2010-01-19	2284	2284	2291	2284	2286	2288	2	32	5784
2010-01-20	2288	2285	2286	2276	2276	2280	-12	230	5620
2010-01-21	2280	2275	2280	2268	2279	2273	-1	482	5600
2010-01-22	2273	2274	2278	2268	2274	2274	1	346	5690
2010-01-25	2274	2267	2271	2266	2266	2269	-8	206	5556
2010-01-26	2269	2270	2270	2264	2267	2267	-2	146	5522
2010-01-27	2267	2255	2269	2255	2265	2266	-2	72	5540
2010-01-28	2266	2257	2260	2254	2255	2256	-11	582	5174
2010-01-29	2256	2258	2262	2254	2254	2258	-2	226	5034
2010-02-01	2258	2256	2257	2252	2256	2254	-2	136	4950
2010-02-02	2254	2257	2260	2253	2254	2255	0	64	4954
2010-02-03	2255	2262	2264	2260	2263	2263	8	144	4932
2010-02-04	2263	2256	2260	2255	2260	2257	-3	70	4924
2010-02-05	2257	2255	2263	2250	2261	2260	4	286	4766
2010-02-08	2260	2269	2277	2266	2272	2271	12	190	4782
2010-02-09	2271	2270	2276	2266	2275	2272	4	172	4798
2010-02-10	2272	2280	2280	2272	2276	2276	4	394	4752
2010-02-11	2276	2278	2281	2271	2280	2278	4	152	4756
2010-02-12	2278	2277	2277	2272	2276	2275	-2	198	4750
2010-02-22	2275	2279	2290	2279	2287	2287	12	366	4922
2010-02-23	2287	2285	2287	2283	2287	2286	0	358	4946
2010-02-24	2286	2286	2293	2282	2293	2290	7	478	5096
2010-02-25	2290	2290	2297	2289	2290	2291	0	314	5222
2010-02-26	2291	2291	2296	2289	2293	2292	2	214	5136
2010-03-01	2292	2295	2296	2293	2293	2294	1	156	5154
2010-03-02	2294	2288	2293	2285	2286	2289	-8	146	5170
2010-03-03	2289	2286	2290	2284	2289	2287	0	168	5214
2010-03-04	2287	2287	2287	2280	2280	2282	-7	78	5168
2010-03-05	2282	2279	2284	2277	2283	2280	1	114	5188
2010-03-08	2280	2284	2286	2282	2282	2284	2	224	5306
2010-03-09	2284	2284	2287	2284	2286	2285	2	212	5478
2010-03-10	2285	2287	2288	2282	2282	2287	-3	160	5536
2010-03-11	2287	2284	2286	2280	2283	2283	-4	114	5582
2010-03-12	2283	2285	2285	2281	2283	2283	0	122	5666
2010-03-15	2283	2284	2289	2278	2279	2282	-4	266	5530
2010-03-16	2282	2281	2285	2276	2283	2280	1	716	5644
2010-03-17	2280	2288	2295	2287	2294	2292	14	178	5686
2010-03-18	2292	2288	2300	2288	2299	2297	7	234	5782
2010-03-19	2297	2302	2305	2300	2303	2302	6	256	5802
2010-03-22	2302	2299	2300	2295	2299	2299	-3	348	5978
2010-03-23	2299	2303	2315	2297	2299	2306	0	676	6110
2010-03-24	2306	2295	2301	2295	2300	2298	-6	170	6166
2010-03-25	2298	2300	2304	2298	2299	2302	1	206	6182
2010-03-26	2302	2297	2302	2297	2300	2300	-2	56	6162
2010-03-29	2300	2304	2306	2301	2305	2304	5	80	6186
2010-03-30	2304	2307	2309	2297	2297	2304	-7	370	6230
2010-03-31	2304	2299	2300	2292	2292	2295	-12	526	5874
2010-04-01	2295	2290	2293	2285	2290	2289	-5	242	5836
2010-04-02	2289	2289	2293	2287	2290	2289	1	164	5796
2010-04-06	2289	2293	2297	2292	2294	2294	5	112	5762
2010-04-07	2294	2293	2294	2291	2294	2292	0	424	5726
2010-04-08	2292	2293	2296	2285	2285	2291	-7	322	5702
2010-04-09	2291	2289	2289	2284	2287	2287	-4	140	5658
2010-04-12	2287	2290	2294	2287	2289	2291	2	778	5666
2010-04-13	2291	2289	2294	2288	2294	2292	3	170	5756
2010-04-14	2292	2296	2297	2293	2295	2296	3	366	5952
2010-04-15	2296	2295	2297	2295	2296	2295	0	140	5986
2010-04-16	2295	2297	2298	2294	2295	2296	0	232	6034
2010-04-19	2296	2298	2302	2297	2302	2300	6	1084	6320
2010-04-20	2300	2300	2320	2300	2320	2313	20	2398	7376
2010-04-21	2313	2319	2323	2315	2320	2320	7	3880	9800
2010-04-22	2320	2318	2318	2315	2316	2317	-4	1256	9648
2010-04-23	2317	2316	2324	2316	2323	2320	6	1346	9968
2010-04-26	2320	2325	2326	2319	2325	2323	5	3272	11790
2010-04-27	2323	2322	2327	2318	2325	2322	2	2168	12026
2010-04-28	2322	2322	2328	2319	2319	2323	-3	1986	12172
2010-04-29	2323	2319	2325	2316	2317	2319	-6	1846	11912
2010-04-30	2319	2314	2318	2311	2316	2315	-3	1494	11976
2010-05-04	2315	2314	2318	2312	2316	2315	1	610	11972
2010-05-05	2315	2318	2322	2316	2320	2319	5	1414	12126
2010-05-06	2319	2324	2324	2313	2314	2316	-5	1406	12236
2010-05-07	2316	2312	2312	2301	2301	2306	-15	1144	11928
2010-05-10	2306	2306	2314	2304	2311	2308	5	862	11650
2010-05-11	2308	2310	2312	2304	2309	2308	1	1104	11922
2010-05-12	2308	2310	2314	2308	2310	2310	2	1238	11826
2010-05-13	2310	2311	2312	2306	2309	2309	-1	522	11890
2010-05-14	2309	2311	2311	2306	2309	2308	0	774	11912
2010-05-17	2308	2308	2308	2292	2292	2298	-16	3060	11686
2010-05-18	2298	2292	2309	2291	2309	2302	11	1860	11552
2010-05-19	2302	2306	2314	2305	2314	2310	12	1122	11696
2010-05-20	2310	2314	2322	2308	2310	2316	0	2116	12046
2010-05-21	2316	2308	2308	2301	2304	2304	-12	1444	11876
2010-05-24	2304	2306	2309	2297	2298	2301	-6	1868	11976
2010-05-25	2301	2295	2301	2294	2300	2299	-1	1724	12012
2010-05-26	2299	2299	2304	2298	2302	2301	3	694	12160
2010-05-27	2301	2301	2303	2298	2301	2300	0	470	12102
2010-05-28	2300	2303	2304	2293	2296	2299	-4	1202	11938
2010-05-31	2299	2292	2299	2291	2295	2294	-4	736	11802
2010-06-01	2294	2298	2298	2291	2291	2294	-3	742	11800
2010-06-02	2294	2288	2289	2274	2278	2280	-16	1872	11774
2010-06-03	2280	2280	2280	2272	2273	2275	-7	2338	11392
2010-06-04	2275	2273	2285	2273	2283	2278	8	2586	11394
2010-06-07	2278	2282	2282	2273	2275	2275	-3	2576	11376
2010-06-08	2275	2275	2283	2275	2280	2279	5	2262	11328
2010-06-09	2279	2280	2290	2276	2289	2283	10	2448	10998
2010-06-10	2283	2289	2293	2288	2291	2291	8	1742	10772
2010-06-11	2291	2291	2297	2289	2297	2292	6	1534	10778
2010-06-17	2292	2300	2300	2295	2297	2298	5	1700	11404
2010-06-18	2298	2298	2298	2286	2288	2291	-10	2794	11950
2010-06-22	2286	2291	2298	2284	2296	2292	10	4034	13838
2010-06-23	2292	2296	2300	2294	2297	2297	5	3546	14504
2010-06-24	2297	2297	2310	2296	2307	2305	10	8178	16704
2010-06-25	2305	2308	2313	2297	2302	2306	-3	6038	16820
2010-06-28	2306	2305	2306	2298	2300	2301	-6	3570	15892
2010-06-29	2301	2298	2299	2292	2294	2295	-7	4130	14860
2010-06-30	2295	2294	2310	2294	2307	2305	12	3286	15014
2010-07-02	2308	2306	2318	2306	2317	2314	9	7246	17254
2010-07-05	2314	2318	2325	2314	2325	2320	11	6718	19728
2010-07-06	2320	2327	2337	2321	2335	2330	15	13594	25970
2010-07-07	2330	2334	2346	2332	2344	2340	14	19062	33794
2010-07-08	2340	2344	2349	2340	2341	2344	1	17232	37640
2010-07-09	2344	2342	2350	2342	2345	2345	1	17714	39616
2010-07-12	2345	2346	2353	2334	2337	2344	-8	22488	40646
2010-07-13	2344	2338	2341	2332	2337	2337	-7	12408	38796
2010-07-14	2337	2341	2344	2328	2331	2335	-6	13052	39710
2010-07-15	2335	2334	2346	2329	2339	2339	4	16794	39408
2010-07-16	2339	2345	2358	2345	2357	2352	18	27224	44982
2010-07-19	2352	2354	2358	2351	2357	2354	5	13928	44946
2010-07-20	2354	2354	2357	2352	2355	2354	1	7298	44656
2010-07-21	2354	2354	2362	2350	2354	2355	0	15990	45294
2010-07-22	2355	2355	2355	2345	2353	2351	-2	17104	46282
2010-07-23	2351	2352	2366	2352	2364	2360	13	21366	52272
2010-07-26	2360	2366	2391	2362	2386	2383	26	53704	67616
2010-07-27	2383	2383	2390	2378	2380	2383	-3	30752	69088
2010-07-28	2383	2380	2390	2378	2388	2386	5	20956	70378
2010-07-29	2386	2388	2398	2388	2393	2394	7	27228	73920
2010-07-30	2394	2393	2397	2380	2385	2386	-9	17976	72710
2010-08-02	2386	2393	2418	2392	2416	2409	30	38806	80206
2010-08-03	2409	2420	2437	2414	2423	2427	14	65840	89088
2010-08-04	2427	2420	2431	2419	2426	2425	-1	32082	92142
2010-08-05	2425	2432	2445	2426	2432	2436	7	46862	94050
2010-08-06	2436	2450	2491	2431	2479	2460	43	299094	133376
2010-08-09	2460	2441	2468	2437	2457	2450	-3	249346	112998
2010-08-10	2450	2452	2469	2445	2458	2458	8	143986	104700
2010-08-11	2458	2458	2462	2443	2447	2451	-11	71010	97312
2010-08-12	2451	2445	2456	2441	2446	2450	-5	51794	92200
2010-08-16	2454	2454	2475	2450	2469	2467	15	50198	88062
2010-08-17	2467	2460	2464	2452	2463	2458	-4	30162	90052
2010-08-18	2458	2460	2463	2449	2450	2456	-8	35984	90598
2010-08-19	2456	2455	2463	2447	2463	2456	7	27774	91974
2010-08-20	2456	2470	2473	2452	2454	2461	-2	33196	93812
2010-08-23	2461	2453	2455	2441	2449	2448	-12	36018	98162
2010-08-24	2448	2452	2461	2448	2453	2456	5	23890	96320
2010-08-25	2456	2446	2453	2446	2450	2449	-6	14676	97380
2010-08-26	2449	2447	2459	2445	2456	2451	7	15114	94216
2010-08-27	2451	2460	2476	2455	2469	2467	18	35350	84748
2010-08-30	2467	2475	2480	2465	2469	2473	2	25966	75474
2010-08-31	2473	2464	2471	2461	2467	2466	-6	12860	79136
2010-09-01	2466	2466	2472	2464	2471	2468	5	8662	80128
2010-09-02	2468	2474	2477	2462	2470	2469	2	13184	79302
2010-09-03	2469	2470	2473	2463	2471	2469	2	6236	78144
2010-09-06	2469	2478	2486	2471	2484	2478	15	15374	75622
2010-09-07	2478	2488	2501	2481	2500	2495	22	16390	75872
2010-09-08	2495	2495	2508	2494	2505	2505	10	8148	74664
2010-09-09	2505	2497	2503	2485	2496	2494	-9	8634	73612
2010-09-10	2494	2505	2507	2496	2499	2500	5	5902	70746
2010-09-13	2500	2499	2505	2491	2496	2496	-4	2828	69924
2010-09-14	2496	2496	2500	2494	2496	2497	0	3252	67826
2010-09-15	2497	2498	2503	2493	2495	2498	-2	2100	66470
2010-09-16	2498	2494	2496	2482	2483	2487	-15	6714	64382
2010-09-17	2487	2484	2495	2484	2489	2489	2	4744	61688
2010-09-20	2489	2498	2509	2495	2498	2499	9	10574	53066
2010-09-21	2499	2496	2498	2489	2497	2494	-2	1786	51998
2010-09-27	2494	2503	2503	2488	2491	2492	-3	2352	51080
2010-09-28	2492	2485	2488	2481	2484	2483	-8	4676	49430
2010-09-29	2483	2481	2486	2480	2484	2482	1	3052	47390
2010-09-30	2482	2485	2487	2477	2485	2483	3	694	47308
2010-10-08	2483	2481	2493	2481	2485	2488	2	850	47012
2010-10-11	2488	2507	2556	2491	2496	2504	8	51768	41846
2010-10-12	2504	2492	2492	2462	2466	2470	-38	9220	41276
2010-10-13	2470	2469	2491	2462	2490	2479	20	7640	42110
2010-10-14	2479	2491	2517	2485	2514	2506	35	7176	42388
2010-10-15	2506	2512	2520	2506	2512	2513	6	1550	42088
2010-10-18	2513	2510	2578	2494	2538	2533	25	8010	41028
2010-10-19	2533	2538	2560	2526	2538	2547	5	7402	38186
2010-10-20	2547	2522	2566	2506	2561	2548	14	7238	33280
2010-10-21	2548	2575	2625	2566	2580	2600	32	14040	30782
2010-10-22	2600	2566	2593	2564	2568	2576	-32	4126	29426
2010-10-25	2576	2579	2615	2579	2606	2603	30	2578	29350
2010-10-26	2603	2612	2612	2582	2586	2595	-17	2610	28700
2010-10-27	2595	2608	2654	2558	2590	2611	-5	5490	28648
2010-10-28	2611	2607	2621	2583	2599	2602	-12	2040	28592
2010-10-29	2602	2612	2612	2550	2554	2574	-48	2028	28254
2010-11-01	2574	2565	2580	2564	2569	2573	-5	516	28020
2010-11-02	2573	2555	2570	2546	2553	2562	-20	1772	26970
2010-11-03	2562	2549	2562	2540	2540	2548	-22	1374	26290
2010-11-04	2548	2546	2554	2539	2551	2548	3	342	26134
2010-11-05	2548	2579	2596	2569	2589	2588	41	2996	25620
2010-11-08	2588	2599	2610	2581	2592	2602	4	1022	25528
2010-11-09	2602	2597	2609	2588	2606	2600	4	1174	25072
2010-11-10	2600	2602	2611	2580	2580	2595	-20	856	24870
2010-11-11	2595	2575	2582	2560	2567	2570	-28	1466	23742
2010-11-12	2570	2542	2571	2469	2508	2519	-62	2832	22628
2010-11-15	2519	2530	2582	2505	2578	2543	59	626	22574
2010-11-16	2543	2574	2574	2520	2534	2541	-9	194	22514
2010-11-17	2541	2500	2526	2478	2478	2495	-63	1850	21562
2010-11-18	2495	2560	2560	2487	2515	2511	20	602	21618
2010-11-19	2511	2521	2539	2508	2523	2528	12	220	21670
2010-11-22	2528	2514	2515	2502	2502	2509	-26	184	21568
2010-11-23	2509	2520	2520	2483	2486	2498	-23	628	21120
2010-11-24	2498	2489	2496	2485	2490	2488	-8	504	20750
2010-11-25	2488	2485	2495	2477	2477	2490	-11	5204	15762
2010-11-26	2490	2475	2615	2452	2457	2471	-33	2200	14188
2010-11-29	2471	2448	2463	2443	2458	2451	-13	632	13968
2010-11-30	2451	2452	2453	2445	2452	2449	1	530	13960
2010-12-01	2449	2449	2455	2449	2452	2452	3	1098	14158
2010-12-02	2452	2485	2485	2460	2466	2470	14	1034	14624
2010-12-03	2470	2471	2471	2464	2464	2466	-6	62	14614
2010-12-06	2466	2494	2513	2467	2513	2485	47	964	14766
2010-12-07	2485	2519	2534	2510	2534	2522	49	1148	14806
2010-12-08	2522	2502	2522	2502	2510	2514	-12	386	14600
2010-12-09	2514	2511	2520	2508	2511	2514	-3	584	14562
2010-12-10	2514	2505	2505	2489	2502	2499	-12	260	14380
2010-12-13	2499	2522	2522	2494	2496	2498	-3	166	14258
2010-12-14	2498	2495	2496	2495	2496	2495	-2	6	14252
2010-12-15	2495	2491	2496	2471	2475	2480	-20	578	14108
2010-12-16	2480	2489	2494	2482	2485	2490	5	352	13788
2010-12-17	2490	2486	2487	2478	2480	2484	-10	1692	13612
2010-12-20	2484	2484	2491	2480	2480	2486	-4	1138	12878
2010-12-21	2486	2466	2479	2466	2478	2474	-8	120	12780
2010-12-22	2474	2478	2478	2466	2466	2477	-8	58	12762
2010-12-23	2477	2478	2478	2470	2470	2474	-7	584	12378
2010-12-24	2474	2473	2473	2460	2463	2469	-11	692	12134
2010-12-27	2469	2451	2453	2436	2436	2446	-33	1550	11808
2010-12-28	2446	2442	2443	2437	2437	2443	-9	984	11766
2010-12-29	2443	2443	2444	2420	2424	2432	-19	148	11744
2010-12-30	2432	2429	2431	2418	2424	2423	-8	606	11688
2010-12-31	2423	2424	2424	2400	2400	2414	-23	780	11632
2011-01-04	2414	2412	2430	2401	2430	2417	16	280	11708
2011-01-05	2417	2365	2382	2365	2382	2369	-35	76	11708
2011-01-06	2369	0	0	0	0	2389	-2369	0	11708
2011-01-07	2389	0	0	0	0	2389	-2389	0	11708
2011-01-10	2389	2400	2400	2389	2389	2398	0	20	11704
2011-01-11	2398	2385	2385	2377	2377	2380	-21	30	11674
2011-01-12	2380	2385	2385	2380	2380	2384	0	40	9766
2011-01-13	2384	2282	2400	2282	2351	2357	-33	80	9806
2011-01-14	2357	2400	2420	2400	2420	2410	63	468	9518
2011-01-17	2410	2420	2555	2420	2422	2475	12	80	9564
2011-01-18	2475	2378	2432	2366	2432	2411	-43	76	9608
2011-01-19	2411	0	0	0	0	2411	-2411	0	9608
2011-01-20	2411	2420	2422	2420	2422	2421	11	40	9648
2011-01-21	2421	2400	2400	2400	2400	2400	-21	174	0
