2008-11-17	2520	2500	2579	2500	2579	2535	15	8	0
2008-11-18	2535	-	-	-	2535	2535	0	0	0
2008-11-19	2535	-	-	-	2535	2535	0	0	0
2008-11-20	2535	2455	2545	2455	2545	2500	-35	400	0
2008-11-21	2500	2376	2445	2376	2445	2410	-90	4	0
2008-11-24	2410	-	-	-	2410	2410	0	0	0
2008-11-25	2410	2470	2470	2369	2420	2424	14	12	4
2008-11-26	2424	2435	2479	2368	2368	2429	5	8	0
2008-11-27	2429	-	-	-	2429	2429	0	0	0
2008-11-28	2429	-	-	-	2429	2429	0	0	0
2008-12-01	2429	-	-	-	2429	2429	0	0	0
2008-12-02	2429	-	-	-	2429	2429	0	0	0
2008-12-03	2429	-	-	-	2429	2429	0	0	0
2008-12-04	2429	-	-	-	2429	2429	0	0	0
2008-12-05	2429	-	-	-	2429	2429	0	0	0
2008-12-08	2429	-	-	-	2429	2429	0	0	0
2008-12-09	2429	-	-	-	2429	2429	0	0	0
2008-12-10	2429	-	-	-	2429	2429	0	0	0
2008-12-11	2429	-	-	-	2429	2429	0	0	0
2008-12-12	2429	-	-	-	2429	2429	0	0	0
2008-12-15	2429	2308	2308	2308	2308	2308	-121	16	12
2008-12-16	2308	2250	2350	2245	2279	2278	-30	28	26
2008-12-17	2278	2308	2337	2308	2337	2318	40	30	26
2008-12-18	2318	2318	2318	2302	2302	2309	-9	10	28
2008-12-19	2309	2309	2309	2288	2288	2298	-11	4	26
2008-12-22	2298	-	-	-	2298	2298	0	0	26
2008-12-23	2298	2270	2312	2270	2312	2295	-3	8	24
2008-12-24	2295	2328	2328	2328	2328	2328	33	4	24
2008-12-25	2328	2285	2376	2285	2335	2336	8	8	26
2008-12-26	2336	2301	2350	2301	2350	2325	-11	4	26
2008-12-29	2325	2420	2420	2420	2420	2420	95	2	24
2008-12-30	2420	2432	2479	2420	2420	2441	21	14	22
2008-12-31	2441	2420	2440	2390	2417	2414	-27	92	88
2009-01-05	2414	2470	2534	2470	2533	2518	104	20	90
2009-01-06	2518	2543	2642	2520	2642	2590	72	140	102
2009-01-07	2590	2646	2660	2636	2636	2648	58	22	106
2009-01-08	2648	2564	2600	2550	2600	2576	-72	12	108
2009-01-09	2576	2674	2704	2670	2704	2688	112	46	110
2009-01-12	2688	2728	2758	2728	2758	2743	55	4	110
2009-01-13	2743	2650	2650	2650	2650	2650	-93	22	90
2009-01-14	2650	-	-	-	2650	2650	0	0	90
2009-01-15	2650	2631	2631	2631	2631	2631	-19	8	82
2009-01-16	2631	2650	2673	2634	2673	2652	21	6	82
2009-01-19	2652	2688	2695	2642	2672	2666	14	36	84
2009-01-20	2666	2605	2630	2595	2629	2613	-53	26	84
2009-01-21	2613	2590	2591	2558	2587	2580	-33	20	78
2009-01-22	2580	2609	2634	2600	2600	2614	34	6	78
2009-01-23	2614	2600	2642	2581	2633	2613	-1	44	76
2009-02-02	2613	-	-	-	2613	2613	0	0	76
2009-02-03	2613	2685	2710	2630	2676	2677	64	50	94
2009-02-04	2677	2754	2754	2700	2724	2712	35	50	94
2009-02-05	2712	2696	2753	2693	2753	2728	16	10	96
2009-02-06	2728	2775	2799	2723	2763	2769	41	26	94
2009-02-09	2769	2800	2829	2785	2829	2804	35	6	94
2009-02-10	2804	2760	2825	2760	2825	2796	-8	26	96
2009-02-11	2796	2761	2761	2715	2752	2736	-60	18	86
2009-02-12	2736	2778	2780	2752	2772	2770	34	40	102
2009-02-13	2770	2761	2782	2761	2776	2776	6	10	98
2009-02-16	2776	2728	2734	2717	2717	2718	-58	46	136
2009-02-17	2718	2660	2675	2602	2660	2657	-61	48	148
2009-02-18	2657	2598	2598	2548	2550	2575	-82	50	140
2009-02-19	2575	2650	2650	2560	2567	2596	21	12	140
2009-02-20	2596	2562	2575	2560	2572	2565	-31	20	148
2009-02-23	2565	2586	2600	2567	2600	2580	15	24	144
2009-02-24	2580	2540	2568	2508	2525	2538	-42	66	144
2009-02-25	2538	2555	2580	2538	2543	2563	25	90	104
2009-02-26	2563	2530	2530	2528	2528	2529	-34	4	104
2009-02-27	2529	2475	2516	2404	2404	2448	-81	170	112
2009-03-02	2448	2440	2478	2430	2465	2460	12	94	88
2009-03-03	2460	2436	2455	2433	2433	2435	-25	44	60
2009-03-04	2435	2477	2510	2458	2508	2486	51	64	78
2009-03-05	2486	2492	2588	2481	2498	2495	9	78	76
2009-03-06	2495	2440	2504	2423	2494	2480	-15	42	74
2009-03-09	2480	2510	2535	2507	2510	2519	39	62	86
2009-03-10	2519	2510	2582	2510	2540	2542	23	20	86
2009-03-11	2542	2530	2543	2522	2533	2535	-7	26	96
2009-03-12	2535	2445	2550	2445	2528	2514	-21	70	110
2009-03-13	2514	2530	2568	2530	2550	2549	35	118	124
2009-03-16	2549	2564	2593	2554	2593	2575	26	48	138
2009-03-17	2575	2572	2629	2572	2608	2606	31	106	132
2009-03-18	2606	2551	2649	2551	2612	2604	-2	116	122
2009-03-19	2604	2640	2652	2613	2652	2630	26	98	132
2009-03-20	2630	2675	2680	2656	2680	2667	37	116	106
2009-03-23	2667	2720	2797	2720	2797	2765	98	80	110
2009-03-24	2765	2780	2780	2674	2724	2717	-48	84	104
2009-03-25	2717	2751	2773	2710	2711	2747	30	94	112
2009-03-26	2747	2718	2750	2683	2739	2728	-19	12940	116
2009-03-27	2728	2689	2739	2652	2652	2655	-73	6430	162
2009-03-30	2655	2555	2654	2555	2604	2621	-34	126	158
2009-03-31	2621	2590	2628	2590	2620	2619	-2	84	164
2009-04-01	2619	2680	2704	2653	2682	2697	78	5876	174
2009-04-02	2697	2701	2712	2692	2709	2701	4	9610	184
2009-04-03	2701	2750	2754	2712	2725	2719	18	2180	178
2009-04-07	2719	2719	2798	2717	2785	2744	25	270	180
2009-04-08	2744	2758	2791	2744	2750	2769	25	142	178
2009-04-09	2769	2705	2849	2705	2819	2816	47	144	194
2009-04-10	2816	2820	2845	2808	2836	2835	19	1296	186
2009-04-13	2835	2794	2890	2794	2810	2851	16	294	182
2009-04-14	2851	2802	2832	2794	2794	2809	-42	78	180
2009-04-15	2809	2806	2824	2768	2786	2802	-7	128	204
2009-04-16	2802	2875	2875	2760	2817	2850	48	668	254
2009-04-17	2850	2839	2914	2831	2833	2842	-8	186	266
2009-04-20	2842	2839	2843	2791	2808	2816	-26	90	272
2009-04-21	2816	2725	2744	2720	2736	2730	-86	100	274
2009-04-22	2730	2752	2760	2729	2730	2749	19	54	280
2009-04-23	2749	2759	2759	2695	2712	2718	-31	90	272
2009-04-24	2718	2705	2711	2670	2670	2696	-22	70	286
2009-04-27	2696	2577	2577	2562	2562	2567	-129	58	306
2009-04-28	2567	2526	2562	2510	2548	2539	-28	174	278
2009-04-29	2539	2546	2589	2528	2569	2565	26	98	274
2009-04-30	2565	2608	2625	2601	2625	2616	51	80	270
2009-05-04	2616	2735	2746	2718	2746	2735	119	160	270
2009-05-05	2735	2701	2803	2694	2765	2793	58	2382	2170
2009-05-06	2793	2768	2810	2768	2806	2802	9	940	1744
2009-05-07	2802	2800	2809	2780	2781	2790	-12	780	1288
2009-05-08	2790	2757	2786	2757	2784	2772	-18	164	1298
2009-05-11	2772	2770	2770	2666	2680	2711	-61	164	1316
2009-05-12	2711	2700	2739	2700	2730	2713	2	58	1298
2009-05-13	2713	2739	2794	2738	2748	2749	36	360	1198
2009-05-14	2749	2720	2752	2710	2750	2732	-17	430	932
2009-05-15	2732	2765	2812	2765	2775	2799	67	1100	360
2009-05-18	2799	2666	2759	2666	2744	2734	-65	464	250
2009-05-19	2734	2784	2799	2751	2798	2780	46	154	236
2009-05-20	2780	2849	2849	2801	2802	2823	43	152	218
2009-05-21	2823	2821	2858	2821	2823	2832	9	104	204
2009-05-22	2832	2837	2879	2837	2859	2870	38	176	174
2009-05-25	2870	2855	2893	2851	2893	2875	5	82	150
2009-05-26	2875	2881	2915	2868	2868	2895	20	46	140
2009-05-27	2895	2968	2968	2881	2928	2919	24	234	210
2009-06-01	2919	2936	3000	2936	2998	2967	48	172	186
2009-06-02	2967	3000	3033	2999	3010	3013	46	114	220
2009-06-03	3013	3020	3074	3000	3074	3039	26	306	248
2009-06-04	3039	3057	3098	3025	3067	3053	14	126	246
2009-06-05	3053	3205	3205	3131	3157	3168	115	236	240
2009-06-08	3168	3155	3186	3120	3136	3160	-8	272	304
2009-06-09	3160	3167	3168	3103	3126	3124	-36	100	296
2009-06-10	3124	3148	3148	3070	3070	3096	-28	342	438
2009-06-11	3096	3076	3105	3075	3092	3086	-10	96	424
2009-06-12	3086	3094	3107	3014	3018	3056	-30	266	412
2009-06-15	3056	2971	3019	2970	2985	2994	-62	276	438
2009-06-16	2994	2968	2998	2960	2998	2977	-17	150	382
2009-06-17	2977	3018	3074	2980	2992	3000	23	104	354
2009-06-18	3000	2980	3021	2980	2995	3001	1	80	342
2009-06-19	3001	2980	3022	2980	3022	3007	6	46	350
2009-06-22	3007	2980	2980	2937	2954	2963	-44	144	366
2009-06-23	2963	2901	2959	2901	2959	2926	-37	82	358
2009-06-24	2926	2951	2953	2937	2947	2947	21	110	356
2009-06-25	2947	2943	2956	2882	2950	2942	-5	80	372
2009-06-26	2942	2970	3017	2935	3000	2982	40	186	368
2009-06-29	2982	3017	3017	2969	2975	2993	11	100	358
2009-06-30	2993	2990	3014	2977	2990	2990	-3	110	370
2009-07-01	2990	3024	3041	2955	3040	3018	28	88	356
2009-07-02	3018	3099	3099	3018	3026	3047	29	150	334
2009-07-03	3047	3037	3056	2962	3005	3022	-25	140	336
2009-07-06	3022	3008	3008	2962	2962	2981	-41	116	340
2009-07-07	2981	2965	2986	2965	2974	2975	-6	106	368
2009-07-08	2975	2880	2899	2860	2899	2882	-93	192	398
2009-07-09	2882	2897	2897	2866	2872	2875	-7	38	388
2009-07-10	2875	2872	2948	2872	2943	2918	43	284	498
2009-07-13	2918	2962	2962	2875	2875	2920	2	308	392
2009-07-14	2920	2881	2914	2881	2898	2894	-26	84	398
2009-07-15	2894	2896	2930	2893	2911	2907	13	130	354
2009-07-16	2907	2918	2918	2876	2901	2893	-14	138	352
2009-07-17	2893	2866	2885	2866	2878	2877	-16	18	354
2009-07-20	2877	2889	2934	2889	2934	2916	39	140	340
2009-07-21	2916	2925	2937	2925	2925	2934	18	156	338
2009-07-22	2934	2921	2936	2911	2936	2929	-5	50	360
2009-07-23	2929	2929	2948	2929	2948	2938	9	140	320
2009-07-24	2938	2948	2950	2926	2939	2938	0	82	310
2009-07-27	2938	2928	2928	2912	2912	2914	-24	12	304
2009-07-28	2914	2947	3025	2903	2969	2948	34	34	310
2009-07-29	2948	2947	2980	2927	2940	2945	-3	80	320
2009-07-30	2945	2948	2997	2948	2980	2971	26	104	352
2009-07-31	2971	2980	3087	2980	3068	3045	74	110	354
2009-08-03	3045	3174	3174	3071	3150	3133	88	256	344
2009-08-04	3133	3100	3170	3100	3101	3112	-21	118	336
2009-08-05	3112	3129	3214	3123	3170	3172	60	130	368
2009-08-06	3172	3130	3168	3119	3122	3132	-40	92	334
2009-08-07	3132	3101	3225	3091	3133	3132	0	68	342
2009-08-10	3132	3160	3186	3130	3166	3162	30	146	356
2009-08-11	3162	3102	3199	3102	3161	3170	8	182	310
2009-08-12	3170	3225	3225	3165	3204	3212	42	142	292
2009-08-13	3212	3239	3239	3183	3209	3211	-1	106	286
2009-08-14	3211	3191	3202	3175	3202	3189	-22	54	292
2009-08-17	3189	3151	3151	3071	3071	3109	-80	52	302
2009-08-18	3109	3098	3130	3098	3119	3115	6	92	294
2009-08-19	3115	3110	3128	3060	3065	3101	-14	132	302
2009-08-20	3101	3106	3106	3083	3105	3095	-6	34	292
2009-08-21	3095	3118	3130	3088	3115	3105	10	80	286
2009-08-24	3105	3142	3177	3142	3175	3165	60	44	280
2009-08-25	3165	3174	3207	3172	3207	3188	23	86	286
2009-08-26	3188	3176	3214	3176	3202	3200	12	50	306
2009-08-27	3200	3186	3199	3180	3192	3191	-9	42	308
2009-08-28	3191	3199	3227	3199	3227	3220	29	54	288
2009-08-31	3220	3238	3238	3192	3196	3215	-5	50	296
2009-09-01	3215	3151	3223	3151	3200	3190	-25	24	294
2009-09-02	3190	3146	3148	3137	3148	3139	-51	50	330
2009-09-03	3139	3162	3168	3152	3152	3160	21	8	332
2009-09-04	3160	3130	3179	3107	3129	3132	-28	52	328
2009-09-07	3132	3134	3137	3121	3136	3127	-5	30	326
2009-09-08	3127	3169	3175	3146	3174	3170	43	18	326
2009-09-09	3170	3172	3175	3169	3173	3171	1	26	326
2009-09-10	3171	-	-	-	3171	3171	0	0	326
2009-09-11	3171	3165	3165	3165	3165	3165	-6	2	326
2009-09-14	3165	3165	3165	3119	3142	3141	-24	38	350
2009-09-15	3141	3166	3166	3165	3166	3165	24	6	348
2009-09-16	3165	3219	3246	3208	3233	3227	62	26	342
2009-09-17	3227	3221	3231	3220	3231	3223	-4	28	324
2009-09-18	3223	3247	3255	3240	3255	3247	24	18	320
2009-09-21	3247	3247	3248	3238	3247	3246	-1	22	300
2009-09-22	3246	3247	3247	3245	3245	3246	0	4	302
2009-09-23	3246	3235	3235	3200	3207	3218	-28	132	314
2009-09-24	3218	3180	3199	3180	3199	3187	-31	12	318
2009-09-25	3187	3200	3209	3200	3205	3203	16	8	320
2009-09-28	3203	-	-	-	3203	3203	0	0	320
2009-09-29	3203	3218	3218	3183	3183	3202	-1	16	314
2009-09-30	3202	3202	3203	3198	3203	3201	-1	10	312
2009-10-09	3201	3121	3280	3121	3239	3203	2	60	286
2009-10-12	3203	3231	3231	3231	3231	3231	28	8	284
2009-10-13	3231	3220	3228	3220	3228	3227	-4	34	252
2009-10-14	3227	3212	3289	3212	3267	3247	20	34	242
2009-10-15	3247	3223	3287	3223	3274	3259	12	64	250
2009-10-16	3259	-	-	-	3259	3259	0	0	250
2009-10-19	3259	3339	3339	3339	3339	3339	80	2	248
2009-10-20	3339	3272	3300	3272	3288	3286	-53	38	224
2009-10-21	3286	3319	3350	3315	3335	3333	47	58	232
2009-10-22	3333	3308	3378	3308	3322	3322	-11	12	230
2009-10-23	3322	3380	3410	3380	3382	3393	71	28	212
2009-10-26	3393	3400	3448	3400	3448	3424	31	18	200
2009-10-27	3424	3396	3450	3396	3450	3443	19	48	182
2009-10-28	3443	3401	3462	3401	3435	3439	-4	154	68
2009-10-29	3439	3381	3440	3351	3430	3407	-32	62	56
2009-10-30	3407	3475	3480	3272	3305	3390	-17	76	18
2009-11-02	3390	3456	3456	3456	3456	3456	66	2	0
2009-11-03	3456	-	-	-	3456	3456	0	0	0
2009-11-04	3456	-	-	-	3456	3456	0	0	0
2009-11-05	3456	-	-	-	3456	3456	0	0	0
2009-11-06	3456	-	-	-	3456	3456	0	0	0
2009-11-09	3456	-	-	-	3456	3456	0	0	0
2009-11-10	3456	-	-	-	3456	3456	0	0	0
2009-11-11	3456	-	-	-	3456	3456	0	0	0
2009-11-12	3456	-	-	-	3456	3456	0	0	0
2009-11-13	3456	-	-	-	3456	3456	0	0	0
