2008-01-02	3428	3433	3436	3406	3436	3419	-9	118	3560
2008-01-03	3419	3450	3474	3446	3456	3455	36	240	3560
2008-01-04	3455	3465	3469	3443	3453	3460	5	220	3462
2008-01-07	3460	3431	3458	3425	3458	3453	-7	70	3440
2008-01-08	3453	3467	3471	3450	3450	3464	11	126	3442
2008-01-09	3464	3476	3488	3473	3480	3481	17	222	3436
2008-01-10	3481	3468	3469	3450	3450	3456	-25	238	3434
2008-01-11	3456	3461	3475	3453	3462	3462	6	180	3438
2008-01-14	3462	3482	3521	3470	3505	3483	21	1240	2862
2008-01-15	3483	3500	3510	3475	3479	3488	5	264	2874
2008-01-16	3488	3475	3475	3428	3444	3442	-46	3168	2352
2008-01-17	3442	3400	3454	3400	3453	3438	-4	156	2318
2008-01-18	3438	3395	3438	3373	3404	3415	-23	586	2200
2008-01-21	3415	3400	3451	3342	3435	3404	-11	150	2204
2008-01-22	3404	3366	3366	3326	3327	3341	-63	118	2204
2008-01-23	3341	3368	3399	3356	3356	3384	43	104	2204
2008-01-24	3384	3263	3351	3263	3320	3331	-53	30	2200
2008-01-25	3331	3358	3358	3300	3309	3318	-13	106	2176
2008-01-28	3318	3325	3325	3277	3290	3293	-25	122	2170
2008-01-29	3293	3301	3365	3300	3310	3326	33	194	2198
2008-01-30	3326	3298	3309	3298	3306	3304	-22	118	2188
2008-01-31	3304	3300	3310	3290	3290	3299	-5	44	2152
2008-02-01	3299	3306	3315	3306	3315	3309	10	10	2150
2008-02-04	3309	3360	3390	3341	3390	3369	60	66	2150
2008-02-05	3369	3448	3448	3344	3381	3391	22	6	2150
2008-02-13	3391	3406	3412	3338	3350	3373	-18	1610	2150
2008-02-14	3373	3400	3430	3400	3430	3408	35	20	2150
2008-02-15	3408	3495	3495	3412	3420	3427	19	74	2120
2008-02-18	3427	3478	3520	3478	3520	3498	71	236	2120
2008-02-19	3498	3530	3540	3530	3530	3538	40	242	2120
2008-02-20	3538	3550	3560	3530	3550	3553	15	276	1844
2008-02-21	3553	3577	3577	3531	3540	3554	1	8	1844
2008-02-22	3554	3545	3575	3545	3575	3568	14	128	1838
2008-02-25	3568	3600	3625	3600	3625	3600	32	130	1718
2008-02-26	3600	-	-	-	3600	3600	0	0	1718
2008-02-27	3600	3650	3650	3580	3650	3614	14	56	1718
2008-02-28	3614	3600	3664	3600	3664	3629	15	116	1710
2008-02-29	3629	3604	3703	3603	3700	3659	30	48	1680
2008-03-03	3659	3700	3878	3700	3860	3829	170	136	1536
2008-03-04	3829	3805	3805	3805	3805	3805	-24	10	1526
2008-03-05	3805	-	-	-	3805	3805	0	0	1526
2008-03-06	3805	-	-	-	3805	3805	0	0	1526
2008-03-07	3805	-	-	-	3805	3805	0	0	1526
2008-03-10	3805	-	-	-	3805	3805	0	0	1526
2008-03-11	3805	3790	3790	3790	3790	3790	-15	2	1526
2008-03-12	3790	3790	3790	3650	3788	3660	-130	1538	0
2008-03-13	3660	-	-	-	3660	3660	0	0	0
2008-03-14	3660	-	-	-	3660	3675	15	0	0
