2008-01-02	3539	3751	3751	3530	3540	3557	18	342	16364
2008-01-03	3557	3580	3580	3540	3545	3549	-8	282	16084
2008-01-04	3549	3545	3555	3540	3540	3549	0	574	15544
2008-01-07	3549	3510	3511	3510	3510	3510	-39	240	15320
2008-01-08	3510	3680	3720	3680	3720	3700	190	4	15320
2008-01-09	3700	3698	3900	3510	3510	3558	-142	24	15300
2008-01-10	3558	-	-	-	3558	3558	0	0	15300
2008-01-11	3558	-	-	-	3558	3558	0	0	15300
2008-01-14	3558	3658	3658	3650	3650	3654	96	20	15300
2008-01-15	3654	3476	3657	3476	3650	3517	-137	1380	0
