2008-08-15	3292	3300	3302	3300	3302	3301	9	4	0
2008-08-18	3301	3255	3408	3255	3408	3331	30	4	0
2008-08-19	3331	-	-	-	3331	3331	0	0	0
2008-08-20	3331	3325	3495	3325	3397	3437	106	22	2
2008-08-21	3437	3362	3488	3362	3488	3432	-5	16	4
2008-08-22	3432	3480	3502	3480	3502	3491	59	4	4
2008-08-25	3491	-	-	-	3491	3491	0	0	4
2008-08-26	3491	3623	3623	3475	3475	3522	31	26	12
2008-08-27	3522	3501	3566	3500	3566	3509	-13	14	6
2008-08-28	3509	-	-	-	3509	3509	0	0	6
2008-08-29	3509	-	-	-	3509	3509	0	0	6
2008-09-01	3509	3509	3600	3509	3520	3556	47	8	6
2008-09-02	3556	3577	3577	3379	3518	3499	-57	16	8
2008-09-03	3499	3528	3583	3470	3472	3499	0	20	8
2008-09-04	3499	-	-	-	3499	3499	0	0	8
2008-09-05	3499	3368	3451	3368	3444	3418	-81	28	10
2008-09-08	3418	3292	3442	3292	3418	3411	-7	36	10
2008-09-09	3411	3423	3423	3276	3282	3308	-103	54	18
2008-09-10	3308	3277	3358	3277	3336	3332	24	40	20
2008-09-11	3332	3310	3348	3280	3311	3315	-17	58	20
2008-09-12	3315	3342	3388	3293	3362	3345	30	26	20
2008-09-16	3345	3250	3280	3200	3230	3248	-97	408	32
2008-09-17	3248	3233	3291	3225	3275	3259	11	38	30
2008-09-18	3259	3268	3273	3250	3252	3262	3	32	30
2008-09-19	3262	3299	3299	3220	3250	3268	6	14	28
2008-09-22	3268	3427	3427	3328	3328	3358	90	10	28
2008-09-23	3358	3459	3459	3336	3340	3367	9	34	48
2008-09-24	3367	3354	3363	3354	3363	3358	-9	4	48
2008-09-25	3358	3363	3433	3339	3344	3363	5	30	54
2008-09-26	3363	3310	3364	3310	3362	3344	-19	12	52
2008-10-06	3344	3177	3177	3177	3177	3177	-167	2	52
2008-10-07	3177	3019	3019	3019	3019	3019	-158	56	32
2008-10-08	3019	3027	3027	2869	2869	2905	-114	92	50
2008-10-09	2905	2950	2950	2830	2887	2883	-22	34	32
2008-10-10	2883	2747	2747	2747	2747	2747	-136	2	34
2008-10-13	2747	2610	2726	2610	2697	2673	-74	38	24
2008-10-14	2673	2743	2806	2743	2758	2772	99	10	18
2008-10-15	2772	2680	2680	2680	2680	2680	-92	2	18
2008-10-16	2680	2563	2570	2550	2550	2561	-119	6	18
2008-10-17	2561	2602	2635	2602	2615	2624	63	142	16
2008-10-20	2624	-	-	-	2624	2624	0	0	16
2008-10-21	2624	2656	2656	2656	2656	2656	32	2	16
2008-10-22	2656	2700	2700	2587	2587	2635	-21	18	18
2008-10-23	2635	2531	2590	2520	2590	2546	-89	22	18
2008-10-24	2546	2650	2650	2626	2626	2638	92	4	20
2008-10-27	2638	2630	2688	2532	2533	2605	-33	16	18
2008-10-28	2605	2642	2688	2642	2688	2662	57	6	18
2008-10-29	2662	-	-	-	2662	2662	0	0	18
2008-10-30	2662	2749	2775	2700	2710	2742	80	18	12
2008-10-31	2742	2710	2710	2631	2670	2663	-79	32	14
2008-11-03	2663	2687	2706	2658	2690	2689	26	14	10
2008-11-04	2689	2650	2698	2555	2609	2632	-57	10	8
2008-11-05	2632	2548	2600	2548	2593	2580	-52	6	8
2008-11-06	2580	2550	2550	2453	2508	2510	-70	12	8
2008-11-07	2510	2635	2635	2536	2536	2570	60	16	14
2008-11-10	2570	2571	2628	2571	2596	2604	34	16	12
2008-11-11	2604	2580	2580	2508	2508	2514	-90	46	50
2008-11-12	2514	2555	2561	2509	2561	2548	34	22	48
2008-11-13	2548	2541	2576	2522	2558	2545	-3	14	46
2008-11-14	2545	2531	2570	2531	2555	2561	16	32	42
2008-11-17	2561	2551	2565	2551	2551	2556	-5	16	52
2008-11-18	2556	2551	2569	2510	2534	2536	-20	34	52
2008-11-19	2536	-	-	-	2536	2536	0	0	52
2008-11-20	2536	2516	2529	2508	2529	2524	-12	68	28
2008-11-21	2524	2588	2588	2420	2445	2461	-63	12	28
2008-11-24	2461	2418	2419	2418	2419	2418	-43	4	30
2008-11-25	2418	2419	2454	2419	2426	2439	21	36	24
2008-11-26	2439	2450	2450	2413	2425	2423	-16	18	32
2008-11-27	2423	2432	2432	2432	2432	2432	9	2	32
2008-11-28	2432	2415	2436	2348	2370	2394	-38	12	32
2008-12-01	2394	2360	2360	2340	2356	2352	-42	6	30
2008-12-02	2352	2299	2303	2236	2279	2278	-74	50	14
2008-12-03	2278	2246	2307	2233	2263	2255	-23	14	8
2008-12-04	2255	-	-	-	2255	2255	0	0	8
2008-12-05	2255	2181	2181	2181	2181	2181	-74	38	46
2008-12-08	2181	2230	2230	2081	2180	2175	-6	16	48
2008-12-09	2175	2158	2158	2158	2158	2158	-17	4	46
2008-12-10	2158	2090	2189	2090	2171	2164	6	30	24
2008-12-11	2164	2168	2190	2102	2180	2162	-2	30	22
2008-12-12	2162	2211	2211	2171	2171	2181	19	10	14
2008-12-15	2181	2289	2289	2186	2186	2263	82	18	20
2008-12-16	2263	2267	2267	2267	2267	2267	4	12	28
2008-12-17	2267	2302	2302	2295	2295	2300	33	12	38
2008-12-18	2300	2202	2308	2202	2297	2289	-11	56	42
2008-12-19	2289	2308	2308	2216	2250	2257	-32	20	38
2008-12-22	2257	2310	2338	2310	2338	2320	63	14	38
2008-12-23	2320	2330	2330	2285	2285	2307	-13	134	58
2008-12-24	2307	2320	2348	2308	2318	2317	10	36	36
2008-12-25	2317	2277	2351	2277	2330	2328	11	16	36
2008-12-26	2328	2409	2409	2317	2317	2363	35	4	36
2008-12-29	2363	2408	2481	2389	2472	2463	100	70	52
2008-12-30	2463	2400	2475	2400	2442	2429	-34	52	46
2008-12-31	2429	2434	2544	2434	2460	2469	40	16	40
2009-01-05	2469	2404	2543	2404	2543	2525	56	44	42
2009-01-06	2525	2578	2641	2561	2584	2583	58	18	42
2009-01-07	2583	2641	2692	2605	2606	2630	47	32	34
2009-01-08	2630	2525	2600	2525	2575	2574	-56	42	32
2009-01-09	2574	2650	2675	2644	2644	2663	89	10	30
2009-01-12	2663	2796	2796	2767	2767	2783	120	8	28
2009-01-13	2783	2670	2674	2644	2644	2656	-127	22	30
2009-01-14	2656	2675	2698	2605	2667	2669	13	16	28
2009-01-15	2669	2611	2658	2611	2646	2637	-32	10	28
2009-01-16	2637	2695	2705	2682	2705	2693	56	8	28
2009-01-19	2693	2698	2769	2698	2707	2716	23	10	28
2009-01-20	2716	2671	2730	2618	2654	2658	-58	10	26
2009-01-21	2658	2630	2631	2602	2624	2622	-36	18	26
2009-01-22	2622	-	-	-	2622	2622	0	0	26
2009-01-23	2622	2632	2669	2632	2669	2650	28	8	26
2009-02-02	2650	2699	2720	2654	2661	2690	40	14	30
2009-02-03	2690	2686	2705	2684	2684	2692	2	10	30
2009-02-04	2692	2776	2776	2712	2724	2758	66	34	50
2009-02-05	2758	2711	2735	2711	2735	2713	-45	24	30
2009-02-06	2713	2774	2828	2752	2800	2782	69	26	30
2009-02-09	2782	2842	2878	2842	2849	2855	73	70	44
2009-02-10	2855	2849	2849	2825	2840	2838	-17	6	44
2009-02-11	2838	2841	2850	2731	2780	2800	-38	24	44
2009-02-12	2800	2780	2830	2760	2810	2802	2	22	44
2009-02-13	2802	-	-	-	2802	2802	0	0	44
2009-02-16	2802	2770	2799	2765	2772	2776	-26	8	44
2009-02-17	2776	2708	2747	2668	2699	2708	-68	122	108
2009-02-18	2708	2647	2647	2573	2573	2593	-115	76	106
2009-02-19	2593	2597	2634	2570	2586	2593	0	54	92
2009-02-20	2593	2581	2607	2581	2590	2589	-4	14	94
2009-02-23	2589	2586	2614	2502	2614	2580	-9	40	98
2009-02-24	2580	2692	2692	2580	2580	2610	30	18	96
2009-02-25	2610	2611	2620	2593	2593	2603	-7	12	88
2009-02-26	2603	2570	2628	2538	2570	2582	-21	30	86
2009-02-27	2582	2550	2550	2457	2457	2501	-81	84	84
2009-03-02	2501	2457	2535	2457	2524	2503	2	84	102
2009-03-03	2503	2441	2499	2421	2489	2470	-33	32	96
2009-03-04	2470	2464	2549	2464	2548	2524	54	102	92
2009-03-05	2524	2540	2557	2520	2541	2541	17	32	92
2009-03-06	2541	2520	2577	2520	2559	2545	4	28	92
2009-03-09	2545	2556	2593	2555	2577	2580	35	32	104
2009-03-10	2580	2600	2615	2580	2601	2599	19	20	104
2009-03-11	2599	2588	2590	2530	2586	2572	-27	114	106
2009-03-12	2572	2612	2612	2567	2574	2579	7	10	108
2009-03-13	2579	2624	2643	2610	2621	2618	39	68	124
2009-03-16	2618	2630	2698	2616	2630	2664	46	424	188
2009-03-17	2664	2638	2678	2638	2678	2670	6	54	186
2009-03-18	2670	2698	2698	2643	2680	2669	-1	56	186
2009-03-19	2669	2700	2720	2650	2714	2677	8	140	202
2009-03-20	2677	2680	2745	2680	2745	2726	49	76	168
2009-03-23	2726	2768	2839	2768	2839	2793	67	88	200
2009-03-24	2793	2764	2808	2740	2808	2765	-28	44	188
2009-03-25	2765	2840	2840	2780	2780	2802	37	80	174
2009-03-26	2802	2854	2854	2752	2818	2793	-9	38	168
2009-03-27	2793	2760	2814	2731	2753	2768	-25	98	188
2009-03-30	2768	2701	2763	2701	2710	2733	-35	166	154
2009-03-31	2733	2680	2761	2654	2737	2728	-5	110	158
2009-04-01	2728	2800	2852	2780	2820	2817	89	48	156
2009-04-02	2817	2852	2852	2791	2843	2831	14	64	144
2009-04-03	2831	2876	2929	2853	2854	2871	40	96	154
2009-04-07	2871	2858	2949	2858	2937	2899	28	102	146
2009-04-08	2899	2897	2920	2874	2899	2901	2	34	138
2009-04-09	2901	2994	2994	2905	2986	2943	42	310	130
2009-04-10	2943	2950	2992	2949	2978	2968	25	42	130
2009-04-13	2968	2973	3018	2946	2964	2989	21	102	140
2009-04-14	2989	2969	2999	2934	2946	2967	-22	46	140
2009-04-15	2967	2988	2997	2952	2958	2965	-2	30	142
2009-04-16	2965	2956	3015	2956	2983	2991	26	132	138
2009-04-17	2991	3020	3042	3000	3008	3024	33	156	122
2009-04-20	3024	3096	3096	2951	2951	3023	-1	60	134
2009-04-21	3023	2920	2930	2873	2909	2895	-128	114	140
2009-04-22	2895	2938	2939	2912	2915	2923	28	30	134
2009-04-23	2923	2937	2937	2866	2889	2892	-31	98	140
2009-04-24	2892	2879	2880	2801	2850	2843	-49	104	156
2009-04-27	2843	2750	2751	2701	2701	2709	-134	170	196
2009-04-28	2709	2682	2689	2603	2666	2655	-54	192	162
2009-04-29	2655	2739	2739	2652	2680	2685	30	96	168
2009-04-30	2685	2735	2763	2735	2759	2749	64	100	182
2009-05-04	2749	2865	2886	2831	2885	2878	129	96	164
2009-05-05	2878	2839	2895	2828	2865	2859	-19	260	160
2009-05-06	2859	2865	2903	2852	2895	2888	29	52	150
2009-05-07	2888	2889	2911	2862	2901	2888	0	150	144
2009-05-08	2888	2910	2910	2882	2902	2894	6	38	142
2009-05-11	2894	2850	2870	2767	2780	2811	-83	126	130
2009-05-12	2811	2800	2899	2786	2812	2818	7	102	120
2009-05-13	2818	2818	2892	2818	2845	2833	15	120	160
2009-05-14	2833	2831	2878	2783	2870	2825	-8	124	130
2009-05-15	2825	2885	2954	2885	2898	2919	94	324	206
2009-05-18	2919	2884	2993	2776	2881	2872	-47	522	146
2009-05-19	2872	2905	2943	2899	2925	2919	47	80	146
2009-05-20	2919	2966	2967	2931	2955	2950	31	150	174
2009-05-21	2950	2932	2970	2931	2950	2949	-1	96	176
2009-05-22	2949	2966	3008	2966	2976	2978	29	166	182
2009-05-25	2978	2950	2988	2949	2984	2961	-17	92	194
2009-05-26	2961	3020	3020	2970	2970	2993	32	58	172
2009-05-27	2993	3008	3018	2982	3011	3000	7	518	276
2009-06-01	3000	3085	3129	3057	3119	3118	118	152	220
2009-06-02	3118	3160	3170	3121	3161	3155	37	100	238
2009-06-03	3155	3196	3236	3155	3200	3197	42	138	214
2009-06-04	3197	3159	3195	3159	3195	3173	-24	208	262
2009-06-05	3173	3236	3288	3236	3280	3274	101	64	258
2009-06-08	3274	3285	3303	3250	3250	3280	6	58	264
2009-06-09	3280	3294	3301	3249	3300	3279	-1	70	264
2009-06-10	3279	3326	3335	3270	3270	3296	17	112	264
2009-06-11	3296	3314	3325	3268	3296	3306	10	48	266
2009-06-12	3306	3296	3331	3248	3265	3287	-19	46	264
2009-06-15	3287	3221	3235	3213	3235	3225	-62	22	268
2009-06-16	3225	3213	3232	3205	3232	3215	-10	14	264
2009-06-17	3215	3269	3269	3200	3231	3227	12	24	258
2009-06-18	3227	3288	3288	3231	3231	3258	31	10	258
2009-06-19	3258	3258	3282	3258	3260	3262	4	14	264
2009-06-22	3262	3130	3235	3130	3195	3204	-58	22	260
2009-06-23	3204	3137	3178	3137	3178	3157	-47	4	260
2009-06-24	3157	3209	3226	3186	3186	3205	48	30	256
2009-06-25	3205	3230	3230	3222	3230	3227	22	42	248
2009-06-26	3227	3245	3264	3243	3251	3250	23	8	246
2009-06-29	3250	3257	3259	3240	3240	3251	1	26	232
2009-06-30	3251	3250	3250	3250	3250	3250	-1	10	222
2009-07-01	3250	3279	3394	3256	3394	3289	39	14	222
2009-07-02	3289	3304	3304	3281	3281	3285	-4	32	218
2009-07-03	3285	3343	3343	3253	3270	3296	11	10	218
2009-07-06	3296	3201	3201	3201	3201	3201	-95	2	218
2009-07-07	3201	3288	3289	3268	3271	3281	80	36	230
2009-07-08	3281	3200	3245	3200	3244	3233	-48	30	230
2009-07-09	3233	3240	3241	3130	3130	3157	-76	246	296
2009-07-10	3157	3161	3183	3135	3180	3159	2	32	280
2009-07-13	3159	3059	3170	3059	3130	3117	-42	26	280
2009-07-14	3117	3057	3085	3052	3085	3067	-50	220	280
2009-07-15	3067	3069	3069	3069	3069	3069	2	8	280
2009-07-16	3069	3025	3046	3025	3031	3033	-36	12	280
2009-07-17	3033	3030	3030	3030	3030	3030	-3	2	280
2009-07-20	3030	-	-	-	3030	3030	0	0	280
2009-07-21	3030	3100	3156	3061	3075	3109	79	10	278
2009-07-22	3109	-	-	-	3109	3109	0	0	278
2009-07-23	3109	3190	3190	3082	3188	3121	12	26	260
2009-07-24	3121	-	-	-	3121	3121	0	0	260
2009-07-27	3121	-	-	-	3121	3121	0	0	260
2009-07-28	3121	3111	3111	3110	3110	3110	-11	6	258
2009-07-29	3110	3090	3196	3090	3100	3107	-3	16	258
2009-07-30	3107	3072	3074	2958	3020	3048	-59	16	256
2009-07-31	3048	3030	3060	3030	3041	3044	-4	34	256
2009-08-03	3044	3100	3100	3100	3100	3100	56	8	256
2009-08-04	3100	3100	3100	3100	3100	3100	0	256	256
2009-08-05	3100	3286	3286	3286	3286	3286	186	2	254
2009-08-06	3286	-	-	-	3286	3286	0	0	254
2009-08-07	3286	-	-	-	3286	3286	0	0	254
2009-08-10	3286	-	-	-	3286	3286	0	0	254
2009-08-11	3286	-	-	-	3286	3286	0	0	254
2009-08-12	3286	-	-	-	3286	3286	0	0	254
2009-08-13	3286	-	-	-	3286	3286	0	0	254
2009-08-14	3286	3450	3450	3450	3450	3111	-175	8	0
