2010-03-15	2773	2711	2756	2711	2756	2732	-41	20	18
2010-03-16	2732	2745	2787	2745	2785	2771	39	114	82
2010-03-17	2771	2801	2802	2793	2802	2797	26	56	110
2010-03-18	2797	2803	2810	2793	2794	2799	2	64	144
2010-03-19	2799	2792	2846	2792	2846	2829	30	210	234
2010-03-22	2829	2838	2858	2836	2840	2845	16	146	334
2010-03-23	2845	2836	2860	2836	2842	2851	6	184	392
2010-03-24	2851	2843	2843	2818	2823	2823	-28	152	338
2010-03-25	2823	2833	2834	2831	2832	2831	8	24	338
2010-03-26	2831	2821	2822	2810	2820	2814	-17	104	314
2010-03-29	2814	2830	2843	2824	2836	2831	17	110	250
2010-03-30	2831	2846	2847	2835	2844	2842	11	38	256
2010-03-31	2842	2841	2841	2834	2840	2838	-4	22	264
2010-04-01	2838	2807	2822	2807	2822	2815	-23	72	300
2010-04-02	2815	2823	2831	2823	2831	2826	11	14	298
2010-04-06	2826	2826	2848	2826	2829	2831	5	64	294
2010-04-07	2831	2838	2850	2838	2850	2842	11	38	300
2010-04-08	2842	2849	2852	2840	2840	2845	3	22	310
2010-04-09	2845	2840	2845	2839	2839	2841	-4	6	312
2010-04-12	2841	2852	2923	2852	2875	2869	28	684	796
2010-04-13	2869	2865	2890	2863	2890	2876	7	62	802
2010-04-14	2876	2885	2900	2885	2886	2895	19	32	808
2010-04-15	2895	2887	2890	2883	2883	2886	-9	72	808
2010-04-16	2886	2900	2910	2890	2902	2898	12	58	822
2010-04-19	2898	2887	2908	2866	2876	2879	-19	896	464
2010-04-20	2879	2896	2918	2896	2914	2908	29	158	464
2010-04-21	2908	2915	2919	2906	2910	2915	7	70	448
2010-04-22	2915	2915	2923	2912	2915	2919	4	286	594
2010-04-23	2919	2926	2948	2926	2942	2939	20	116	576
2010-04-26	2939	2946	2966	2946	2960	2958	19	226	630
2010-04-27	2958	2955	2961	2950	2960	2955	-3	82	616
2010-04-28	2955	2943	2944	2927	2937	2934	-21	236	648
2010-04-29	2934	2948	2948	2930	2931	2938	4	86	616
2010-04-30	2938	2933	2958	2928	2958	2934	-4	106	628
2010-05-04	2934	2940	2954	2932	2947	2946	12	2710	3176
2010-05-05	2946	2950	2962	2950	2962	2957	11	68	3184
2010-05-06	2957	2951	2952	2922	2926	2933	-24	368	3232
2010-05-07	2933	2898	2910	2881	2882	2892	-41	194	3258
2010-05-10	2892	2910	2921	2902	2921	2909	17	80	3222
2010-05-11	2909	2936	2936	2903	2917	2920	11	256	3416
2010-05-12	2920	2936	2944	2935	2939	2942	22	184	3318
2010-05-13	2942	2943	2945	2936	2938	2938	-4	32	3326
2010-05-14	2938	2938	2938	2914	2919	2929	-9	56	3350
2010-05-17	2929	2902	2904	2851	2872	2874	-55	154	3376
2010-05-18	2874	2945	2945	2874	2886	2890	16	74	3354
2010-05-19	2890	2874	2880	2867	2867	2873	-17	92	3378
2010-05-20	2873	2854	2897	2854	2862	2876	3	216	3242
2010-05-21	2876	2869	2876	2845	2868	2852	-24	416	3476
2010-05-24	2852	2872	2885	2866	2876	2871	19	126	3390
2010-05-25	2871	2868	2868	2846	2850	2855	-16	54	3394
2010-05-26	2855	2875	2875	2841	2850	2848	-7	102	3360
2010-05-27	2848	2860	2860	2846	2854	2852	4	22	3354
2010-05-28	2852	2856	2873	2851	2851	2863	11	228	3286
2010-05-31	2863	2822	2836	2820	2820	2826	-37	450	3410
2010-06-01	2826	2823	2828	2818	2820	2823	-3	748	3668
2010-06-02	2823	2823	2825	2801	2809	2810	-13	564	3682
2010-06-03	2810	2809	2818	2805	2813	2811	1	288	3612
2010-06-04	2811	2825	2830	2820	2828	2825	14	364	3336
2010-06-07	2825	2773	2784	2770	2770	2776	-49	276	3252
2010-06-08	2776	2771	2786	2771	2784	2783	7	162	3180
2010-06-09	2783	2750	2794	2750	2777	2774	-9	134	3162
2010-06-10	2774	2784	2790	2775	2782	2781	7	1050	2362
2010-06-11	2781	2777	2784	2773	2773	2778	-3	118	2304
2010-06-17	2778	2795	2804	2786	2797	2801	23	178	2276
2010-06-18	2801	2800	2825	2795	2815	2810	9	54	2258
2010-06-21	2810	2838	2869	2838	2869	2848	38	92	2212
2010-06-22	2848	2860	2861	2852	2857	2854	6	294	2138
2010-06-23	2854	2845	2865	2844	2861	2856	2	30	2136
2010-06-24	2856	2862	2862	2854	2854	2857	1	78	2172
2010-06-25	2857	2830	2857	2830	2843	2844	-13	50	2168
2010-06-28	2844	2839	2845	2831	2831	2841	-3	40	2162
2010-06-29	2841	2837	2841	2821	2830	2831	-10	104	2178
2010-06-30	2831	2838	2838	2808	2818	2818	-13	46	2172
2010-07-01	2818	2816	2817	2815	2817	2816	-2	6	2174
2010-07-02	2816	2826	2828	2821	2828	2825	9	26	2168
2010-07-05	2825	2825	2825	2817	2820	2822	-3	60	2160
2010-07-06	2822	2816	2824	2816	2824	2821	-1	22	2150
2010-07-07	2821	2830	2835	2824	2830	2830	9	42	2152
2010-07-08	2830	2842	2868	2842	2866	2860	30	60	2140
2010-07-09	2860	2868	2885	2868	2885	2877	17	240	2008
2010-07-12	2877	2886	2891	2877	2877	2884	7	38	1984
2010-07-13	2884	2878	2887	2875	2875	2880	-4	66	1994
2010-07-14	2880	2880	2880	2878	2878	2879	-1	8	1992
2010-07-15	2879	2884	2895	2884	2890	2891	12	24	1976
2010-07-16	2891	2938	2940	2901	2936	2934	43	216	1982
2010-07-19	2934	2918	2942	2912	2938	2931	-3	342	1942
2010-07-20	2931	2921	2932	2920	2925	2922	-9	38	1944
2010-07-21	2922	2938	2938	2924	2928	2930	8	126	1954
2010-07-22	2930	2933	2933	2915	2929	2928	-2	34	1942
2010-07-23	2928	2935	2940	2929	2929	2935	7	666	1332
2010-07-26	2935	2935	2950	2935	2942	2940	5	190	1246
2010-07-27	2940	2949	2949	2893	2916	2915	-25	54	1240
2010-07-28	2915	2917	2925	2912	2925	2920	5	16	1242
2010-07-29	2920	2993	2993	2936	2963	2949	29	48	1232
2010-07-30	2949	2979	2997	2979	2997	2990	41	30	1238
2010-08-02	2990	3068	3082	3051	3072	3069	79	64	1240
2010-08-03	3069	3036	3072	3036	3056	3051	-18	152	1286
2010-08-04	3051	3058	3058	3050	3053	3051	0	62	1284
2010-08-05	3051	3058	3082	3012	3027	3037	-14	56	1290
2010-08-06	3037	3040	3091	2980	3064	3031	-6	624	1374
2010-08-09	3031	3061	3098	3041	3098	3088	57	752	1938
2010-08-10	3088	3055	3084	3043	3051	3053	-35	120	1914
2010-08-11	3053	3060	3060	3036	3047	3044	-9	178	2038
2010-08-12	3044	3043	3057	3030	3052	3046	2	42	2048
2010-08-13	3046	3060	3090	3060	3088	3078	32	62	2062
2010-08-16	3078	3125	3128	3071	3085	3097	19	242	2058
2010-08-17	3097	3082	3083	3067	3083	3075	-22	94	2066
2010-08-18	3075	3091	3109	3058	3075	3087	12	48	2050
2010-08-19	3087	3057	3070	3052	3056	3059	-28	22	2052
2010-08-20	3059	3044	3084	3005	3021	3032	-27	132	2032
2010-08-23	3032	3040	3044	3030	3038	3037	5	30	2034
2010-08-24	3037	3049	3049	3030	3030	3036	-1	20	2040
2010-08-25	3036	3035	3035	3025	3025	3028	-8	8	2042
2010-08-26	3028	2982	3073	2982	3022	3036	8	38	2042
2010-08-27	3036	3040	3069	3040	3069	3058	22	14	2040
2010-08-30	3058	3075	3090	3073	3090	3083	25	14	2038
2010-08-31	3083	3062	3062	3040	3046	3046	-37	24	2038
2010-09-01	3046	3047	3053	3033	3045	3044	-2	14	2034
2010-09-02	3044	3024	3050	3010	3047	3047	3	840	1236
2010-09-03	3047	3054	3074	3050	3066	3058	11	76	1238
2010-09-06	3058	3066	3098	3066	3098	3092	34	596	676
2010-09-07	3092	3099	3114	3081	3113	3097	5	262	482
2010-09-08	3097	3113	3115	3106	3106	3109	12	34	476
2010-09-09	3109	3122	3122	3053	3072	3069	-40	68	462
2010-09-10	3069	3080	3088	3070	3083	3077	8	50	464
2010-09-13	3077	3070	3070	3058	3070	3067	-10	244	656
2010-09-14	3067	3070	3077	3070	3072	3076	9	290	370
2010-09-15	3076	3094	3109	3084	3101	3097	21	76	384
2010-09-16	3097	3101	3130	3101	3107	3117	20	44	382
2010-09-17	3117	3113	3141	3105	3141	3119	2	92	350
2010-09-20	3119	3218	3243	3218	3243	3237	118	52	328
2010-09-21	3237	3265	3265	3220	3253	3247	10	62	306
2010-09-27	3247	3374	3382	3341	3342	3374	127	38	290
2010-09-28	3374	3329	3360	3286	3350	3318	-56	554	184
2010-09-29	3318	3363	3363	3266	3281	3297	-21	24	184
2010-09-30	3297	3286	3321	3286	3321	3314	17	218	364
2010-10-08	3314	3203	3299	3203	3259	3270	-44	44	372
2010-10-11	3270	3400	3400	3400	3400	3400	130	24	356
2010-10-12	3400	3409	3449	3386	3438	3430	30	86	344
2010-10-13	3430	3413	3469	3406	3442	3435	5	184	332
2010-10-14	3435	3430	3442	3415	3415	3430	-5	92	312
2010-10-15	3430	3401	3436	3400	3420	3418	-12	338	380
2010-10-18	3418	3393	3393	3344	3358	3366	-52	138	380
2010-10-19	3366	3388	3396	3375	3375	3379	13	250	314
2010-10-20	3379	3335	3386	3335	3366	3353	-26	246	174
2010-10-21	3353	3366	3434	3220	3355	3351	-2	544	148
2010-10-22	3351	3386	3386	3330	3345	3346	-5	80	146
2010-10-25	3346	3386	3397	3335	3393	3370	24	126	156
2010-10-26	3370	3390	3390	3339	3339	3357	-13	56	152
2010-10-27	3357	3357	3380	3291	3307	3325	-32	124	176
2010-10-28	3325	3347	3356	3329	3349	3345	20	56	160
2010-10-29	3345	3349	3350	3330	3338	3342	-3	44	174
2010-11-01	3342	3360	3447	3321	3369	3364	22	84	152
2010-11-02	3364	3363	3363	3340	3355	3354	-10	12	152
2010-11-03	3354	3352	3352	3323	3349	3335	-19	30	150
2010-11-04	3335	3389	3389	3306	3350	3333	-2	158	182
2010-11-05	3333	3455	3466	3400	3441	3440	107	182	162
2010-11-08	3440	3430	3446	3400	3446	3417	-23	206	282
2010-11-09	3417	3439	3450	3436	3447	3441	24	38	274
2010-11-10	3441	3515	3515	3448	3449	3462	21	190	266
2010-11-11	3462	3461	3478	3443	3470	3463	1	20	256
2010-11-12	3463	3437	3454	3330	3333	3391	-72	54	264
2010-11-15	3391	3466	3466	3344	3388	3405	14	14	264
2010-11-16	3405	3359	3369	3352	3352	3360	-45	18	250
2010-11-17	3360	3260	3260	3226	3226	3233	-127	22	254
2010-11-18	3233	3279	3279	3187	3219	3208	-25	32	254
2010-11-19	3208	3226	3239	3219	3239	3227	19	20	252
2010-11-22	3227	3249	3255	3211	3212	3227	0	52	244
2010-11-23	3227	3238	3259	3221	3227	3238	11	14	242
2010-11-24	3238	3294	3294	3274	3274	3277	39	24	236
2010-11-25	3277	3277	3300	3271	3271	3282	5	10	234
2010-11-26	3282	3202	3269	3202	3215	3227	-55	16	224
2010-11-29	3227	3198	3198	3198	3198	3198	-29	2	222
2010-11-30	3198	3165	3226	3165	3196	3202	4	14	222
2010-12-01	3202	3220	3220	3210	3210	3219	17	1204	1422
2010-12-02	3219	3242	3292	3242	3278	3264	45	8	1422
2010-12-03	3264	3252	3285	3252	3284	3273	9	6	1422
2010-12-06	3273	3253	3316	3253	3297	3299	26	62	1446
2010-12-07	3299	3289	3320	3289	3303	3304	5	6	1446
2010-12-08	3304	3295	3295	3263	3263	3283	-21	24	1432
2010-12-09	3283	3257	3257	3247	3247	3250	-33	6	1430
2010-12-10	3250	3090	3263	3090	3245	3223	-27	12	1430
2010-12-13	3223	3285	3301	3285	3301	3293	70	4	1432
2010-12-14	3293	3356	3356	3275	3305	3323	30	16	1430
2010-12-15	3323	3291	3292	3247	3290	3276	-47	22	1430
2010-12-16	3276	3294	3294	3288	3288	3291	15	4	1430
2010-12-17	3291	3295	3300	3295	3300	3297	6	4	1428
2010-12-20	3297	3310	3361	3296	3325	3310	13	212	1232
2010-12-21	3310	3317	3356	3300	3310	3332	22	84	1224
2010-12-22	3332	3333	3333	3333	3333	3333	1	2	1226
2010-12-23	3333	3335	3421	3335	3389	3395	62	1040	2240
2010-12-24	3395	3384	3394	3350	3350	3356	-39	942	1440
2010-12-27	3356	3326	3352	3326	3334	3343	-13	34	1420
2010-12-28	3343	3350	3360	3350	3350	3351	8	164	1410
2010-12-29	3351	3341	3343	3326	3331	3332	-19	24	1406
2010-12-30	3332	3336	3336	3322	3322	3329	-3	4	1406
2010-12-31	3329	3332	3356	3332	3340	3332	3	1006	406
2011-01-04	3332	3333	3360	3333	3360	3347	15	8	404
2011-01-05	3347	3345	3345	3325	3333	3335	-12	26	398
2011-01-06	3335	3387	3387	3352	3352	3369	34	4	396
2011-01-07	3369	3319	3353	3319	3335	3332	-37	10	400
2011-01-10	3332	3362	3366	3343	3346	3352	20	10	398
2011-01-11	3352	3343	3367	3343	3367	3355	3	4	398
2011-01-12	3355	3356	3356	3356	3356	3356	1	2	400
2011-01-13	3356	3397	3444	3384	3417	3417	61	50	384
2011-01-14	3417	3413	3440	3413	3438	3435	18	76	320
2011-01-17	3435	3460	3489	3456	3465	3467	32	58	300
2011-01-18	3467	3462	3488	3462	3480	3479	12	46	258
2011-01-19	3479	3480	3480	3480	3480	3480	1	48	210
2011-01-20	3480	3501	3506	3450	3459	3459	-21	88	154
2011-01-21	3459	3459	3489	3456	3456	3460	1	62	98
2011-01-24	3460	3585	3585	3289	3490	3457	-3	50	100
2011-01-25	3457	3479	3479	3415	3446	3430	-27	22	100
2011-01-26	3430	3380	3380	3356	3356	3364	-66	8	104
2011-01-27	3364	3387	3400	3371	3371	3390	26	20	94
2011-01-28	3390	3381	3414	3381	3414	3398	8	14	88
2011-01-31	3398	3429	3454	3425	3425	3435	37	10	82
2011-02-01	3435	3499	3499	3464	3464	3485	50	8	80
2011-02-09	3485	3499	3500	3499	3500	3499	14	28	52
2011-02-10	3499	-	-	-	3499	3499	0	0	52
2011-02-11	3499	3499	3499	3490	3495	3494	-5	6	46
2011-02-14	3494	3659	3659	3471	3615	3590	96	8	50
2011-02-15	3590	3451	3490	3451	3490	3477	-113	6	46
2011-02-16	3477	-	-	-	3477	3477	0	0	46
2011-02-17	3477	3570	3570	3440	3440	3521	44	10	46
2011-02-18	3521	-	-	-	3521	3521	0	0	46
2011-02-21	3521	3520	3520	3520	3520	3520	-1	6	44
2011-02-22	3520	3501	3501	3400	3409	3432	-88	66	48
2011-02-23	3432	3408	3408	3235	3240	3284	-148	52	50
2011-02-24	3284	3240	3299	3232	3250	3267	-17	30	38
2011-02-25	3267	3345	3345	3260	3260	3260	-7	402	436
2011-02-28	3260	3355	3355	3206	3222	3269	9	430	30
2011-03-01	3269	-	-	-	3269	3269	0	0	30
2011-03-02	3269	3349	3349	3349	3349	3349	80	2	30
2011-03-03	3349	-	-	-	3349	3349	0	0	30
2011-03-04	3349	-	-	-	3349	3349	0	0	30
2011-03-07	3349	3380	3380	3380	3380	3380	31	2	30
2011-03-08	3380	-	-	-	3380	3380	0	0	30
2011-03-09	3380	3440	3440	3440	3440	3440	60	2	30
2011-03-10	3440	-	-	-	3440	3440	0	0	30
2011-03-11	3440	-	-	-	3440	3440	0	0	30
2011-03-14	3440	-	-	-	3440	3389	-51	0	0
