2011-11-15	2920	2968	2968	2938	2938	2953	33	12	4
2011-11-16	2953	2930	2930	2930	2930	2930	-23	2	6
2011-11-17	2930	2940	2940	2940	2940	2940	10	2	6
2011-11-18	2940	2910	2910	2883	2910	2902	-38	16	6
2011-11-21	2902	-	-	-	2902	2902	0	0	6
2011-11-22	2902	2832	2832	2832	2832	2832	-70	2	4
2011-11-23	2832	2838	2838	2838	2838	2838	6	2	6
2011-11-24	2838	2796	2796	2760	2777	2775	-63	8	6
2011-11-25	2775	-	-	-	2775	2775	0	0	6
2011-11-28	2775	-	-	-	2775	2775	0	0	6
2011-11-29	2775	-	-	-	2775	2775	0	0	6
2011-11-30	2775	2818	2818	2775	2814	2802	27	6	8
2011-12-01	2802	2890	2890	2855	2860	2870	68	12	12
2011-12-02	2870	2900	2900	2769	2836	2839	-31	28	22
2011-12-05	2839	2842	2842	2832	2832	2837	-2	4	26
2011-12-06	2837	2831	2834	2820	2834	2829	-8	12	34
2011-12-07	2829	2834	2840	2834	2838	2836	7	14	28
2011-12-08	2836	2825	2844	2825	2838	2834	-2	14	32
2011-12-09	2834	2828	2848	2828	2841	2841	7	18	26
2011-12-12	2841	2813	2813	2813	2813	2813	-28	2	24
2011-12-13	2813	2815	2815	2804	2804	2806	-7	8	26
2011-12-14	2806	2814	2814	2814	2814	2814	8	2	28
2011-12-15	2814	2818	2819	2801	2819	2811	-3	20	36
2011-12-16	2811	2870	2870	2814	2855	2841	30	30	48
2011-12-19	2841	2856	2900	2856	2900	2885	44	70	92
2011-12-20	2885	2893	2895	2888	2890	2892	7	12	100
2011-12-21	2892	2965	2965	2896	2901	2908	16	40	122
2011-12-22	2908	2912	2914	2911	2911	2912	4	6	124
2011-12-23	2912	2924	2925	2920	2925	2923	11	16	128
2011-12-26	2923	2916	2928	2916	2926	2923	0	12	124
2011-12-27	2923	2926	2926	2919	2926	2923	0	6	126
2011-12-28	2923	2965	2988	2965	2988	2976	53	18	132
2011-12-29	2976	2986	2995	2955	2983	2982	6	120	158
2011-12-30	2982	-	-	-	2982	2982	0	0	158
2012-01-04	2982	2999	3007	2999	3007	3002	20	14	158
2012-01-05	3002	2992	2998	2992	2998	2995	-7	6	156
2012-01-06	2995	2970	2977	2970	2973	2973	-22	6	158
2012-01-09	2973	2966	2981	2966	2981	2975	2	16	158
2012-01-10	2975	3000	3016	3000	3016	3009	34	14	154
2012-01-11	3009	3009	3010	3006	3006	3008	-1	6	154
2012-01-12	3008	2981	2983	2969	2981	2977	-31	42	158
2012-01-13	2977	2956	2961	2954	2954	2957	-20	10	154
2012-01-16	2957	2943	2943	2908	2916	2915	-42	24	146
2012-01-17	2915	2921	2932	2921	2932	2927	12	14	142
2012-01-18	2927	2946	2946	2930	2930	2938	11	4	142
2012-01-19	2938	2930	2933	2930	2933	2931	-7	12	130
2012-01-20	2931	2946	2967	2932	2967	2953	22	12	124
2012-01-30	2953	2981	2992	2981	2992	2987	34	14	126
2012-01-31	2987	2938	2972	2938	2972	2960	-27	12	128
2012-02-01	2960	3000	3012	3000	3007	3005	45	20	126
2012-02-02	3005	3007	3010	3003	3010	3006	1	14	128
2012-02-03	3006	2998	2998	2993	2993	2996	-10	8	126
2012-02-06	2996	3029	3062	3028	3062	3043	47	30	132
2012-02-07	3043	3054	3060	3036	3038	3048	5	66	122
2012-02-08	3048	3045	3055	3037	3054	3048	0	12	122
2012-02-09	3048	3044	3048	3036	3036	3042	-6	56	124
2012-02-10	3042	3015	3018	3013	3013	3015	-27	66	122
2012-02-13	3015	3033	3046	3032	3040	3037	22	28	122
2012-02-14	3037	3057	3058	3035	3035	3053	16	32	104
2012-02-15	3053	-	-	-	3053	3053	0	0	104
2012-02-16	3053	3035	3056	3035	3040	3042	-11	30	102
2012-02-17	3042	3071	3084	3071	3077	3076	34	10	104
2012-02-20	3076	3083	3089	3070	3078	3077	1	56	122
2012-02-21	3077	3076	3098	3066	3096	3087	10	38	118
2012-02-22	3087	3073	3087	3073	3078	3079	-8	18	114
2012-02-23	3079	3072	3078	3072	3078	3077	-2	18	128
2012-02-24	3077	3104	3104	3079	3090	3088	11	32	128
2012-02-27	3088	3115	3134	3097	3126	3124	36	258	138
2012-02-28	3124	3142	3147	3134	3147	3139	15	38	126
2012-02-29	3139	-	-	-	3139	3139	0	0	126
2012-03-01	3139	3139	3158	3132	3132	3143	4	10	124
2012-03-02	3143	3162	3173	3156	3166	3160	17	20	120
2012-03-05	3160	3191	3198	3188	3192	3194	34	32	128
2012-03-06	3194	3182	3191	3179	3185	3184	-10	62	116
2012-03-07	3184	3182	3204	3170	3170	3179	-5	102	116
2012-03-08	3179	3169	3169	3142	3142	3155	-24	48	108
2012-03-09	3155	3171	3200	3171	3200	3183	28	28	116
2012-03-12	3183	3189	3189	3164	3176	3177	-6	34	116
2012-03-19	3210	3280	3280	3208	3214	3222	12	20	78
2012-03-20	3222	3210	3210	3180	3181	3186	-36	24	74
2012-03-21	3186	3165	3189	3165	3187	3179	-7	20	80
2012-03-22	3179	3199	3199	3184	3188	3191	12	58	88
2012-03-23	3191	3208	3239	3208	3239	3223	32	40	94
2012-03-26	3223	3244	3264	3244	3254	3254	31	58	90
2012-03-27	3254	3274	3285	3274	3285	3278	24	18	88
2012-03-28	3278	3258	3272	3258	3270	3267	-11	8	84
2012-03-29	3267	3274	3275	3257	3275	3268	1	20	84
2012-03-30	3268	3250	3250	3236	3241	3242	-26	26	74
2012-04-05	3242	3293	3369	3172	3367	3312	70	132	84
2012-04-06	3312	3395	3398	3361	3390	3382	70	42	84
2012-04-09	3382	3433	3433	3384	3384	3391	9	36	88
2012-04-10	3391	3390	3412	3378	3390	3391	0	70	80
2012-04-11	3391	3342	3358	3331	3344	3346	-45	192	98
2012-04-12	3346	3337	3349	3337	3349	3342	-4	30	110
2012-04-13	3342	3373	3378	3339	3365	3369	27	42	134
2012-04-16	3369	3336	3346	3316	3325	3325	-44	32	136
2012-04-17	3325	3327	3371	3327	3364	3360	35	100	126
2012-04-18	3360	3396	3396	3317	3340	3337	-23	98	126
2012-04-19	3337	3330	3343	3329	3343	3331	-6	52	102
2012-04-20	3331	3345	3354	3340	3346	3346	15	14	104
2012-04-23	3346	3415	3415	3350	3380	3393	47	50	108
2012-04-24	3393	3380	3380	3349	3353	3360	-33	78	120
2012-04-25	3360	3389	3389	3380	3380	3384	24	4	120
2012-04-26	3384	3351	3362	3351	3362	3358	-26	66	130
2012-04-27	3358	3375	3400	3361	3391	3373	15	64	112
2012-05-02	3373	3386	3404	3386	3404	3392	19	30	118
2012-05-03	3392	3391	3396	3368	3373	3386	-6	40	126
2012-05-04	3386	3375	3383	3356	3383	3374	-12	16	132
2012-05-07	3374	3356	3394	3356	3366	3365	-9	40	124
2012-05-08	3365	3366	3373	3345	3348	3357	-8	40	126
2012-05-09	3357	3297	3324	3293	3308	3306	-51	44	116
2012-05-10	3306	3321	3321	3308	3308	3312	6	6	110
2012-05-11	3312	3312	3315	3274	3281	3298	-14	56	88
2012-05-14	3298	3244	3244	3175	3179	3203	-95	60	90
2012-05-15	3203	3179	3196	3163	3187	3181	-22	16	90
2012-05-16	3181	3191	3191	3139	3139	3172	-9	56	76
2012-05-17	3172	3181	3265	3167	3216	3203	31	26	84
2012-05-18	3203	3162	3242	3162	3204	3193	-10	114	82
2012-05-21	3193	3192	3222	3192	3216	3203	10	16	72
2012-05-22	3203	3192	3205	3192	3195	3196	-7	14	72
2012-05-23	3196	3195	3195	3133	3146	3149	-47	18	76
2012-05-24	3149	3160	3185	3160	3176	3173	24	32	64
2012-05-25	3173	3180	3180	3154	3170	3168	-5	52	72
2012-05-28	3168	3169	3195	3169	3190	3185	17	38	80
2012-05-29	3185	3181	3221	3181	3221	3200	15	24	76
2012-05-30	3200	3220	3229	3220	3223	3223	23	14	76
2012-05-31	3223	3204	3214	3204	3204	3210	-13	24	66
2012-06-01	3210	3179	3183	3178	3178	3180	-30	14	62
2012-06-04	3180	3158	3175	3158	3168	3168	-12	30	66
2012-06-05	3168	3170	3229	3170	3220	3200	32	44	62
2012-06-06	3200	3231	3256	3231	3241	3240	40	22	56
2012-06-07	3240	3274	3288	3267	3267	3274	34	18	56
2012-06-08	3274	3282	3306	3266	3283	3284	10	16	50
2012-06-11	3284	3338	3354	3338	3350	3347	63	46	66
2012-06-12	3347	3321	3330	3321	3330	3326	-21	10	64
2012-06-13	3326	3282	3336	3282	3312	3312	-14	10	60
2012-06-14	3312	3270	3274	3254	3273	3266	-46	10	58
2012-06-15	3266	3273	3304	3273	3284	3286	20	8	58
2012-06-18	3286	3299	3299	3298	3299	3298	12	14	70
2012-06-19	3298	3330	3380	3330	3380	3355	57	18	70
2012-06-20	3355	3438	3438	3394	3396	3402	47	12	76
2012-06-21	3402	3423	3423	3395	3395	3404	2	12	72
2012-06-25	3404	-	-	-	3404	3404	0	0	72
2012-06-26	3404	3467	3468	3450	3467	3462	58	18	80
2012-06-27	3462	3456	3456	3442	3452	3452	-10	10	78
2012-06-28	3452	3461	3461	3428	3430	3441	-11	24	74
2012-06-29	3441	3430	3446	3421	3446	3434	-7	14	70
2012-07-02	3434	3460	3460	3440	3440	3450	16	4	68
2012-07-03	3450	3432	3463	3432	3455	3447	-3	54	72
2012-07-04	3447	3497	3516	3497	3515	3507	60	10	74
2012-07-05	3507	3558	3594	3558	3589	3573	66	60	90
2012-07-06	3573	3603	3621	3572	3597	3601	28	42	84
2012-07-09	3601	3637	3719	3637	3719	3679	78	68	106
2012-07-10	3679	3691	3728	3691	3709	3713	34	22	106
2012-07-11	3713	3747	3802	3668	3710	3753	40	38	104
2012-07-12	3753	3700	3748	3700	3724	3716	-37	786	598
2012-07-13	3716	3781	3839	3758	3839	3802	86	402	604
2012-07-16	3802	3944	3954	3860	3951	3934	132	176	612
2012-07-17	3934	4038	4038	3881	3930	3926	-8	328	588
2012-07-18	3926	3930	3955	3916	3945	3931	5	564	916
2012-07-19	3931	3966	4020	3966	4019	4001	70	838	1540
2012-07-20	4001	4010	4147	4000	4115	4065	64	200	1544
2012-07-23	4065	4092	4127	4037	4107	4093	28	152	1536
2012-07-24	4093	3950	4020	3930	4000	3988	-105	472	1534
2012-07-25	3988	3958	4004	3925	3953	3977	-11	1904	2828
2012-07-26	3977	3981	3997	3952	3974	3971	-6	456	2882
2012-07-27	3971	3970	3985	3912	3985	3945	-26	1058	2890
2012-07-30	3945	4044	4102	4044	4102	4094	149	506	3106
2012-07-31	4094	4130	4235	4101	4191	4164	70	888	3098
2012-08-01	4164	4173	4235	4160	4179	4197	33	1202	3284
2012-08-02	4197	4106	4180	4106	4154	4155	-42	1590	3596
2012-08-03	4155	4122	4175	4101	4125	4137	-18	1208	3642
2012-08-06	4137	4098	4105	4069	4080	4082	-55	1086	3618
2012-08-07	4082	4081	4110	4038	4108	4073	-9	7064	8538
2012-08-08	4073	4086	4086	4038	4044	4049	-24	3496	10696
2012-08-09	4049	4086	4086	4062	4070	4069	20	1568	11174
2012-08-10	4069	4131	4149	4115	4125	4127	58	1164	11370
2012-08-13	4127	4125	4135	4100	4119	4123	-4	2066	12484
2012-08-14	4123	4100	4126	4075	4122	4097	-26	1470	12448
2012-08-15	4097	4105	4170	4105	4168	4144	47	884	12450
2012-08-16	4144	4185	4185	4144	4145	4155	11	912	12458
2012-08-17	4155	4150	4178	4142	4176	4165	10	1176	13136
2012-08-20	4165	4194	4235	4186	4230	4220	55	1754	13586
2012-08-21	4220	4270	4340	4270	4336	4313	93	1234	13732
2012-08-22	4313	4355	4395	4349	4383	4371	58	1542	14440
2012-08-23	4371	4376	4429	4374	4385	4400	29	2044	14750
2012-08-24	4400	4370	4448	4370	4447	4419	19	2102	15544
2012-08-27	4419	4477	4537	4477	4494	4505	86	1984	15554
2012-08-28	4505	4430	4490	4430	4475	4479	-26	2668	15570
2012-08-29	4479	4480	4525	4480	4525	4509	30	3312	15752
2012-08-30	4509	4540	4555	4513	4540	4532	23	1108	15724
2012-08-31	4532	4540	4545	4508	4541	4523	-9	1606	16272
2012-09-03	4523	4540	4639	4540	4625	4608	85	1562	16126
2012-09-04	4608	4627	4650	4612	4642	4636	28	1334	16134
2012-09-05	4636	4630	4630	4603	4605	4610	-26	986	15974
2012-09-06	4610	4567	4570	4513	4534	4542	-68	1136	15602
2012-09-07	4542	4569	4588	4516	4516	4545	3	896	15408
2012-09-10	4545	4528	4549	4499	4540	4533	-12	1544	15206
2012-09-11	4533	4510	4539	4466	4472	4488	-45	1404	14944
2012-09-12	4488	4461	4478	4448	4461	4460	-28	1220	15012
2012-09-13	4460	4500	4512	4483	4483	4495	35	920	15332
2012-09-14	4495	4510	4546	4501	4502	4518	23	1132	15334
2012-09-17	4518	4492	4492	4356	4357	4422	-96	1394	15142
2012-09-18	4422	4212	4340	4212	4280	4287	-135	1508	14822
2012-09-19	4287	4336	4342	4285	4306	4302	15	606	14828
2012-09-20	4302	4322	4322	4259	4304	4301	-1	610	14810
2012-09-21	4301	4258	4290	4247	4276	4270	-31	2032	14264
2012-09-24	4270	4259	4259	4160	4218	4185	-85	1756	12980
2012-09-25	4185	4245	4263	4201	4233	4235	50	572	12990
2012-09-26	4235	4218	4249	4218	4239	4228	-7	718	12950
2012-09-27	4228	4201	4240	4201	4223	4229	1	4970	13494
2012-09-28	4229	4216	4249	4202	4225	4218	-11	270	13450
2012-10-08	4218	4220	4220	4111	4124	4146	-72	2830	13762
2012-10-10	4128	4112	4112	4008	4015	4030	-98	4048	14372
2012-10-11	4030	3997	4038	3991	3997	4009	-21	7056	11594
2012-10-12	4009	4030	4030	3950	3951	3984	-25	2398	10848
2012-10-15	3984	3901	3920	3849	3850	3868	-116	2538	9402
2012-10-16	3868	3868	3922	3860	3874	3876	8	698	8962
2012-10-17	3876	3870	3870	3836	3860	3848	-28	2798	6874
2012-10-18	3848	3853	3908	3853	3895	3895	47	892	6230
2012-10-19	3895	3917	3919	3890	3910	3901	6	500	5838
2012-10-22	3901	3920	3920	3897	3911	3904	3	540	5398
2012-10-23	3904	3904	3904	3841	3841	3882	-22	492	5130
2012-10-24	3882	3869	3897	3831	3894	3895	13	718	4458
2012-10-25	3895	3880	3888	3865	3881	3877	-18	106	4464
2012-10-26	3877	3861	3888	3840	3855	3841	-36	1030	3452
2012-10-29	3841	3834	3839	3806	3806	3812	-29	88	3370
2012-10-30	3812	3815	3830	3750	3830	3750	-62	3384	12
2012-10-31	3750	3748	3748	3705	3705	3721	-29	12	2
2012-11-01	3721	3701	3701	3701	3701	3701	-20	2	0
2012-11-02	3701	-	-	-	3701	3701	0	0	0
