2012-03-19	3245	3231	3247	3231	3240	3237	-8	12	24
2012-03-20	3237	3239	3239	3205	3205	3217	-20	36	26
2012-03-21	3217	3207	3207	3207	3207	3207	-10	4	28
2012-03-22	3207	3224	3224	3222	3223	3223	16	8	28
2012-03-23	3223	3232	3256	3232	3254	3245	22	18	26
2012-03-26	3245	3276	3280	3258	3272	3268	23	14	30
2012-03-27	3268	3288	3292	3276	3281	3281	13	18	28
2012-03-28	3281	3272	3292	3272	3276	3283	2	30	34
2012-03-29	3283	3275	3275	3259	3259	3268	-15	12	36
2012-03-30	3268	3246	3246	3215	3230	3234	-34	32	40
2012-04-05	3234	3260	3368	3260	3368	3332	98	38	34
2012-04-06	3332	3373	3392	3373	3392	3386	54	24	44
2012-04-09	3386	3383	3400	3376	3386	3385	-1	30	58
2012-04-10	3385	3390	3390	3376	3390	3387	2	20	46
2012-04-11	3387	3353	3353	3330	3346	3345	-42	20	48
2012-04-12	3345	3352	3352	3352	3352	3352	7	2	48
2012-04-13	3352	3388	3389	3367	3385	3375	23	32	44
2012-04-16	3375	3333	3339	3326	3327	3331	-44	30	62
2012-04-17	3331	3328	3339	3327	3335	3336	5	56	72
2012-04-18	3336	3333	3333	3270	3300	3295	-41	100	64
2012-04-19	3295	3297	3320	3291	3307	3303	8	34	64
2012-04-20	3303	3330	3330	3284	3305	3304	1	28	70
2012-04-23	3304	3340	3369	3330	3350	3345	41	70	70
2012-04-24	3345	3337	3358	3321	3337	3335	-10	82	82
2012-04-25	3335	3355	3375	3351	3354	3360	25	76	90
2012-04-26	3360	3340	3341	3320	3326	3325	-35	102	140
2012-04-27	3325	3332	3353	3329	3353	3341	16	386	172
2012-05-02	3341	3368	3379	3351	3351	3363	22	90	184
2012-05-03	3363	3354	3365	3329	3329	3344	-19	104	184
2012-05-04	3344	3332	3358	3332	3358	3340	-4	154	188
2012-05-07	3340	3379	3380	3314	3326	3326	-14	388	344
2012-05-08	3326	3320	3330	3301	3304	3319	-7	152	356
2012-05-09	3319	3282	3287	3221	3256	3270	-49	148	352
2012-05-10	3270	3264	3290	3260	3290	3271	1	214	348
2012-05-11	3271	3296	3296	3231	3234	3261	-10	104	342
2012-05-14	3261	3208	3208	3131	3131	3176	-85	918	472
2012-05-15	3176	3105	3146	3090	3145	3120	-56	164	458
2012-05-16	3120	3124	3134	3051	3055	3105	-15	720	460
2012-05-17	3105	3150	3150	3084	3111	3115	10	138	456
2012-05-18	3115	3088	3107	3074	3090	3086	-29	202	374
2012-05-21	3086	3090	3127	3074	3116	3108	22	330	228
2012-05-22	3108	3116	3133	3089	3098	3102	-6	146	244
2012-05-23	3102	3060	3064	3021	3043	3039	-63	172	246
2012-05-24	3039	3058	3077	3045	3077	3058	19	208	230
2012-05-25	3058	3083	3083	3052	3073	3068	10	134	234
2012-05-28	3068	3082	3101	3073	3100	3089	21	40	222
2012-05-29	3089	3114	3124	3092	3122	3106	17	126	228
2012-05-30	3106	3112	3136	3101	3117	3118	12	136	216
2012-05-31	3118	3110	3122	3105	3105	3111	-7	56	216
2012-06-01	3111	3105	3105	3070	3074	3079	-32	66	242
2012-06-04	3079	3081	3091	3043	3053	3060	-19	146	240
2012-06-05	3060	3059	3132	3059	3113	3096	36	300	130
2012-06-06	3096	3130	3176	3112	3143	3148	52	324	124
2012-06-07	3148	3164	3184	3158	3163	3170	22	110	116
2012-06-08	3170	3179	3181	3152	3173	3164	-6	126	146
2012-06-11	3164	3195	3238	3191	3230	3212	48	192	120
2012-06-12	3212	3234	3234	3197	3228	3214	2	80	106
2012-06-13	3214	3226	3226	3198	3200	3208	-6	132	110
2012-06-14	3208	3167	3191	3134	3154	3159	-49	84	112
2012-06-15	3159	3173	3190	3148	3188	3180	21	122	142
2012-06-18	3180	3188	3218	3168	3190	3193	13	98	156
2012-06-19	3193	3213	3279	3213	3270	3247	54	140	150
2012-06-20	3247	3293	3321	3287	3321	3301	54	104	170
2012-06-21	3301	3281	3308	3280	3303	3294	-7	130	170
2012-06-25	3294	3357	3420	3357	3365	3392	98	142	154
2012-06-26	3392	3381	3381	3360	3378	3369	-23	202	166
2012-06-27	3369	3375	3382	3367	3378	3374	5	74	142
2012-06-28	3374	3373	3379	3329	3329	3358	-16	68	118
2012-06-29	3358	3352	3376	3344	3369	3361	3	70	126
2012-07-02	3361	3395	3414	3357	3357	3384	23	176	118
2012-07-03	3384	3347	3385	3347	3383	3372	-12	156	124
2012-07-04	3372	3411	3452	3411	3445	3433	61	152	146
2012-07-05	3433	3426	3520	3426	3520	3483	50	348	146
2012-07-06	3483	3476	3518	3475	3497	3501	18	220	168
2012-07-09	3501	3513	3597	3502	3589	3550	49	204	182
2012-07-10	3550	3566	3588	3542	3542	3563	13	196	170
2012-07-11	3563	3552	3652	3495	3514	3554	-9	206	130
2012-07-12	3554	3478	3493	3449	3485	3474	-80	126	138
2012-07-13	3474	3500	3529	3471	3523	3517	43	138	132
2012-07-16	3517	3655	3657	3601	3657	3637	120	246	166
2012-07-17	3637	3716	3716	3533	3578	3582	-55	182	142
2012-07-18	3582	3560	3626	3551	3590	3584	2	102	150
2012-07-19	3584	3626	3700	3621	3690	3658	74	156	154
2012-07-20	3658	3662	3728	3658	3682	3688	30	200	198
2012-07-23	3688	3612	3689	3588	3641	3639	-49	272	232
2012-07-24	3639	3501	3529	3494	3494	3504	-135	276	260
2012-07-25	3504	3447	3523	3445	3480	3486	-18	194	258
2012-07-26	3486	3488	3503	3466	3498	3484	-2	204	242
2012-07-27	3484	3513	3514	3465	3510	3493	9	268	290
2012-07-30	3493	3553	3632	3553	3632	3611	118	114	304
2012-07-31	3611	3585	3636	3574	3626	3600	-11	496	496
2012-08-01	3600	3668	3687	3609	3610	3647	47	434	458
2012-08-02	3647	3620	3625	3586	3603	3603	-44	264	458
2012-08-03	3603	3592	3621	3565	3582	3601	-2	126	418
2012-08-06	3601	3567	3604	3542	3570	3563	-38	230	388
2012-08-07	3563	3579	3610	3568	3610	3583	20	210	378
2012-08-08	3583	3587	3589	3557	3557	3576	-7	222	380
2012-08-09	3576	3584	3588	3563	3577	3578	2	78	388
2012-08-10	3578	3631	3634	3529	3610	3610	32	104	376
2012-08-13	3610	3605	3608	3571	3582	3593	-17	86	364
2012-08-14	3593	3565	3583	3534	3568	3557	-36	90	386
2012-08-15	3557	3596	3630	3561	3612	3585	28	106	378
2012-08-16	3585	3620	3620	3582	3591	3595	10	64	378
2012-08-17	3595	3599	3605	3590	3602	3595	0	70	382
2012-08-20	3595	3629	3653	3629	3646	3638	43	278	392
2012-08-21	3638	3644	3748	3644	3738	3724	86	78	408
2012-08-22	3724	3792	3801	3754	3798	3788	64	118	386
2012-08-23	3788	3832	3864	3797	3807	3840	52	156	352
2012-08-24	3840	3786	3858	3739	3852	3830	-10	310	444
2012-08-27	3830	3933	3933	3838	3870	3891	61	274	454
2012-08-28	3891	3857	3871	3838	3844	3853	-38	154	456
2012-08-29	3853	3864	3898	3835	3868	3856	3	304	448
2012-08-30	3856	3880	3888	3852	3880	3874	18	148	434
2012-08-31	3874	3871	3872	3852	3870	3860	-14	164	458
2012-09-03	3860	3880	3982	3879	3974	3924	64	550	434
2012-09-04	3924	3993	4001	3963	3996	3986	62	200	422
2012-09-05	3986	3983	3992	3967	3967	3983	-3	72	422
2012-09-06	3983	3915	3933	3854	3881	3892	-91	152	432
2012-09-07	3892	3877	3929	3861	3861	3899	7	100	406
2012-09-10	3899	3822	3910	3822	3901	3878	-21	268	464
2012-09-11	3878	3898	3901	3855	3856	3874	-4	156	446
2012-09-12	3874	3852	3890	3851	3890	3874	0	204	498
2012-09-13	3874	3935	4040	3923	3936	3949	75	382	602
2012-09-14	3949	3949	3998	3943	3958	3963	14	186	652
2012-09-17	3963	3940	3940	3835	3853	3878	-85	312	640
2012-09-18	3878	3801	3855	3768	3777	3797	-81	302	648
2012-09-19	3797	3778	3830	3778	3798	3801	4	216	620
2012-09-20	3801	3800	3808	3775	3786	3789	-12	188	606
2012-09-21	3789	3750	3769	3727	3751	3754	-35	152	606
2012-09-24	3754	3713	3717	3656	3715	3675	-79	300	616
2012-09-25	3675	3737	3750	3709	3741	3735	60	130	594
2012-09-26	3735	3734	3747	3716	3723	3726	-9	126	606
2012-09-27	3726	3653	3911	3653	3713	3737	11	292	554
2012-09-28	3737	3733	3734	3708	3718	3718	-19	86	534
2012-10-08	3718	3673	3699	3647	3657	3671	-47	70	542
2012-10-10	3669	3668	3668	3627	3634	3637	-32	234	484
2012-10-11	3637	3626	3668	3626	3662	3646	9	176	488
2012-10-12	3646	3651	3791	3620	3621	3680	34	590	518
2012-10-15	3680	3600	3600	3547	3550	3564	-116	304	576
2012-10-16	3564	3579	3590	3554	3562	3571	7	380	558
2012-10-17	3571	3515	3560	3515	3560	3540	-31	352	426
2012-10-18	3540	3588	3598	3553	3574	3574	34	310	408
2012-10-19	3574	3601	3601	3560	3560	3587	13	296	420
2012-10-22	3587	3598	3620	3583	3618	3602	15	232	422
2012-10-23	3602	3630	3660	3578	3579	3607	5	242	432
2012-10-24	3607	3601	3610	3589	3606	3602	-5	208	430
2012-10-25	3602	3609	3613	3580	3596	3594	-8	212	424
2012-10-26	3594	3582	3595	3562	3572	3579	-15	114	398
2012-10-29	3579	3577	3577	3523	3525	3540	-39	118	406
2012-10-30	3540	3515	3520	3500	3518	3508	-32	298	470
2012-10-31	3508	3518	3573	3516	3567	3544	36	176	476
2012-11-01	3544	3570	3666	3570	3655	3625	81	208	506
2012-11-02	3625	3640	3649	3610	3642	3634	9	172	494
