2012-07-16	3348	3579	3580	3405	3561	3545	197	262	132
2012-07-17	3545	3530	3565	3404	3404	3430	-115	1186	760
2012-07-18	3430	3390	3418	3346	3375	3386	-44	800	894
2012-07-19	3386	3395	3462	3386	3460	3430	44	1862	938
2012-07-20	3430	3444	3450	3416	3431	3430	0	990	892
2012-07-23	3430	3400	3400	3313	3346	3351	-79	696	934
2012-07-24	3351	3230	3260	3217	3217	3229	-122	514	922
2012-07-25	3229	3152	3290	3152	3219	3228	-1	806	932
2012-07-26	3228	3228	3249	3220	3235	3230	2	332	930
2012-07-27	3230	3200	3314	3200	3306	3272	42	770	1026
2012-07-30	3272	3339	3402	3339	3378	3377	105	724	1056
2012-07-31	3377	3366	3394	3359	3390	3377	0	714	1136
2012-08-01	3377	3392	3416	3356	3363	3396	19	958	1120
2012-08-02	3396	3340	3374	3340	3360	3357	-39	914	1132
2012-08-03	3357	3345	3380	3340	3359	3365	8	1020	1218
2012-08-06	3365	3335	3351	3328	3339	3340	-25	504	1206
2012-08-07	3340	3346	3385	3346	3385	3363	23	452	1242
2012-08-08	3363	3365	3377	3346	3347	3365	2	384	1332
2012-08-09	3365	3351	3370	3351	3354	3362	-3	224	1316
2012-08-10	3362	3399	3410	3373	3387	3392	30	332	1308
2012-08-13	3392	3370	3388	3366	3376	3378	-14	178	1332
2012-08-14	3378	3354	3362	3330	3352	3342	-36	546	1216
2012-08-15	3342	3347	3394	3347	3390	3375	33	320	1150
2012-08-16	3375	3390	3416	3361	3361	3375	0	336	1260
2012-08-17	3375	3373	3393	3373	3375	3379	4	198	1288
2012-08-20	3379	3380	3425	3380	3417	3405	26	224	1342
2012-08-21	3405	3440	3499	3437	3494	3476	71	262	1346
2012-08-22	3476	3531	3560	3515	3549	3542	66	596	1428
2012-08-23	3542	3576	3639	3553	3566	3585	43	460	1470
2012-08-24	3585	3556	3613	3542	3613	3593	8	312	1610
2012-08-27	3593	3650	3687	3616	3632	3650	57	444	1704
2012-08-28	3650	3606	3625	3574	3607	3604	-46	354	1658
2012-08-29	3604	3616	3643	3600	3643	3619	15	230	1664
2012-08-30	3619	3664	3673	3630	3666	3654	35	452	1676
2012-08-31	3654	3646	3660	3633	3650	3646	-8	362	1670
2012-09-03	3646	3650	3793	3650	3763	3737	91	610	1752
2012-09-04	3737	3764	3800	3751	3800	3782	45	514	1774
2012-09-05	3782	3768	3804	3768	3780	3785	3	240	1762
2012-09-06	3785	3760	3760	3646	3671	3689	-96	778	1698
2012-09-07	3689	3682	3706	3629	3632	3669	-20	730	1786
2012-09-10	3669	3620	3660	3600	3653	3634	-35	546	1774
2012-09-11	3634	3630	3643	3580	3599	3603	-31	660	1734
2012-09-12	3603	3595	3625	3584	3624	3605	2	446	1716
2012-09-13	3605	3641	3669	3623	3623	3648	43	340	1804
2012-09-14	3648	3663	3683	3644	3649	3662	14	440	1798
2012-09-17	3662	3640	3640	3499	3500	3562	-100	1160	2170
2012-09-18	3562	3450	3470	3410	3447	3454	-108	470	2056
2012-09-19	3454	3472	3490	3449	3470	3467	13	192	2014
2012-09-20	3467	3481	3499	3448	3469	3471	4	148	1992
2012-09-21	3471	3430	3452	3417	3435	3435	-36	242	1946
2012-09-24	3435	3404	3408	3367	3400	3386	-49	252	1866
2012-09-25	3386	3398	3441	3398	3422	3422	36	156	1860
2012-09-26	3422	3395	3419	3371	3385	3393	-29	784	1242
2012-09-27	3393	3360	3410	3360	3388	3382	-11	360	1036
2012-09-28	3382	3399	3405	3375	3386	3390	8	360	894
2012-10-08	3390	3370	3370	3335	3340	3354	-36	54	892
2012-10-10	3375	3277	3369	3277	3354	3349	-26	130	850
2012-10-11	3349	3335	3427	3334	3389	3397	48	354	852
2012-10-12	3397	3412	3421	3360	3360	3392	-5	98	866
2012-10-15	3392	3330	3345	3314	3322	3324	-68	162	864
2012-10-16	3324	3338	3362	3338	3345	3349	25	94	850
2012-10-17	3349	3325	3353	3325	3346	3342	-7	64	854
2012-10-18	3342	3361	3369	3355	3364	3361	19	78	850
2012-10-19	3361	3380	3395	3372	3381	3383	22	144	888
2012-10-22	3383	3398	3401	3373	3388	3384	1	160	852
2012-10-23	3384	3392	3397	3350	3350	3374	-10	282	864
2012-10-24	3374	3361	3395	3361	3385	3380	6	106	846
2012-10-25	3380	3392	3392	3363	3375	3372	-8	130	866
2012-10-26	3372	3350	3383	3342	3345	3361	-11	96	838
2012-10-29	3361	3350	3350	3303	3303	3323	-38	250	802
2012-10-30	3323	3300	3330	3270	3291	3286	-37	112	788
2012-10-31	3286	3306	3348	3296	3348	3316	30	100	756
2012-11-01	3316	3355	3427	3350	3418	3403	87	248	722
2012-11-02	3403	3438	3438	3383	3409	3410	7	178	712
