2011-01-18	3495	3495	3495	3425	3448	3435	-60	25998	22138
2011-01-19	3435	3452	3473	3439	3458	3458	23	73446	78358
2011-01-20	3458	3457	3457	3414	3421	3432	-26	92652	129194
2011-01-21	3432	3422	3442	3407	3412	3425	-7	63470	145630
2011-01-24	3425	3418	3453	3416	3439	3434	9	88552	160316
2011-01-25	3434	3419	3438	3400	3400	3416	-18	67684	179604
2011-01-26	3416	3380	3380	3340	3353	3355	-61	66996	183970
2011-01-27	3355	3372	3383	3352	3375	3369	14	50384	179746
2011-01-28	3369	3369	3383	3360	3373	3374	5	34952	181840
2011-01-31	3374	3380	3399	3377	3390	3391	17	42508	193526
2011-02-01	3391	3398	3421	3395	3420	3408	17	43530	201378
2011-02-09	3408	3434	3497	3424	3491	3471	63	106444	198418
2011-02-10	3471	3502	3560	3493	3528	3532	61	169676	240206
2011-02-11	3532	3514	3565	3510	3543	3544	12	259736	315272
2011-02-14	3544	3546	3556	3527	3545	3542	-2	158198	341804
2011-02-15	3542	3518	3526	3490	3494	3511	-31	182884	393270
2011-02-16	3511	3460	3471	3438	3468	3457	-54	234110	445368
2011-02-17	3457	3472	3478	3428	3438	3459	2	238386	469190
2011-02-18	3459	3484	3492	3458	3458	3475	16	277410	422024
2011-02-21	3475	3455	3464	3435	3459	3453	-22	124282	420958
2011-02-22	3453	3474	3491	3436	3484	3471	18	266032	443304
2011-02-23	3471	3385	3390	3357	3368	3375	-96	262100	472014
2011-02-24	3375	3388	3388	3329	3339	3359	-16	190996	466096
2011-02-25	3359	3350	3375	3346	3373	3363	4	127596	462980
2011-02-28	3363	3392	3414	3392	3407	3406	43	153842	440192
2011-03-01	3406	3411	3417	3403	3413	3410	4	112728	442766
2011-03-02	3410	3416	3458	3408	3453	3434	24	216266	455040
2011-03-03	3434	3454	3457	3428	3433	3444	10	136354	458208
2011-03-04	3444	3457	3474	3436	3452	3455	11	194414	460096
2011-03-07	3455	3440	3455	3431	3445	3445	-10	127142	467124
2011-03-08	3445	3415	3430	3380	3393	3404	-41	187096	460888
2011-03-09	3404	3400	3401	3383	3389	3391	-13	101164	460638
2011-03-10	3391	3360	3368	3342	3346	3354	-37	141960	454666
2011-03-11	3354	3359	3367	3331	3347	3351	-3	138790	464756
2011-03-14	3351	3320	3355	3307	3315	3323	-28	203868	482204
2011-03-15	3323	3330	3342	3308	3339	3328	5	236546	489190
2011-03-16	3328	3296	3297	3257	3272	3272	-56	356352	510708
2011-03-17	3272	3259	3298	3252	3285	3276	4	344010	517948
2011-03-18	3276	3319	3328	3303	3305	3311	35	235520	502426
2011-03-21	3311	3332	3339	3317	3331	3329	18	289500	455366
2011-03-22	3329	3325	3336	3320	3330	3330	1	154166	443826
2011-03-23	3330	3330	3384	3328	3382	3363	33	297724	416558
2011-03-24	3363	3368	3377	3352	3358	3364	1	188702	411478
2011-03-25	3364	3371	3403	3369	3399	3393	29	275640	421808
2011-03-28	3393	3389	3408	3363	3392	3388	-5	325544	402982
2011-03-29	3388	3375	3417	3366	3404	3394	6	397798	441308
2011-03-30	3394	3410	3420	3396	3406	3407	13	254000	427680
2011-03-31	3407	3412	3422	3396	3410	3408	1	242634	429584
2011-04-01	3408	3438	3445	3426	3427	3435	27	239084	425626
2011-04-06	3435	3400	3433	3399	3427	3419	-16	237918	447586
2011-04-07	3419	3424	3437	3417	3423	3424	5	180202	466054
2011-04-08	3424	3415	3417	3389	3414	3405	-19	336654	496540
2011-04-11	3405	3434	3462	3429	3439	3445	40	384016	503350
2011-04-12	3445	3403	3415	3381	3386	3402	-43	287386	531214
2011-04-13	3402	3358	3380	3353	3376	3367	-35	243188	554318
2011-04-14	3367	3360	3374	3340	3344	3360	-7	257172	569812
2011-04-15	3360	3362	3362	3333	3338	3345	-15	210582	566872
2011-04-18	3345	3330	3352	3320	3346	3339	-6	211914	582978
2011-04-19	3339	3353	3357	3336	3340	3346	7	240476	569968
2011-04-20	3346	3349	3376	3348	3374	3365	19	233688	576554
2011-04-21	3365	3379	3381	3362	3365	3370	5	171856	573208
2011-04-22	3370	3385	3393	3376	3392	3385	15	234360	543704
2011-04-25	3385	3402	3408	3380	3387	3391	6	158496	539452
2011-04-26	3391	3370	3375	3352	3359	3368	-23	150602	527798
2011-04-27	3368	3370	3379	3357	3360	3369	1	162880	516986
2011-04-28	3369	3370	3392	3367	3389	3378	9	172620	516642
2011-04-29	3378	3340	3350	3302	3316	3328	-50	298580	556958
2011-05-03	3328	3355	3356	3333	3342	3341	13	148670	511942
2011-05-04	3341	3324	3332	3316	3322	3323	-18	137744	510082
2011-05-05	3323	3305	3342	3302	3328	3326	3	328484	545328
2011-05-06	3326	3292	3298	3276	3279	3286	-40	287162	553552
2011-05-09	3286	3290	3298	3286	3292	3292	6	127588	553902
2011-05-10	3292	3293	3316	3293	3310	3305	13	249090	564762
2011-05-11	3305	3310	3319	3293	3294	3306	1	231622	595936
2011-05-12	3306	3293	3311	3282	3282	3296	-10	295780	569400
2011-05-13	3296	3298	3338	3295	3323	3310	14	251380	566664
2011-05-16	3310	3304	3322	3304	3310	3311	1	227962	580010
2011-05-17	3311	3309	3310	3253	3270	3270	-41	488570	624052
2011-05-18	3270	3285	3290	3275	3276	3282	12	263168	602132
2011-05-19	3282	3309	3316	3298	3303	3306	24	269484	553402
2011-05-20	3306	3306	3345	3303	3344	3326	20	355364	584786
2011-05-23	3326	3356	3361	3327	3334	3344	18	289970	571102
2011-05-24	3344	3339	3346	3329	3344	3335	-9	223622	568006
2011-05-25	3335	3340	3343	3332	3335	3336	1	144346	558448
2011-05-26	3336	3347	3367	3341	3362	3358	22	258802	591044
2011-05-27	3358	3370	3373	3351	3359	3359	1	180220	567460
2011-05-30	3359	3350	3367	3348	3361	3359	0	233230	544828
2011-05-31	3359	3365	3368	3338	3345	3348	-11	202026	538144
2011-06-01	3348	3350	3362	3345	3348	3353	5	225966	555442
2011-06-02	3353	3355	3385	3350	3380	3373	20	602354	607352
2011-06-03	3373	3395	3400	3384	3399	3391	18	356644	580946
2011-06-07	3391	3366	3376	3358	3366	3366	-25	257152	557306
2011-06-08	3366	3380	3382	3358	3363	3368	2	201964	551084
2011-06-09	3368	3380	3380	3363	3366	3372	4	154056	525158
2011-06-10	3372	3368	3370	3344	3358	3356	-16	198934	493610
2011-06-13	3356	3352	3384	3352	3374	3371	15	326042	533226
2011-06-14	3371	3366	3376	3365	3375	3370	-1	205048	543556
2011-06-15	3370	3363	3369	3355	3363	3361	-9	207458	550940
2011-06-16	3361	3357	3377	3342	3344	3363	2	378442	560184
2011-06-17	3363	3326	3340	3304	3312	3319	-44	290128	512894
2011-06-20	3319	3303	3311	3288	3307	3302	-17	263256	517988
2011-06-21	3302	3318	3318	3305	3316	3312	10	166784	523378
2011-06-22	3312	3320	3323	3310	3316	3316	4	101838	518546
2011-06-23	3316	3295	3313	3285	3310	3299	-17	216218	524206
2011-06-24	3299	3295	3333	3293	3325	3321	22	336634	558230
2011-06-27	3321	3308	3312	3265	3279	3288	-33	386382	598744
2011-06-28	3288	3299	3302	3281	3288	3290	2	215246	570656
2011-06-29	3290	3301	3325	3296	3315	3311	21	222436	567854
2011-06-30	3311	3311	3332	3310	3324	3322	11	196102	575168
2011-07-01	3322	3298	3310	3287	3304	3297	-25	242624	609518
2011-07-04	3297	3318	3323	3298	3314	3310	13	349170	655606
2011-07-05	3310	3312	3315	3290	3304	3304	-6	271832	626504
2011-07-06	3304	3302	3312	3281	3293	3294	-10	220400	604444
2011-07-07	3294	3293	3308	3290	3303	3300	6	188430	579106
2011-07-08	3300	3319	3326	3313	3318	3318	18	179760	526456
2011-07-11	3318	3322	3332	3318	3331	3326	8	156850	471998
2011-07-12	3326	3327	3328	3314	3317	3320	-6	81202	451846
2011-07-13	3320	3330	3366	3330	3362	3351	31	145198	408650
2011-07-14	3351	3376	3393	3369	3383	3378	27	122724	362630
2011-07-15	3378	3377	3388	3370	3382	3378	0	84508	336908
2011-07-18	3378	3388	3409	3381	3385	3396	18	136280	311086
2011-07-19	3396	3388	3407	3383	3406	3395	-1	68830	297202
2011-07-20	3395	3401	3410	3386	3404	3398	3	84294	272370
2011-07-21	3398	3396	3415	3391	3413	3406	8	77782	262484
2011-07-22	3406	3419	3421	3412	3416	3415	9	31240	259988
2011-07-25	3415	3402	3408	3373	3375	3390	-25	57028	246878
2011-07-26	3390	3382	3406	3376	3405	3391	1	38778	238088
2011-07-27	3391	3414	3446	3412	3444	3435	44	49276	234996
2011-07-28	3435	3431	3432	3418	3424	3424	-11	37738	230384
2011-07-29	3424	3412	3429	3399	3400	3415	-9	33808	227180
2011-08-01	3415	3399	3410	3392	3408	3400	-15	45102	219446
2011-08-02	3400	3405	3409	3391	3391	3397	-3	31134	215114
2011-08-03	3397	3405	3410	3388	3390	3396	-1	30184	207642
2011-08-04	3396	3382	3389	3354	3355	3366	-30	40406	191462
2011-08-05	3366	3320	3320	3201	3291	3284	-82	64874	177522
2011-08-08	3284	3270	3294	3263	3269	3275	-9	30748	171230
2011-08-09	3275	3250	3250	3169	3238	3214	-61	52018	160262
2011-08-10	3214	3253	3275	3253	3265	3267	53	25188	157002
2011-08-11	3267	3243	3286	3243	3282	3270	3	28892	155136
2011-08-12	3270	3298	3310	3287	3290	3299	29	24970	151474
2011-08-15	3299	3308	3324	3307	3319	3316	17	12444	151198
2011-08-16	3316	3322	3327	3295	3297	3310	-6	10206	149388
2011-08-17	3310	3305	3316	3304	3311	3310	0	10912	149944
2011-08-18	3310	3328	3328	3314	3315	3318	8	11338	145426
2011-08-19	3318	3300	3319	3291	3312	3308	-10	16184	143032
2011-08-22	3308	3321	3344	3321	3333	3337	29	22414	136548
2011-08-23	3337	3351	3372	3351	3372	3359	22	13432	135380
2011-08-24	3359	3375	3377	3356	3363	3364	5	14040	133280
2011-08-25	3364	3351	3359	3344	3353	3350	-14	9350	131130
2011-08-26	3350	3360	3362	3333	3336	3343	-7	13766	131148
2011-08-29	3343	3380	3400	3378	3397	3388	45	23880	126090
2011-08-30	3388	3401	3404	3388	3396	3397	9	13874	121780
2011-08-31	3397	3405	3420	3397	3405	3410	13	12326	118020
2011-09-01	3410	3404	3407	3378	3382	3391	-19	14488	116088
2011-09-02	3391	3375	3378	3363	3373	3372	-19	11562	116906
2011-09-05	3372	3378	3392	3369	3373	3378	6	16424	112286
2011-09-06	3378	3365	3368	3336	3350	3351	-27	10870	109974
2011-09-07	3351	3361	3375	3346	3373	3359	8	11488	105444
2011-09-08	3359	3368	3368	3345	3346	3351	-8	8828	105726
2011-09-09	3351	3348	3355	3340	3354	3346	-5	7986	105662
2011-09-13	3346	3329	3329	3290	3292	3303	-43	18036	107460
2011-09-14	3303	3295	3302	3255	3259	3271	-32	13452	105976
2011-09-15	3271	3275	3275	3249	3263	3264	-7	10732	102802
2011-09-16	3264	3230	3257	3228	3242	3241	-23	15350	98442
2011-09-19	3241	3240	3240	3205	3209	3212	-29	14232	94994
2011-09-20	3212	3220	3222	3211	3217	3217	5	8286	90434
2011-09-21	3217	3211	3211	3188	3209	3204	-13	11122	86548
2011-09-22	3204	3180	3180	3107	3143	3150	-54	14126	81190
2011-09-23	3150	3108	3109	3002	3062	3062	-88	27164	66646
2011-09-26	3062	3050	3065	2955	2968	3014	-48	17646	60090
2011-09-27	3014	3010	3059	3010	3059	3031	17	12632	55392
2011-09-28	3031	3035	3035	2998	3017	3015	-16	8026	53210
2011-09-29	3015	2955	2956	2909	2950	2934	-81	11388	49178
2011-09-30	2934	2971	2999	2962	2999	2983	49	6412	46202
2011-10-10	2983	2900	2952	2900	2931	2936	-47	5068	45282
2011-10-11	2936	2950	2964	2910	2915	2939	3	5440	44414
2011-10-12	2939	2970	3000	2953	2993	2980	41	11352	39932
2011-10-13	2980	2998	3018	2990	3018	3006	26	6110	37156
2011-10-14	3006	3030	3048	3027	3040	3034	28	3638	35752
2011-10-17	3034	3056	3056	3030	3033	3038	4	2602	34618
2011-10-18	3038	3018	3018	2973	2978	2995	-43	5002	30882
2011-10-19	2995	2994	3008	2982	3005	2999	4	2982	29826
2011-10-20	2999	2971	2971	2932	2957	2946	-53	2858	28780
2011-10-21	2946	2962	2999	2962	2997	2980	34	2690	27150
2011-10-24	2980	2997	3033	2975	3022	3008	28	3460	25766
2011-10-25	3008	3011	3035	3011	3025	3024	16	2168	25184
2011-10-26	3024	3008	3022	3005	3017	3013	-11	1064	25080
2011-10-27	3013	3010	3040	3005	3039	3027	14	1702	24578
2011-10-28	3027	3045	3057	3018	3018	3031	4	1818	23908
2011-10-31	3031	3010	3015	2970	2975	2988	-43	986	23768
2011-11-01	2988	2988	2993	2971	2976	2980	-8	1444	23688
2011-11-02	2980	2970	2990	2952	2986	2970	-10	2246	23516
2011-11-03	2970	2992	2992	2965	2968	2973	3	1260	23152
2011-11-04	2973	2986	3004	2986	2998	2995	22	670	22958
2011-11-07	2995	2992	2992	2979	2983	2983	-12	1812	22550
2011-11-08	2983	2978	2978	2960	2973	2969	-14	738	22290
2011-11-09	2969	2976	2981	2968	2968	2972	3	302	22104
2011-11-10	2972	2955	2955	2900	2912	2922	-50	2456	20874
2011-11-11	2922	2908	2939	2908	2935	2926	4	1414	20248
2011-11-14	2926	2940	2955	2938	2946	2947	21	554	19892
2011-11-15	2947	2940	2959	2925	2942	2941	-6	1004	19104
2011-11-16	2941	2960	2960	2924	2926	2936	-5	364	18932
2011-11-17	2936	2920	2925	2900	2905	2911	-25	916	18570
2011-11-18	2911	2890	2890	2864	2867	2870	-41	1138	18168
2011-11-21	2870	2869	2869	2857	2862	2861	-9	850	17662
2011-11-22	2861	2842	2842	2780	2785	2801	-60	1274	17248
2011-11-23	2801	2795	2795	2764	2767	2770	-31	1832	15872
2011-11-24	2770	2748	2748	2706	2731	2726	-44	1684	14960
2011-11-25	2726	2720	2735	2715	2731	2726	0	774	14480
2011-11-28	2726	2729	2765	2729	2765	2749	23	710	14056
2011-11-29	2749	2775	2779	2756	2779	2765	16	276	13942
2011-11-30	2765	2785	2785	2741	2744	2750	-15	482	13644
2011-12-01	2750	2762	2794	2762	2776	2775	25	576	13640
2011-12-02	2775	2768	2770	2746	2749	2753	-22	564	13608
2011-12-05	2753	2755	2757	2742	2746	2745	-8	402	13552
2011-12-06	2745	2727	2731	2720	2729	2728	-17	714	12956
2011-12-07	2728	2732	2738	2722	2730	2731	3	340	12744
2011-12-08	2731	2721	2721	2689	2701	2701	-30	1540	11670
2011-12-09	2701	2696	2717	2683	2717	2706	5	658	11162
2011-12-12	2706	2698	2698	2685	2685	2687	-19	588	10862
2011-12-13	2687	2671	2692	2671	2680	2684	-3	232	10702
2011-12-14	2684	2680	2684	2676	2683	2683	-1	890	10174
2011-12-15	2683	2660	2673	2659	2672	2665	-18	836	9604
2011-12-16	2665	2676	2689	2665	2689	2680	15	218	9460
2011-12-19	2680	2699	2710	2685	2709	2694	14	456	9258
2011-12-20	2694	2710	2722	2710	2721	2716	22	370	9044
2011-12-21	2716	2728	2750	2725	2732	2734	18	230	8896
2011-12-22	2734	2732	2758	2732	2752	2750	16	808	8254
2011-12-23	2750	2760	2764	2756	2764	2761	11	400	7962
2011-12-26	2761	2749	2769	2749	2761	2762	1	154	7838
2011-12-27	2762	2769	2772	2760	2770	2769	7	184	7670
2011-12-28	2769	2785	2830	2785	2825	2812	43	216	7492
2011-12-29	2812	2825	2848	2825	2841	2831	19	2902	4628
2011-12-30	2831	2848	2885	2838	2850	2856	25	5224	3852
2012-01-04	2856	2703	2870	2703	2870	2869	13	3788	66
2012-01-05	2869	-	-	-	2869	2869	0	0	66
2012-01-06	2869	-	-	-	2869	2869	0	0	66
2012-01-09	2869	2870	2870	2870	2870	2870	1	14	52
2012-01-10	2870	-	-	-	2870	2870	0	0	52
2012-01-11	2870	-	-	-	2870	2870	0	0	52
2012-01-12	2870	-	-	-	2870	2870	0	0	52
2012-01-13	2870	2880	2880	2880	2880	2880	10	42	10
2012-01-16	2880	-	-	-	2880	2880	0	0	10
2012-01-17	2880	-	-	-	2880	2870	-10	0	0
