2009-12-15	2953	-	-	-	2953	2953	0	0	0
2009-12-16	2953	3099	3099	2970	3023	3019	66	40	8
2009-12-17	3019	3030	3048	3019	3037	3033	14	88	56
2009-12-18	3033	3021	3110	2983	3013	3007	-26	136	96
2009-12-21	3007	3009	3009	2992	2998	2999	-8	104	128
2009-12-22	2999	3000	3005	2978	2982	2995	-4	48	142
2009-12-23	2995	2973	2986	2952	2974	2973	-22	62	144
2009-12-24	2973	3002	3010	2980	3004	3000	27	108	172
2009-12-25	3000	3049	3049	3000	3005	3008	8	52	180
2009-12-28	3008	3009	3036	3009	3028	3027	19	62	174
2009-12-29	3027	3035	3037	3025	3026	3031	4	36	162
2009-12-30	3031	3024	3024	3010	3016	3018	-13	52	162
2009-12-31	3018	3002	3048	3002	3043	3039	21	42	156
2010-01-04	3039	3140	3140	3042	3075	3067	28	84	190
2010-01-05	3067	3075	3080	3065	3071	3075	8	146	198
2010-01-06	3075	3075	3112	3075	3094	3097	22	210	288
2010-01-07	3097	3088	3111	2980	3034	3050	-47	190	306
2010-01-08	3050	2987	3045	2983	3013	3008	-42	160	352
2010-01-11	3008	3018	3040	3015	3028	3031	23	216	388
2010-01-12	3031	3010	3011	2987	3005	3001	-30	272	494
2010-01-13	3001	2900	2999	2900	2903	2919	-82	274	476
2010-01-14	2919	2940	2940	2912	2925	2922	3	112	462
2010-01-15	2922	2931	2936	2915	2920	2924	2	126	436
2010-01-18	2924	2912	2929	2912	2925	2924	0	262	462
2010-01-19	2924	2933	2934	2917	2927	2925	1	94	438
2010-01-20	2925	2916	2916	2885	2885	2897	-28	100	436
2010-01-21	2897	2895	2901	2875	2900	2886	-11	56	410
2010-01-22	2886	2888	2890	2871	2887	2883	-3	20	408
2010-01-25	2883	2888	2893	2881	2891	2889	6	22	412
2010-01-26	2889	2863	2877	2861	2862	2868	-21	26	402
2010-01-27	2868	2845	2878	2845	2872	2869	1	90	366
2010-01-28	2869	2836	2845	2832	2839	2836	-33	122	352
2010-01-29	2836	2836	2838	2815	2815	2829	-7	12	354
2010-02-01	2829	2767	2777	2750	2751	2763	-66	162	292
2010-02-02	2763	2725	2728	2716	2726	2724	-39	16	290
2010-02-03	2724	2790	2790	2737	2758	2756	32	24	290
2010-02-04	2756	2733	2764	2731	2752	2756	0	150	290
2010-02-05	2756	2752	2777	2752	2777	2763	7	66	262
2010-02-08	2763	2793	2793	2784	2791	2787	24	40	246
2010-02-09	2787	2781	2792	2776	2782	2784	-3	28	230
2010-02-10	2784	2774	2775	2773	2775	2774	-10	10	232
2010-02-11	2774	2809	2830	2797	2821	2821	47	90	258
2010-02-12	2821	2828	2828	2815	2819	2821	0	48	278
2010-02-22	2821	2835	2852	2833	2852	2840	19	26	276
2010-02-23	2840	2868	2900	2851	2900	2876	36	122	198
2010-02-24	2876	2890	2890	2882	2882	2885	9	12	198
2010-02-25	2885	2884	2884	2856	2869	2866	-19	26	196
2010-02-26	2866	2850	2853	2844	2853	2852	-14	56	238
2010-03-01	2852	2888	2890	2873	2884	2883	31	98	278
2010-03-02	2883	2883	2883	2845	2845	2861	-22	78	248
2010-03-03	2861	2858	2870	2858	2870	2862	1	8	246
2010-03-04	2862	2842	2842	2817	2817	2830	-32	14	242
2010-03-05	2830	2817	2817	2799	2813	2807	-23	44	254
2010-03-08	2807	2827	2827	2816	2824	2823	16	20	264
2010-03-09	2823	2833	2833	2821	2830	2827	4	16	260
2010-03-10	2827	2833	2833	2816	2822	2824	-3	38	276
2010-03-11	2824	2842	2842	2802	2818	2809	-15	122	280
2010-03-12	2809	2793	2793	2776	2779	2782	-27	22	278
2010-03-15	2782	2785	2785	2785	2785	2785	3	4	276
2010-03-16	2785	2787	2812	2787	2812	2799	14	12	272
2010-03-17	2799	2827	2837	2827	2830	2831	32	26	268
2010-03-18	2831	2825	2827	2818	2818	2821	-10	14	270
2010-03-19	2821	2833	2867	2833	2862	2855	34	60	262
2010-03-22	2855	2852	2867	2852	2858	2863	8	242	412
2010-03-23	2863	2863	2866	2860	2860	2862	-1	24	414
2010-03-24	2862	2842	2842	2842	2842	2842	-20	12	414
2010-03-25	2842	2844	2846	2844	2846	2844	2	6	408
2010-03-26	2844	2831	2848	2831	2848	2835	-9	30	410
2010-03-29	2835	2846	2855	2846	2855	2851	16	14	398
2010-03-30	2851	2867	2877	2865	2875	2870	19	18	388
2010-03-31	2870	2874	2879	2868	2868	2871	1	18	386
2010-04-01	2871	2823	2845	2823	2841	2841	-30	96	402
2010-04-02	2841	2845	2856	2845	2856	2851	10	30	398
2010-04-06	2851	2857	2857	2857	2857	2857	6	100	446
2010-04-07	2857	2853	2867	2853	2867	2859	2	12	440
2010-04-08	2859	2863	2879	2863	2866	2869	10	50	436
2010-04-09	2869	2864	2867	2862	2863	2864	-5	26	440
2010-04-12	2864	2858	2899	2858	2883	2886	22	46	432
2010-04-13	2886	2886	2895	2879	2895	2886	0	60	430
2010-04-14	2886	2916	2923	2910	2910	2914	28	44	426
2010-04-15	2914	2903	2912	2900	2902	2904	-10	70	418
2010-04-16	2904	2915	2922	2912	2917	2918	14	92	420
2010-04-19	2918	2917	2918	2894	2902	2907	-11	48	416
2010-04-20	2907	2919	2929	2918	2929	2922	15	134	390
2010-04-21	2922	2925	2935	2922	2922	2928	6	46	388
2010-04-22	2928	2975	2975	2928	2929	2931	3	92	328
2010-04-23	2931	2939	2949	2925	2945	2942	11	76	318
2010-04-26	2942	2960	2963	2946	2963	2955	13	46	338
2010-04-27	2955	2932	2957	2932	2957	2946	-9	20	338
2010-04-28	2946	2929	2939	2925	2935	2930	-16	54	324
2010-04-29	2930	2958	2958	2941	2943	2948	18	14	328
2010-04-30	2948	2983	2983	2931	2958	2945	-3	78	310
2010-05-04	2945	2940	2950	2940	2950	2946	1	8	312
2010-05-05	2946	2934	2962	2933	2958	2952	6	68	306
2010-05-06	2952	2963	2963	2924	2927	2937	-15	106	304
2010-05-07	2937	2901	2907	2888	2888	2899	-38	64	304
2010-05-10	2899	2922	2930	2921	2929	2924	25	18	306
2010-05-11	2924	2922	2922	2921	2921	2921	-3	10	306
2010-05-12	2921	2937	2942	2931	2937	2939	18	428	706
2010-05-13	2939	2937	2943	2937	2943	2940	1	14	704
2010-05-14	2940	2930	2930	2910	2920	2922	-18	28	708
2010-05-17	2922	2901	2903	2866	2881	2882	-40	208	830
2010-05-18	2882	2900	2900	2883	2893	2890	8	186	718
2010-05-19	2890	2861	2889	2861	2882	2880	-10	58	714
2010-05-20	2880	2871	2920	2860	2873	2883	3	64	710
2010-05-21	2883	2860	2887	2860	2877	2867	-16	46	708
2010-05-24	2867	2875	2898	2875	2892	2888	21	22	712
2010-05-25	2888	2867	2871	2854	2854	2865	-23	34	728
2010-05-26	2865	2878	2878	2854	2873	2861	-4	268	824
2010-05-27	2861	2861	2872	2857	2858	2858	-3	194	938
2010-05-28	2858	2869	2869	2852	2852	2856	-2	54	922
2010-05-31	2856	2824	2828	2810	2810	2816	-40	142	980
2010-06-01	2816	2803	2803	2788	2791	2793	-23	42	972
2010-06-02	2793	2791	2799	2781	2797	2791	-2	68	948
2010-06-03	2791	2828	2828	2796	2805	2806	15	20	944
2010-06-04	2806	2817	2831	2816	2826	2823	17	56	912
2010-06-07	2823	2826	2826	2765	2778	2783	-40	12	910
2010-06-08	2783	2756	2784	2756	2784	2770	-13	4	910
2010-06-09	2770	2763	2763	2756	2756	2760	-10	10	912
2010-06-10	2760	2775	2775	2760	2760	2764	4	116	812
2010-06-11	2764	2779	2779	2753	2753	2764	0	34	810
2010-06-17	2764	2786	2786	2778	2779	2780	16	8	806
2010-06-18	2780	2799	2809	2792	2802	2797	17	154	778
2010-06-21	2797	2802	2856	2802	2849	2840	43	34	780
2010-06-22	2840	2845	2849	2843	2849	2845	5	6	778
2010-06-23	2845	2851	2855	2838	2855	2846	1	86	762
2010-06-24	2846	2849	2852	2844	2848	2848	2	16	756
2010-06-25	2848	2835	2837	2835	2837	2836	-12	4	756
2010-06-28	2836	2814	2841	2814	2836	2834	-2	10	754
2010-06-29	2834	2831	2835	2824	2835	2829	-5	18	754
2010-06-30	2829	2823	2823	2823	2823	2823	-6	4	750
2010-07-01	2823	2809	2823	2807	2815	2813	-10	70	758
2010-07-02	2813	2823	2838	2823	2832	2833	20	58	734
2010-07-05	2833	2834	2837	2834	2837	2835	2	6	732
2010-07-06	2835	2834	2834	2834	2834	2834	-1	2	730
2010-07-07	2834	2834	2858	2832	2858	2839	5	20	730
2010-07-08	2839	2881	2881	2867	2877	2875	36	62	716
2010-07-09	2875	2877	2915	2877	2904	2898	23	336	732
2010-07-12	2898	2929	2935	2893	2903	2912	14	30	736
2010-07-13	2912	2898	2909	2896	2896	2901	-11	82	710
2010-07-14	2901	2897	2911	2897	2900	2902	1	62	678
2010-07-15	2902	2919	2923	2910	2910	2918	16	40	672
2010-07-16	2918	2945	2960	2945	2960	2947	29	210	506
2010-07-19	2947	2946	2966	2946	2956	2955	8	14	504
2010-07-20	2955	2941	2963	2938	2963	2951	-4	16	506
2010-07-21	2951	2957	2957	2946	2955	2954	3	14	502
2010-07-22	2954	2950	2960	2946	2960	2948	-6	20	502
2010-07-23	2948	2954	2960	2951	2958	2957	9	114	512
2010-07-26	2957	2956	2960	2956	2960	2957	0	6	508
2010-07-27	2957	2948	2950	2927	2945	2930	-27	74	558
2010-07-28	2930	2954	2960	2953	2958	2955	25	28	546
2010-07-29	2955	2980	2992	2958	2992	2984	29	82	520
2010-07-30	2984	3000	3036	3000	3034	3027	43	56	500
2010-08-02	3027	3110	3113	3095	3112	3108	81	50	488
2010-08-03	3108	3089	3120	3088	3113	3111	3	36	470
2010-08-04	3111	3107	3115	3098	3111	3109	-2	34	472
2010-08-05	3109	3121	3126	3090	3090	3112	3	16	472
2010-08-06	3112	3090	3120	3090	3120	3113	1	18	472
2010-08-09	3113	3118	3150	3118	3150	3134	21	30	472
2010-08-10	3134	3118	3118	3114	3114	3116	-18	6	472
2010-08-11	3116	3129	3130	3110	3116	3125	9	234	278
2010-08-12	3125	3101	3145	3101	3145	3133	8	58	254
2010-08-13	3133	3157	3188	3157	3183	3180	47	34	244
2010-08-16	3180	3187	3228	3179	3181	3196	16	30	256
2010-08-17	3196	3194	3194	3150	3168	3166	-30	24	262
2010-08-18	3166	3177	3182	3172	3172	3176	10	14	264
2010-08-19	3176	3155	3163	3123	3146	3149	-27	82	280
2010-08-20	3149	3103	3135	3092	3102	3117	-32	106	240
2010-08-23	3117	3106	3123	3106	3112	3115	-2	8	244
2010-08-24	3115	3107	3137	3107	3116	3121	6	20	238
2010-08-25	3121	3107	3116	3081	3112	3105	-16	28	240
2010-08-26	3105	3104	3127	3104	3122	3120	15	10	242
2010-08-27	3120	3147	3147	3126	3140	3138	18	14	238
2010-08-30	3138	3179	3179	3141	3159	3159	21	104	256
2010-08-31	3159	3144	3144	3119	3126	3130	-29	32	258
2010-09-01	3130	3138	3138	3129	3129	3133	3	4	254
2010-09-02	3133	3139	3140	3128	3128	3135	2	16	248
2010-09-03	3135	3146	3146	3146	3146	3146	11	8	242
2010-09-06	3146	3170	3204	3170	3204	3181	35	104	234
2010-09-07	3181	3200	3200	3199	3199	3199	18	4	236
2010-09-08	3199	3239	3239	3195	3195	3211	12	10	234
2010-09-09	3211	3180	3180	3180	3180	3180	-31	4	238
2010-09-10	3180	3167	3176	3167	3176	3174	-6	14	228
2010-09-13	3174	3233	3233	3156	3165	3197	23	114	240
2010-09-14	3197	3156	3171	3151	3161	3162	-35	12	236
2010-09-15	3162	-	-	-	3162	3162	0	0	236
2010-09-16	3162	3213	3217	3194	3215	3210	48	32	220
2010-09-17	3210	3188	3246	3188	3228	3213	3	28	216
2010-09-20	3213	3268	3341	3250	3341	3296	83	1802	308
2010-09-21	3296	3268	3367	3268	3318	3310	14	38	314
2010-09-27	3310	3473	3474	3403	3439	3439	129	24	314
2010-09-28	3439	3408	3449	3408	3440	3429	-10	48	288
2010-09-29	3429	3414	3414	3320	3399	3382	-47	36	284
2010-09-30	3382	3415	3415	3415	3415	3415	33	2	284
2010-10-08	3415	3390	3390	3360	3360	3376	-39	10	284
2010-10-11	3376	3511	3511	3511	3511	3511	135	2	284
2010-10-12	3511	3561	3562	3498	3502	3527	16	52	284
2010-10-13	3527	3490	3572	3490	3527	3519	-8	8	286
2010-10-14	3519	3569	3569	3520	3520	3546	27	30	284
2010-10-15	3546	3520	3558	3489	3525	3517	-29	12	284
2010-10-18	3517	3480	3493	3439	3475	3462	-55	38	286
2010-10-19	3462	3481	3490	3460	3476	3478	16	20	290
2010-10-20	3478	3428	3465	3420	3465	3438	-40	40	302
2010-10-21	3438	3516	3516	3436	3436	3475	37	36	308
2010-10-22	3475	3430	3430	3430	3430	3430	-45	2	308
2010-10-25	3430	3402	3467	3402	3455	3448	18	20	302
2010-10-26	3448	3425	3425	3425	3425	3425	-23	10	300
2010-10-27	3425	3479	3479	3345	3345	3399	-26	42	302
2010-10-28	3399	3362	3441	3362	3441	3416	17	18	296
2010-10-29	3416	3351	3403	3351	3403	3380	-36	10	296
2010-11-01	3380	3443	3501	3443	3480	3473	93	54	286
2010-11-02	3473	3448	3496	3448	3460	3465	-8	36	286
2010-11-03	3465	3396	3452	3396	3440	3436	-29	24	286
2010-11-04	3436	3451	3455	3451	3455	3454	18	58	286
2010-11-05	3454	3540	3545	3530	3530	3542	88	26	274
2010-11-08	3542	3599	3665	3486	3605	3584	42	12	270
2010-11-09	3584	3603	3603	3520	3550	3588	4	64	284
2010-11-10	3588	3570	3709	3562	3640	3633	45	44	276
2010-11-11	3633	3610	3610	3575	3575	3609	-24	78	216
2010-11-12	3609	3575	3575	3480	3549	3564	-45	22	198
2010-11-15	3564	3561	3561	3500	3500	3524	-40	10	192
2010-11-16	3524	3452	3452	3440	3440	3449	-75	14	180
2010-11-17	3449	3312	3312	3312	3312	3312	-137	4	178
2010-11-18	3312	3400	3400	3230	3350	3308	-4	14	176
2010-11-19	3308	3390	3419	3320	3350	3365	57	28	170
2010-11-22	3365	3300	3300	3300	3300	3300	-65	168	2
2010-11-23	3300	3169	3229	3169	3229	3199	-101	4	2
2010-11-24	3199	-	-	-	3199	3199	0	0	2
2010-11-25	3199	-	-	-	3199	3199	0	0	2
2010-11-26	3199	3041	3199	3041	3199	3120	-79	4	2
2010-11-29	3120	-	-	-	3120	3120	0	0	2
2010-11-30	3120	3051	3200	3051	3100	3117	-3	6	0
2010-12-01	3117	-	-	-	3117	3117	0	0	0
2010-12-02	3117	-	-	-	3117	3117	0	0	0
2010-12-03	3117	-	-	-	3117	3117	0	0	0
2010-12-06	3117	-	-	-	3117	3117	0	0	0
2010-12-07	3117	-	-	-	3117	3117	0	0	0
2010-12-08	3117	-	-	-	3117	3117	0	0	0
2010-12-09	3117	-	-	-	3117	3117	0	0	0
2010-12-10	3117	-	-	-	3117	3117	0	0	0
2010-12-13	3117	-	-	-	3117	3117	0	0	0
2010-12-14	3117	-	-	-	3117	3117	0	0	0
