2012-08-15	3396	3317	3433	3317	3417	3400	4	8	4
2012-08-16	3400	3401	3401	3334	3370	3373	-27	14	10
2012-08-17	3373	3389	3395	3371	3381	3381	8	14	10
2012-08-20	3381	3413	3425	3409	3425	3414	33	28	14
2012-08-21	3414	3537	3537	3486	3518	3509	95	46	32
2012-08-22	3509	3535	3560	3508	3548	3546	37	128	74
2012-08-23	3546	3577	3606	3550	3579	3580	34	76	74
2012-08-24	3580	3560	3599	3552	3582	3571	-9	66	76
2012-08-27	3571	3647	3668	3578	3618	3622	51	106	86
2012-08-28	3622	3620	3620	3573	3573	3596	-26	62	92
2012-08-29	3596	3620	3633	3596	3633	3606	10	32	94
2012-08-30	3606	3601	3656	3601	3651	3639	33	42	98
2012-08-31	3639	3626	3659	3611	3651	3644	5	70	112
2012-09-03	3644	3670	3793	3670	3760	3758	114	114	148
2012-09-04	3758	3786	3794	3768	3791	3781	23	80	168
2012-09-05	3781	3759	3793	3759	3771	3776	-5	94	158
2012-09-06	3776	3710	3717	3641	3671	3678	-98	64	156
2012-09-07	3678	3694	3694	3633	3633	3658	-20	38	150
2012-09-10	3658	3618	3654	3600	3648	3633	-25	40	160
2012-09-11	3633	3638	3654	3576	3585	3606	-27	114	144
2012-09-12	3606	3591	3620	3531	3618	3600	-6	116	148
2012-09-13	3600	3654	3681	3645	3645	3658	58	86	146
2012-09-14	3658	3688	3696	3650	3654	3670	12	74	164
2012-09-17	3670	3602	3603	3511	3511	3552	-118	130	180
2012-09-18	3552	3460	3480	3446	3452	3463	-89	96	140
2012-09-19	3463	3430	3486	3430	3458	3451	-12	246	118
2012-09-20	3451	3455	3462	3440	3462	3453	2	28	108
2012-09-21	3453	3440	3440	3400	3418	3422	-31	44	114
2012-09-24	3422	3368	3398	3355	3370	3367	-55	18	116
2012-09-25	3367	3408	3419	3385	3391	3397	30	34	110
2012-09-26	3397	3396	3396	3372	3378	3381	-16	12	100
2012-09-27	3381	3343	3381	3343	3354	3366	-15	26	98
2012-09-28	3366	3371	3374	3360	3360	3367	1	24	94
2012-10-08	3367	3345	3345	3332	3332	3339	-28	12	92
2012-10-10	3354	3345	3345	3321	3341	3337	-17	18	92
2012-10-11	3337	3355	3413	3355	3397	3396	59	34	100
2012-10-12	3396	3455	3455	3360	3364	3393	-3	68	112
2012-10-15	3393	3332	3361	3318	3322	3331	-62	88	146
2012-10-16	3331	3359	3359	3330	3337	3343	12	60	104
2012-10-17	3343	3325	3332	3320	3332	3328	-15	36	102
2012-10-18	3328	3341	3350	3341	3350	3347	19	34	104
2012-10-19	3347	3357	3375	3355	3366	3362	15	42	92
2012-10-22	3362	3355	3383	3355	3370	3364	2	14	88
2012-10-23	3364	3362	3371	3335	3335	3352	-12	96	120
2012-10-24	3352	3350	3374	3350	3369	3363	11	92	100
2012-10-25	3363	3352	3368	3351	3357	3358	-5	56	94
2012-10-26	3358	3360	3362	3335	3352	3353	-5	36	84
2012-10-29	3353	3325	3332	3290	3295	3309	-44	56	88
2012-10-30	3309	3265	3284	3260	3264	3266	-43	14	86
2012-10-31	3266	3285	3335	3284	3323	3307	41	18	82
2012-11-01	3307	3339	3424	3338	3408	3402	95	94	136
2012-11-02	3402	3403	3403	3367	3392	3388	-14	48	136
