2012-01-18	2878	2948	2948	2924	2924	2933	55	286	220
2012-01-19	2933	2939	2955	2936	2950	2942	9	154	274
2012-01-20	2942	2960	3000	2956	2998	2977	35	518	648
2012-01-30	2977	3030	3030	2999	3010	3007	30	1098	1142
2012-01-31	3007	3000	3002	2988	3001	2995	-12	2180	2390
2012-02-01	2995	3015	3042	3008	3030	3027	32	4476	5370
2012-02-02	3027	3040	3048	3003	3007	3020	-7	11018	13366
2012-02-03	3020	3015	3020	3002	3006	3012	-8	2324	13648
2012-02-06	3012	3030	3064	3026	3063	3047	35	4126	14408
2012-02-07	3047	3055	3070	3040	3050	3054	7	4448	15718
2012-02-08	3054	3050	3065	3046	3064	3054	0	3666	17006
2012-02-09	3054	3052	3059	3045	3047	3052	-2	4784	19066
2012-02-10	3052	3030	3041	3007	3012	3017	-35	7856	23384
2012-02-13	3017	3030	3043	3025	3038	3035	18	13852	32998
2012-02-14	3035	3054	3066	3043	3045	3053	18	24184	45716
2012-02-15	3053	3051	3065	3051	3052	3059	6	10808	44042
2012-02-16	3059	3060	3064	3034	3046	3044	-15	13836	49432
2012-02-17	3044	3051	3090	3051	3089	3080	36	28548	56322
2012-02-20	3080	3100	3115	3092	3099	3099	19	11544	57984
2012-02-21	3099	3100	3121	3088	3114	3106	7	16604	60070
2012-02-22	3106	3105	3110	3099	3103	3103	-3	9114	60264
2012-02-23	3103	3105	3112	3095	3111	3100	-3	4598	60646
2012-02-24	3100	3110	3132	3108	3126	3121	21	20220	63958
2012-02-27	3121	3120	3151	3120	3145	3141	20	13134	64030
2012-02-28	3141	3157	3176	3157	3175	3165	24	12426	66970
2012-02-29	3165	3178	3183	3169	3177	3175	10	16574	74354
2012-03-01	3175	3166	3186	3152	3153	3168	-7	25360	83388
2012-03-02	3168	3168	3191	3168	3189	3181	13	26416	87990
2012-03-05	3181	3186	3215	3186	3210	3208	27	26234	98534
2012-03-06	3208	3200	3209	3196	3207	3203	-5	22208	107642
2012-03-07	3203	3218	3218	3186	3187	3202	-1	31432	110710
2012-03-08	3202	3195	3199	3168	3171	3184	-18	28290	112202
2012-03-09	3184	3188	3224	3187	3222	3206	22	47936	133642
2012-03-12	3206	3204	3205	3180	3200	3191	-15	35098	130946
2012-03-19	3215	3220	3228	3213	3219	3221	6	20790	166228
2012-03-20	3221	3212	3214	3182	3183	3196	-25	45288	183410
2012-03-21	3196	3173	3190	3171	3187	3182	-14	21240	185478
2012-03-22	3182	3193	3204	3190	3200	3199	17	33408	185818
2012-03-23	3199	3211	3251	3211	3249	3233	34	68092	205748
2012-03-26	3233	3265	3275	3250	3273	3261	28	80304	239542
2012-03-27	3261	3270	3278	3263	3270	3268	7	73730	257574
2012-03-28	3268	3259	3275	3254	3261	3265	-3	80532	264416
2012-03-29	3265	3265	3268	3233	3241	3249	-16	55584	261602
2012-03-30	3249	3235	3238	3200	3209	3212	-37	68768	261722
2012-04-05	3212	3299	3362	3282	3354	3326	114	148804	287654
2012-04-06	3326	3370	3406	3355	3394	3382	56	282944	364246
2012-04-09	3382	3420	3420	3379	3384	3392	10	201418	408690
2012-04-10	3392	3383	3404	3365	3400	3386	-6	295616	484304
2012-04-11	3386	3364	3367	3286	3337	3339	-47	355648	499690
2012-04-12	3339	3336	3350	3326	3350	3340	1	205142	532220
2012-04-13	3340	3389	3394	3366	3370	3377	37	361536	590812
2012-04-16	3377	3320	3333	3310	3312	3318	-59	325608	601458
2012-04-17	3318	3310	3339	3308	3330	3326	8	436960	622132
2012-04-18	3326	3344	3346	3262	3286	3293	-33	958626	654578
2012-04-19	3293	3279	3312	3268	3310	3297	4	872588	769100
2012-04-20	3297	3307	3309	3282	3301	3297	0	876034	777322
2012-04-23	3297	3337	3354	3333	3340	3342	45	1026984	853664
2012-04-24	3342	3318	3352	3308	3332	3329	-13	1628242	994696
2012-04-25	3329	3375	3378	3344	3348	3356	27	1426074	1098788
2012-04-26	3356	3328	3337	3315	3320	3323	-33	880434	1049908
2012-04-27	3323	3330	3348	3319	3345	3336	13	1031878	986548
2012-05-02	3336	3377	3383	3355	3355	3364	28	956082	978488
2012-05-03	3364	3342	3358	3320	3324	3338	-26	1153090	965586
2012-05-04	3338	3323	3360	3317	3359	3336	-2	1335296	1005022
2012-05-07	3336	3345	3351	3299	3310	3316	-20	1211198	905438
2012-05-08	3316	3312	3324	3288	3294	3307	-9	1694042	979704
2012-05-09	3307	3270	3274	3238	3241	3254	-53	1658756	990414
2012-05-10	3254	3255	3271	3242	3264	3256	2	1461632	983060
2012-05-11	3256	3275	3277	3218	3226	3247	-9	2211598	1003872
2012-05-14	3247	3200	3203	3118	3118	3147	-100	1782962	871298
2012-05-15	3147	3096	3137	3066	3134	3115	-32	2249656	865000
2012-05-16	3115	3128	3144	3068	3081	3108	-7	2826682	1002510
2012-05-17	3108	3140	3155	3102	3146	3132	24	2639240	886684
2012-05-18	3132	3120	3146	3106	3129	3125	-7	2607696	950322
2012-05-21	3125	3130	3165	3118	3152	3146	21	2379778	982102
2012-05-22	3146	3140	3145	3126	3137	3136	-10	1964758	994146
2012-05-23	3136	3073	3084	3058	3079	3073	-63	2034986	1009746
2012-05-24	3073	3091	3119	3086	3117	3101	28	1548172	945712
2012-05-25	3101	3109	3116	3089	3107	3104	3	1520406	957234
2012-05-28	3104	3118	3143	3104	3137	3124	20	1450712	968156
2012-05-29	3124	3131	3175	3126	3174	3149	25	1689710	1008848
2012-05-30	3149	3160	3180	3152	3156	3164	15	1532924	972440
2012-05-31	3164	3140	3161	3136	3145	3151	-13	1393710	1025282
2012-06-01	3151	3100	3128	3098	3109	3111	-40	1208900	974084
2012-06-04	3111	3101	3121	3060	3082	3082	-29	2625156	1237880
2012-06-05	3082	3102	3154	3091	3141	3124	42	2401438	1130010
2012-06-06	3124	3135	3196	3135	3179	3175	51	2150032	1052744
2012-06-07	3175	3218	3231	3199	3209	3214	39	1487766	1015434
2012-06-08	3214	3231	3239	3191	3223	3217	3	1955548	1054860
2012-06-11	3217	3242	3304	3234	3302	3275	58	2009872	1132252
2012-06-12	3275	3280	3296	3267	3295	3283	8	1901296	1114306
2012-06-13	3283	3300	3300	3263	3267	3275	-8	1672566	1109822
2012-06-14	3275	3242	3250	3217	3224	3230	-45	1662182	1090538
2012-06-15	3230	3230	3266	3226	3264	3253	23	1532838	1065248
2012-06-18	3253	3270	3289	3243	3267	3261	8	1616418	1097512
2012-06-19	3261	3306	3367	3295	3361	3344	83	2521126	1251342
2012-06-20	3344	3392	3426	3380	3416	3398	54	2045142	1395668
2012-06-21	3398	3390	3422	3382	3416	3403	5	2431646	1464328
2012-06-25	3403	3449	3538	3446	3491	3504	101	2860462	1464248
2012-06-26	3504	3509	3513	3474	3500	3489	-15	2227942	1487256
2012-06-27	3489	3489	3510	3479	3486	3490	1	1816696	1465564
2012-06-28	3490	3487	3491	3449	3454	3464	-26	2165076	1369332
2012-06-29	3464	3465	3483	3436	3482	3464	0	1795272	1332990
2012-07-02	3464	3530	3532	3461	3469	3486	22	1923996	1368826
2012-07-03	3486	3480	3493	3458	3492	3476	-10	2397482	1407910
2012-07-04	3476	3512	3555	3502	3552	3534	58	2712622	1573620
2012-07-05	3534	3550	3638	3543	3634	3595	61	3249702	1711714
2012-07-06	3595	3650	3656	3606	3621	3627	32	2844354	1716538
2012-07-09	3627	3635	3755	3627	3752	3697	70	4307634	1962606
2012-07-10	3697	3732	3757	3704	3748	3734	37	3699580	2037140
2012-07-11	3734	3745	3878	3695	3721	3768	34	7363376	1882632
2012-07-12	3768	3690	3702	3651	3668	3675	-93	3895584	1876390
2012-07-13	3675	3705	3775	3702	3771	3732	57	4066192	1975760
2012-07-16	3732	3881	3881	3850	3881	3876	144	1358656	2109882
2012-07-17	3876	3932	3952	3751	3838	3847	-29	5107070	1951086
2012-07-18	3847	3876	3908	3837	3891	3868	21	4903664	2091592
2012-07-19	3868	3934	3947	3891	3945	3924	56	3778866	2037774
2012-07-20	3924	3932	3999	3911	3997	3962	38	3812526	2186350
2012-07-23	3962	3948	3966	3873	3961	3935	-27	4017616	2074366
2012-07-24	3935	3778	3838	3778	3791	3806	-129	3586408	1843406
2012-07-25	3806	3750	3831	3737	3744	3796	-10	4772058	1763770
2012-07-26	3796	3799	3799	3752	3787	3777	-19	3584050	1881122
2012-07-27	3777	3768	3820	3745	3813	3778	1	3320266	1924754
2012-07-30	3778	3900	3929	3880	3929	3918	140	1551380	2028144
2012-07-31	3918	3918	4007	3910	4003	3968	50	3689814	2257532
2012-08-01	3968	4002	4048	3967	3974	4012	44	4122746	2221546
2012-08-02	4012	3948	3982	3918	3952	3950	-62	4863714	2302538
2012-08-03	3950	3930	3986	3888	3926	3939	-11	5037830	2346640
2012-08-06	3939	3900	3909	3842	3869	3863	-76	3455168	2270588
2012-08-07	3863	3866	3914	3830	3912	3867	4	4475904	2453854
2012-08-08	3867	3879	3886	3830	3835	3857	-10	3819214	2227580
2012-08-09	3857	3865	3884	3842	3861	3864	7	3144608	2138420
2012-08-10	3864	3937	3942	3900	3921	3921	57	3047880	2197404
2012-08-13	3921	3905	3910	3868	3868	3887	-34	2309012	2204618
2012-08-14	3887	3842	3871	3817	3870	3842	-45	2978566	2241964
2012-08-15	3842	3861	3938	3856	3927	3901	59	3520554	2374892
2012-08-16	3901	3941	3948	3884	3888	3908	7	2617216	2255654
2012-08-17	3908	3896	3915	3875	3900	3896	-12	2010334	2217714
2012-08-20	3896	3915	3969	3914	3956	3950	54	2860252	2404998
2012-08-21	3950	4000	4096	4000	4088	4057	107	3483306	2569800
2012-08-22	4057	4111	4144	4098	4134	4122	65	2820540	2532816
2012-08-23	4122	4151	4185	4116	4130	4146	24	3298936	2493654
2012-08-24	4146	4110	4189	4105	4187	4157	11	2734652	2612452
2012-08-27	4157	4230	4290	4215	4237	4249	92	3196404	2545154
2012-08-28	4249	4200	4230	4188	4202	4207	-42	2693302	2541258
2012-08-29	4207	4215	4263	4196	4260	4227	20	2968380	2572396
2012-08-30	4227	4270	4287	4217	4262	4255	28	3170010	2520434
2012-08-31	4255	4245	4253	4212	4235	4229	-26	2967250	2643374
2012-09-03	4229	4253	4361	4244	4341	4313	84	3112052	2573612
2012-09-04	4313	4336	4369	4323	4366	4346	33	2151336	2485108
2012-09-05	4346	4321	4335	4306	4312	4319	-27	1727916	2391172
2012-09-06	4319	4253	4257	4201	4237	4237	-82	1899362	2349262
2012-09-07	4237	4255	4275	4205	4212	4246	9	1992032	2322130
2012-09-10	4246	4205	4251	4190	4238	4227	-19	1574752	2309894
2012-09-11	4227	4210	4239	4152	4170	4185	-42	2463206	2223028
2012-09-12	4185	4159	4210	4155	4201	4185	0	2000566	2226770
2012-09-13	4185	4255	4275	4215	4219	4248	63	1696868	2155150
2012-09-14	4248	4250	4300	4231	4249	4254	6	1606458	2122522
2012-09-17	4254	4203	4210	4075	4083	4143	-111	2460894	2186828
2012-09-18	4143	4008	4050	3983	4002	4020	-123	2713544	2063482
2012-09-19	4020	4048	4065	4010	4040	4032	12	2018448	2059056
2012-09-20	4032	4052	4075	4001	4037	4042	10	2773738	2087850
2012-09-21	4042	3990	4020	3971	4013	3997	-45	2356428	2113874
2012-09-24	3997	3976	3979	3897	3961	3936	-61	3159918	2094940
2012-09-25	3936	3990	4020	3972	4000	3997	61	1914810	2053988
2012-09-26	3997	3978	3995	3961	3969	3975	-22	1358190	2001288
2012-09-27	3975	3934	3981	3934	3970	3956	-19	1296498	1843012
2012-09-28	3956	3978	3991	3946	3984	3965	9	1117478	1747002
2012-10-08	3965	3951	3962	3877	3878	3904	-61	1904024	1804112
2012-10-10	3899	3861	3865	3822	3835	3838	-61	1779530	1843358
2012-10-11	3838	3808	3879	3808	3839	3848	10	2040306	1817070
2012-10-12	3848	3851	3868	3781	3782	3825	-23	2321642	1767490
2012-10-15	3825	3712	3759	3678	3684	3713	-112	2030806	1732888
2012-10-16	3713	3708	3723	3686	3713	3706	-7	1819568	1705322
2012-10-17	3706	3680	3718	3656	3712	3688	-18	1978450	1816894
2012-10-18	3688	3729	3773	3724	3769	3752	64	1795350	1682474
2012-10-19	3752	3788	3798	3756	3785	3775	23	1359550	1688342
2012-10-22	3775	3788	3835	3779	3828	3812	37	1611354	1648878
2012-10-23	3812	3826	3831	3746	3750	3781	-31	1968706	1796066
2012-10-24	3781	3793	3826	3782	3809	3805	24	1681646	1689478
2012-10-25	3805	3810	3819	3773	3790	3793	-12	1447610	1691158
2012-10-26	3793	3785	3807	3757	3796	3783	-10	1164876	1652704
2012-10-29	3783	3780	3780	3726	3740	3742	-41	1358726	1664774
2012-10-30	3742	3728	3753	3713	3745	3730	-12	876546	1618322
2012-10-31	3730	3745	3769	3732	3768	3747	17	611400	1566706
2012-11-01	3747	3770	3850	3766	3845	3813	66	986704	1483008
2012-11-02	3813	3820	3825	3792	3806	3807	-6	617424	1422336
