2009-11-16	2813	2650	2869	2650	2868	2855	42	386	198
2009-11-17	2855	2879	2889	2860	2860	2872	17	170	254
2009-11-18	2872	2873	2908	2873	2904	2894	22	654	658
2009-11-19	2894	2900	2946	2898	2940	2922	28	384	792
2009-11-20	2922	2955	2976	2933	2959	2958	36	650	988
2009-11-23	2958	2970	3021	2970	3020	2999	41	684	1152
2009-11-24	2999	3006	3032	2967	2987	3004	5	782	1142
2009-11-25	3004	3005	3025	2990	3020	3012	8	418	1222
2009-11-26	3012	3020	3046	3016	3030	3032	20	822	1242
2009-11-27	3032	3016	3019	2926	2940	2979	-53	652	1256
2009-11-30	2979	3000	3034	3000	3030	3021	42	676	1060
2009-12-01	3021	3021	3049	3021	3035	3034	13	242	1030
2009-12-02	3034	3035	3054	3019	3043	3040	6	390	1168
2009-12-03	3040	3050	3050	3021	3026	3029	-11	266	1182
2009-12-04	3029	3026	3055	3025	3055	3041	12	454	1256
2009-12-07	3041	3039	3162	3039	3084	3089	48	918	1336
2009-12-08	3089	3101	3110	3067	3091	3088	-1	304	1348
2009-12-09	3088	3075	3075	3011	3018	3040	-48	676	1316
2009-12-10	3040	3017	3020	2958	2980	2988	-52	824	1516
2009-12-11	2988	2980	2998	2980	2987	2988	0	410	1470
2009-12-14	2988	2983	2999	2932	2974	2957	-31	686	1466
2009-12-15	2957	2980	3009	2980	3005	2998	41	490	1394
2009-12-16	2998	3005	3022	3003	3021	3014	16	562	1206
2009-12-17	3014	3044	3044	3002	3017	3021	7	226	1186
2009-12-18	3021	2995	2995	2963	2978	2979	-42	472	1248
2009-12-21	2979	2979	2984	2963	2974	2973	-6	332	1238
2009-12-22	2973	2971	2983	2955	2970	2974	1	474	1394
2009-12-23	2974	2970	2977	2946	2958	2961	-13	408	1372
2009-12-24	2961	2958	2990	2935	2990	2979	18	228	1344
2009-12-25	2979	2979	2999	2975	2983	2989	10	116	1338
2009-12-28	2989	2987	3026	2987	3021	3010	21	274	1346
2009-12-29	3010	3027	3035	3012	3018	3023	13	164	1290
2009-12-30	3023	3018	3018	3000	3006	3006	-17	174	1248
2009-12-31	3006	3015	3035	3015	3035	3022	16	228	1170
2010-01-04	3022	3039	3066	3039	3055	3056	34	292	1196
2010-01-05	3056	3050	3066	3050	3055	3058	2	164	1220
2010-01-06	3058	3058	3093	3058	3074	3076	18	274	1216
2010-01-07	3076	3085	3099	2962	3008	3027	-49	826	1264
2010-01-08	3027	2992	3008	2951	2986	2980	-47	360	1290
2010-01-11	2980	3008	3020	3004	3010	3010	30	226	1318
2010-01-12	3010	2983	2990	2960	2970	2976	-34	596	1474
2010-01-13	2976	2908	2912	2867	2883	2892	-84	782	1442
2010-01-14	2892	2892	2918	2892	2903	2906	14	284	1464
2010-01-15	2906	2900	2922	2898	2910	2913	7	460	1500
2010-01-18	2913	2900	2916	2900	2910	2911	-2	326	1424
2010-01-19	2911	2919	2923	2912	2917	2918	7	284	1384
2010-01-20	2918	2915	2915	2871	2877	2889	-29	232	1324
2010-01-21	2889	2875	2891	2870	2891	2881	-8	268	1272
2010-01-22	2881	2828	2891	2828	2878	2875	-6	15634	1294
2010-01-25	2875	2880	2895	2875	2881	2887	12	368	1422
2010-01-26	2887	2879	2888	2858	2858	2867	-20	340	1366
2010-01-27	2867	2875	2878	2865	2874	2871	4	192	1458
2010-01-28	2871	2833	2849	2824	2828	2834	-37	516	1428
2010-01-29	2834	2828	2837	2802	2802	2823	-11	254	1312
2010-02-01	2823	2779	2790	2736	2736	2753	-70	216	1260
2010-02-02	2753	2765	2765	2703	2708	2731	-22	180	1238
2010-02-03	2731	2730	2762	2730	2762	2744	13	114	1250
2010-02-04	2744	2728	2747	2718	2738	2740	-4	114	1316
2010-02-05	2740	2745	2763	2740	2745	2748	8	222	1296
2010-02-08	2748	2790	2790	2729	2779	2772	24	140	1330
2010-02-09	2772	2798	2798	2758	2778	2773	1	132	1292
2010-02-10	2773	2778	2784	2748	2761	2761	-12	196	1360
2010-02-11	2761	2761	2824	2761	2806	2806	45	220	1232
2010-02-12	2806	2792	2809	2785	2791	2794	-12	88	1196
2010-02-22	2794	2807	2838	2807	2838	2801	7	6470	1178
2010-02-23	2801	2844	2888	2831	2883	2865	64	214	1174
2010-02-24	2865	2882	2882	2867	2874	2866	1	36430	1358
2010-02-25	2866	2879	2884	2846	2855	2862	-4	230	1408
2010-02-26	2862	2835	2849	2827	2838	2837	-25	358	1534
2010-03-01	2837	2868	2875	2853	2869	2865	28	262	1502
2010-03-02	2865	2860	2860	2831	2837	2849	-16	302	1596
2010-03-03	2849	2854	2861	2843	2853	2853	4	286	1516
2010-03-04	2853	2840	2842	2798	2803	2818	-35	142	1552
2010-03-05	2818	2789	2800	2772	2794	2785	-33	94	1548
2010-03-08	2785	2800	2819	2792	2819	2803	18	142	1536
2010-03-09	2803	2807	2823	2795	2813	2813	10	452	1572
2010-03-10	2813	2803	2811	2795	2806	2808	-5	176	1680
2010-03-11	2808	2824	2888	2790	2805	2820	12	250	1684
2010-03-12	2820	2773	2779	2760	2764	2769	-51	442	1842
2010-03-15	2769	2763	2772	2753	2767	2764	-5	116	1820
2010-03-16	2764	2776	2808	2770	2808	2795	31	418	1794
2010-03-17	2795	2819	2829	2811	2819	2822	27	858	2186
2010-03-18	2822	2826	2826	2808	2811	2814	-8	148	2190
2010-03-19	2814	2824	2848	2814	2839	2837	23	1058	1876
2010-03-22	2837	2837	2845	2825	2840	2836	-1	386	1836
2010-03-23	2836	2841	2849	2836	2838	2837	1	13364	1764
2010-03-24	2837	2837	2837	2815	2821	2824	-13	218	1700
2010-03-25	2824	2821	2837	2821	2831	2829	5	96	1706
2010-03-26	2829	2829	2829	2808	2826	2821	-8	470	1856
2010-03-29	2821	2820	2848	2820	2840	2838	17	280	1856
2010-03-30	2838	2840	2875	2840	2854	2860	22	276	1838
2010-03-31	2860	2859	2864	2848	2857	2855	-5	210	1772
2010-04-01	2855	2830	2833	2802	2829	2824	-31	300	1782
2010-04-02	2824	2836	2842	2830	2837	2836	12	130	1808
2010-04-06	2836	2845	2851	2830	2840	2841	5	122	1874
2010-04-07	2841	2831	2857	2831	2857	2851	10	70	1906
2010-04-08	2851	2859	2865	2844	2845	2851	0	92	1924
2010-04-09	2851	2834	2850	2834	2850	2844	-7	166	1942
2010-04-12	2844	2857	2874	2851	2863	2867	23	440	2082
2010-04-13	2867	2867	2981	2808	2879	2871	4	726	2050
2010-04-14	2871	2882	2985	2882	2896	2916	45	868	2184
2010-04-15	2916	2890	2902	2880	2880	2891	-25	450	2204
2010-04-16	2891	2890	2911	2888	2904	2899	8	408	2116
2010-04-19	2899	2895	2925	2870	2882	2889	-10	518	2110
2010-04-20	2889	2895	2925	2890	2917	2911	22	1630	2420
2010-04-21	2911	2910	2938	2910	2911	2916	5	1158	2426
2010-04-22	2916	2928	2928	2911	2913	2914	-2	318	2404
2010-04-23	2914	2915	2940	2915	2931	2929	15	744	2320
2010-04-26	2929	2944	2955	2932	2950	2944	15	974	2350
2010-04-27	2944	2937	2941	2926	2936	2934	-10	232	2344
2010-04-28	2934	2910	2920	2890	2914	2904	-30	904	2220
2010-04-29	2904	2908	2925	2908	2919	2921	17	154	2216
2010-04-30	2921	2921	2930	2906	2930	2922	1	262	2200
2010-05-04	2922	2916	2928	2910	2925	2920	-2	712	2296
2010-05-05	2920	2925	2935	2916	2930	2929	9	722	2296
2010-05-06	2929	2925	2930	2882	2903	2913	-16	1072	2342
2010-05-07	2913	2880	2893	2855	2865	2867	-46	934	2290
2010-05-10	2867	2880	2900	2865	2898	2884	17	584	2140
2010-05-11	2884	2894	2897	2875	2882	2886	2	404	2230
2010-05-12	2886	2888	2907	2888	2891	2900	14	548	2116
2010-05-13	2900	2900	2908	2889	2908	2900	0	808	2332
2010-05-14	2900	2899	2910	2871	2882	2883	-17	852	2228
2010-05-17	2883	2870	2883	2822	2840	2849	-34	1082	2258
2010-05-18	2849	2845	2864	2832	2858	2852	3	720	2204
2010-05-19	2852	2846	2864	2833	2842	2846	-6	510	2320
2010-05-20	2846	2852	2865	2836	2841	2849	3	934	2230
2010-05-21	2849	2832	2854	2825	2852	2841	-8	510	2216
2010-05-24	2841	2857	2954	2853	2870	2894	53	1212	2466
2010-05-25	2894	2855	2858	2837	2838	2846	-48	410	2404
2010-05-26	2846	2832	2850	2821	2830	2829	-17	698	2142
2010-05-27	2829	2829	2836	2821	2827	2826	-3	378	2170
2010-05-28	2826	2852	2852	2821	2826	2830	4	140	2158
2010-05-31	2830	2808	2814	2788	2805	2805	-25	1154	2582
2010-06-01	2805	2804	2804	2778	2786	2788	-17	1156	2268
2010-06-02	2788	2790	2790	2775	2787	2784	-4	336	2184
2010-06-03	2784	2786	2797	2785	2789	2789	5	322	2214
2010-06-04	2789	2815	2815	2797	2802	2804	15	466	2060
2010-06-07	2804	2775	2775	2758	2759	2765	-39	424	2132
2010-06-08	2765	2752	2770	2742	2750	2752	-13	384	1972
2010-06-09	2752	2733	2753	2721	2734	2729	-23	496	1916
2010-06-10	2729	2736	2743	2732	2733	2736	7	278	1902
2010-06-11	2736	2740	2740	2718	2720	2726	-10	182	1904
2010-06-17	2726	2735	2752	2735	2740	2742	16	284	1902
2010-06-18	2742	2740	2765	2740	2763	2755	13	224	1910
2010-06-21	2755	2770	2818	2770	2818	2801	46	564	1912
2010-06-22	2801	2812	2814	2791	2811	2809	8	238	1904
2010-06-23	2809	2811	2839	2798	2814	2808	-1	544	1904
2010-06-24	2808	2818	2846	2805	2807	2819	11	1162	1960
2010-06-25	2819	2830	2830	2800	2806	2807	-12	320	1900
2010-06-28	2807	2807	2813	2804	2804	2808	1	182	1858
2010-06-29	2808	2801	2816	2788	2804	2806	-2	412	1834
2010-06-30	2806	2805	2805	2782	2792	2790	-16	286	1754
2010-07-01	2790	2787	2798	2785	2792	2790	0	140	1728
2010-07-02	2790	2801	2815	2799	2814	2805	15	394	1738
2010-07-05	2805	2825	2825	2802	2812	2814	9	644	1774
2010-07-06	2814	2818	2820	2808	2814	2813	-1	516	1738
2010-07-07	2813	2818	2822	2808	2818	2816	3	398	1638
2010-07-08	2816	2823	2848	2823	2845	2840	24	570	1458
2010-07-09	2840	2880	2880	2860	2876	2869	29	236	1418
2010-07-12	2869	2899	2899	2868	2874	2886	17	244	1420
2010-07-13	2886	2868	2886	2868	2884	2882	-4	432	1122
2010-07-14	2882	2895	2895	2882	2892	2891	9	206	1130
2010-07-15	2891	2896	2910	2891	2896	2900	9	144	1118
2010-07-16	2900	2928	2940	2906	2940	2926	26	1078	642
2010-07-19	2926	2929	2942	2918	2936	2933	7	346	564
2010-07-20	2933	2915	2933	2914	2931	2924	-9	258	542
2010-07-21	2924	2938	2943	2925	2934	2933	9	266	584
2010-07-22	2933	2932	2942	2931	2939	2937	4	224	566
2010-07-23	2937	2931	2957	2930	2943	2940	3	192	552
2010-07-26	2940	2931	2955	2925	2953	2944	4	876	394
2010-07-27	2944	2943	2943	2924	2932	2933	-11	116	356
2010-07-28	2933	2925	2952	2925	2951	2939	6	42	354
2010-07-29	2939	3009	3009	2959	2977	2976	37	272	372
2010-07-30	2976	2977	3027	2977	3010	3004	28	312	338
2010-08-02	3004	3010	3105	3010	3105	3089	85	622	342
2010-08-03	3089	3100	3118	3050	3094	3102	13	1480	320
2010-08-04	3102	3094	3116	3094	3111	3106	4	492	238
2010-08-05	3106	3145	3145	3073	3114	3100	-6	864	286
2010-08-06	3100	3142	3142	3113	3131	3124	24	164	268
2010-08-09	3124	3118	3193	3112	3162	3149	25	392	310
2010-08-10	3149	3151	3163	3124	3141	3144	-5	264	274
2010-08-11	3144	3145	3149	3140	3148	3146	2	110	244
2010-08-12	3146	3140	3163	3123	3138	3143	-3	598	304
2010-08-13	3143	3160	3199	3156	3173	3169	26	228	282
2010-08-16	3169	3187	3206	3151	3154	3175	6	474	262
2010-08-17	3175	3128	3161	3128	3131	3142	-33	582	272
2010-08-18	3142	3146	3158	3132	3143	3144	2	302	274
2010-08-19	3144	3141	3144	3133	3135	3138	-6	108	226
2010-08-20	3138	3130	3130	3090	3102	3109	-29	158	192
2010-08-23	3109	3092	3112	3091	3112	3103	-6	50	196
2010-08-24	3103	3100	3109	3082	3097	3099	-4	30	194
2010-08-25	3099	3082	3103	3081	3081	3088	-11	46	184
2010-08-26	3088	3104	3106	3097	3104	3103	15	22	182
2010-08-27	3103	3127	3149	3126	3149	3129	26	18	178
2010-08-30	3129	3152	3177	3127	3133	3140	11	64	172
2010-08-31	3140	3130	3130	3086	3101	3097	-43	124	178
2010-09-01	3097	3088	3118	3070	3118	3103	6	112	172
2010-09-02	3103	3119	3148	3118	3119	3124	21	82	134
2010-09-03	3124	3158	3158	3136	3149	3145	21	14	130
2010-09-06	3145	3145	3202	3145	3189	3172	27	72	84
2010-09-07	3172	3222	3222	3172	3201	3188	16	60	100
2010-09-08	3188	3212	3212	3178	3178	3186	-2	22	104
2010-09-09	3186	3186	3186	3115	3148	3141	-45	66	116
2010-09-10	3141	3148	3156	3148	3153	3152	11	6	114
2010-09-13	3152	3125	3145	3055	3145	3114	-38	50	116
2010-09-14	3114	3147	3188	3147	3153	3161	47	34	118
2010-09-15	3161	3161	3185	3146	3185	3160	-1	28	110
2010-09-16	3160	3190	3215	3173	3215	3198	38	302	310
2010-09-17	3198	3198	3249	3198	3239	3238	40	42	302
2010-09-20	3238	3349	3367	3308	3367	3335	97	36	284
2010-09-21	3335	3490	3490	3336	3400	3369	34	214	296
2010-09-27	3369	3534	3534	3427	3505	3506	137	30	302
2010-09-28	3506	3456	3505	3456	3500	3480	-26	74	298
2010-09-29	3480	3479	3488	3412	3428	3444	-36	68	300
2010-09-30	3444	3392	3500	3392	3500	3465	21	142	358
2010-10-08	3465	3455	3455	3382	3386	3415	-50	170	412
2010-10-11	3415	3545	3551	3471	3551	3542	127	76	388
2010-10-12	3542	3456	3556	3456	3500	3507	-35	74	376
2010-10-13	3507	3450	3600	3450	3524	3525	18	10	374
2010-10-14	3525	3580	3580	3580	3580	3580	55	2	376
2010-10-15	3580	3580	3590	3480	3530	3557	-23	18	370
2010-10-18	3557	3540	3540	3499	3500	3517	-40	14	364
2010-10-19	3517	3529	3529	3500	3505	3512	-5	8	364
2010-10-20	3512	3381	3495	3381	3495	3429	-83	8	360
2010-10-21	3429	3451	3549	3451	3499	3488	59	18	358
2010-10-22	3488	3440	3500	3440	3500	3484	-4	8	354
2010-10-25	3484	3580	3580	3480	3495	3511	27	72	342
2010-10-26	3511	3570	3570	3472	3480	3490	-21	34	350
2010-10-27	3490	3420	3420	3420	3420	3420	-70	6	350
2010-10-28	3420	3330	3400	3330	3400	3376	-44	18	338
2010-10-29	3376	3480	3480	3350	3350	3376	0	32	318
2010-11-01	3376	-	-	-	3376	3376	0	0	318
2010-11-02	3376	-	-	-	3376	3376	0	0	318
2010-11-03	3376	-	-	-	3376	3376	0	0	318
2010-11-04	3376	-	-	-	3376	3376	0	0	318
2010-11-05	3376	-	-	-	3376	3376	0	0	318
2010-11-08	3376	-	-	-	3376	3376	0	0	318
2010-11-09	3376	-	-	-	3376	3376	0	0	318
2010-11-10	3376	-	-	-	3376	3376	0	0	318
2010-11-11	3376	-	-	-	3376	3376	0	0	318
2010-11-12	3376	-	-	-	3376	3376	0	8	0
