2011-08-15	3266	3387	3387	3302	3340	3344	78	16	2
2011-08-16	3344	3359	3359	3359	3359	3359	15	2	2
2011-08-17	3359	-	-	-	3359	3359	0	0	2
2011-08-18	3359	3338	3338	3319	3333	3327	-32	8	4
2011-08-19	3327	3355	3355	3354	3354	3354	27	6	2
2011-08-22	3354	-	-	-	3354	3354	0	0	2
2011-08-23	3354	3354	3363	3354	3363	3357	3	6	6
2011-08-24	3357	3360	3420	3360	3398	3384	27	18	8
2011-08-25	3384	-	-	-	3384	3384	0	0	8
2011-08-26	3384	-	-	-	3384	3384	0	0	8
2011-08-29	3384	3380	3428	3380	3414	3413	29	16	8
2011-08-30	3413	3429	3437	3404	3424	3419	6	18	10
2011-08-31	3419	3438	3458	3438	3440	3448	29	28	20
2011-09-01	3448	3441	3441	3441	3441	3441	-7	2	20
2011-09-02	3441	3472	3472	3425	3429	3439	-2	20	18
2011-09-05	3439	3457	3459	3435	3435	3442	3	20	28
2011-09-06	3442	3413	3413	3401	3412	3408	-34	26	34
2011-09-07	3408	3412	3433	3412	3433	3418	10	10	34
2011-09-08	3418	3412	3412	3396	3409	3408	-10	26	36
2011-09-09	3408	3411	3411	3411	3411	3411	3	2	36
2011-09-13	3411	3399	3399	3356	3371	3377	-34	8	38
2011-09-14	3377	3362	3366	3348	3348	3358	-19	20	42
2011-09-15	3358	3331	3342	3330	3336	3336	-22	10	46
2011-09-16	3336	3336	3336	3308	3314	3317	-19	30	46
2011-09-19	3317	3314	3320	3278	3278	3297	-20	20	48
2011-09-20	3297	3278	3290	3278	3290	3283	-14	8	44
2011-09-21	3283	3273	3274	3262	3269	3267	-16	22	44
2011-09-22	3267	3210	3210	3210	3210	3210	-57	2	44
2011-09-23	3210	3220	3220	3080	3117	3131	-79	50	50
2011-09-26	3131	3078	3121	3031	3031	3080	-51	20	52
2011-09-27	3080	3080	3131	3080	3131	3108	28	10	48
2011-09-28	3108	3079	3079	3079	3079	3079	-29	2	48
2011-09-29	3079	2952	2952	2952	2952	2952	-127	2	46
2011-09-30	2952	3076	3076	3036	3047	3058	106	10	44
2011-10-10	3058	3024	3024	3024	3024	3024	-34	2	46
2011-10-11	3024	3001	3001	2971	2971	2986	-38	8	44
2011-10-12	2986	3135	3135	2985	3035	3033	47	76	46
2011-10-13	3033	3002	3069	3002	3062	3042	9	102	80
2011-10-14	3042	3077	3080	3076	3080	3077	35	14	72
2011-10-17	3077	3086	3087	3061	3061	3078	1	6	72
2011-10-18	3078	3031	3048	3011	3011	3032	-46	14	76
2011-10-19	3032	3037	3044	3024	3026	3034	2	18	70
2011-10-20	3034	3018	3018	2968	2986	2985	-49	10	70
2011-10-21	2985	2998	3040	2998	3035	3025	40	12	70
2011-10-24	3025	3054	3085	3054	3073	3069	44	18	66
2011-10-25	3069	3064	3067	3057	3065	3064	-5	18	66
2011-10-26	3064	3035	3046	3035	3046	3041	-23	10	64
2011-10-27	3041	3069	3069	3052	3052	3062	21	8	64
2011-10-28	3062	3068	3075	3058	3058	3067	5	14	66
2011-10-31	3067	3025	3025	2996	3020	3017	-50	16	60
2011-11-01	3017	3013	3038	3011	3020	3023	6	14	62
2011-11-02	3023	3027	3027	2990	3017	3013	-10	54	72
2011-11-03	3013	3014	3020	3010	3010	3013	0	12	74
2011-11-04	3013	3036	3045	3030	3034	3036	23	16	70
2011-11-07	3036	3045	3045	2999	3003	3013	-23	42	76
2011-11-08	3013	2991	3008	2991	3008	2997	-16	16	76
2011-11-09	2997	3002	3030	3002	3002	3007	10	18	74
2011-11-10	3007	2946	2956	2934	2941	2942	-65	38	60
2011-11-11	2942	2940	2940	2938	2938	2938	-4	6	58
2011-11-14	2938	2952	2957	2945	2957	2953	15	14	58
2011-11-15	2953	2942	2942	2942	2942	2942	-11	2	58
2011-11-16	2942	-	-	-	2942	2942	0	0	58
2011-11-17	2942	2911	2945	2911	2933	2932	-10	8	58
2011-11-18	2932	2906	2913	2901	2901	2909	-23	22	56
2011-11-21	2909	2930	2930	2895	2895	2910	1	10	56
2011-11-22	2910	2890	2890	2841	2841	2859	-51	58	66
2011-11-23	2859	2831	2850	2831	2832	2836	-23	12	64
2011-11-24	2836	2880	2880	2783	2801	2813	-23	34	70
2011-11-25	2813	2812	2812	2794	2794	2801	-12	6	68
2011-11-28	2801	2812	2830	2812	2817	2818	17	18	66
2011-11-29	2818	2800	2834	2800	2834	2815	-3	36	66
2011-11-30	2815	2825	2825	2815	2815	2820	5	10	66
2011-12-01	2820	2850	2863	2848	2862	2852	32	42	52
2011-12-02	2852	2844	2857	2835	2851	2846	-6	22	52
2011-12-05	2846	2859	2859	2851	2851	2853	7	28	46
2011-12-06	2853	2836	2837	2835	2837	2836	-17	12	38
2011-12-07	2836	2851	2851	2851	2851	2851	15	2	38
2011-12-08	2851	2820	2851	2820	2851	2835	-16	4	38
2011-12-09	2835	2823	2853	2823	2848	2843	8	14	38
2011-12-12	2843	2843	2847	2783	2810	2820	-23	32	40
2011-12-13	2820	-	-	-	2820	2820	0	0	40
2011-12-14	2820	2821	2821	2810	2810	2815	-5	4	42
2011-12-15	2815	2807	2836	2797	2836	2813	-2	58	50
2011-12-16	2813	2841	2841	2841	2841	2841	28	2	50
2011-12-19	2841	2850	2884	2844	2871	2871	30	16	52
2011-12-20	2871	2880	2884	2876	2878	2880	9	40	52
2011-12-21	2880	2940	2940	2886	2893	2898	18	20	52
2011-12-22	2898	2888	2906	2888	2905	2898	0	12	54
2011-12-23	2898	2912	2924	2912	2913	2915	17	8	54
2011-12-26	2915	2919	2946	2894	2899	2909	-6	20	54
2011-12-27	2909	2905	2905	2905	2905	2905	-4	2	52
2011-12-28	2905	2967	2968	2927	2968	2955	50	60	66
2011-12-29	2955	2967	2970	2961	2961	2965	10	8	60
2011-12-30	2965	2955	2968	2955	2964	2961	-4	20	60
2012-01-04	2961	2999	2999	2983	2992	2993	32	34	56
2012-01-05	2993	2984	2987	2984	2987	2985	-8	16	50
2012-01-06	2985	2964	2973	2964	2967	2968	-17	6	50
2012-01-09	2968	2956	2967	2956	2967	2959	-9	16	40
2012-01-10	2959	-	-	-	2959	2959	0	0	40
2012-01-11	2959	2994	2994	2982	2982	2988	29	24	42
2012-01-12	2988	3032	3032	2964	2967	2973	-15	24	42
2012-01-13	2973	2944	2944	2944	2944	2944	-29	4	38
2012-01-16	2944	2903	2903	2892	2901	2899	-45	8	38
2012-01-17	2899	2910	2910	2910	2910	2910	11	2	38
2012-01-18	2910	2910	2927	2910	2922	2916	6	12	38
2012-01-19	2916	2929	2929	2929	2929	2929	13	2	36
2012-01-20	2929	2957	2957	2957	2957	2957	28	2	38
2012-01-30	2957	-	-	-	2957	2957	0	0	38
2012-01-31	2957	2949	2967	2949	2967	2957	0	22	38
2012-02-01	2957	2967	2998	2967	2982	2990	33	120	36
2012-02-02	2990	2992	2992	2972	2978	2979	-11	14	40
2012-02-03	2979	3003	3003	2976	2976	2983	4	10	36
2012-02-06	2983	3029	3029	3011	3025	3020	37	16	36
2012-02-07	3020	3002	3028	3002	3014	3019	-1	18	36
2012-02-08	3019	3029	3030	3013	3030	3023	4	22	34
2012-02-09	3023	3017	3021	3012	3012	3016	-7	22	30
2012-02-10	3016	2987	2987	2976	2976	2981	-35	6	28
2012-02-13	2981	2991	3017	2991	3017	3006	25	24	32
2012-02-14	3006	3030	3030	3030	3030	3030	24	4	30
2012-02-15	3030	3031	3031	3026	3026	3028	-2	4	32
2012-02-16	3028	3029	3029	3009	3009	3020	-8	12	30
2012-02-17	3020	3055	3059	3055	3059	3057	37	4	32
2012-02-20	3057	3087	3087	3074	3074	3077	20	8	34
2012-02-21	3077	3063	3095	3063	3081	3078	1	18	34
2012-02-22	3078	3072	3074	3060	3071	3067	-11	38	34
2012-02-23	3067	3067	3069	3058	3069	3064	-3	8	30
2012-02-24	3064	3085	3085	3074	3075	3078	14	10	30
2012-02-27	3078	3093	3108	3090	3097	3097	19	38	30
2012-02-28	3097	3100	3122	3100	3122	3114	17	12	32
2012-02-29	3114	3137	3137	3121	3132	3128	14	44	26
2012-03-01	3128	3132	3139	3118	3120	3130	2	18	26
2012-03-02	3130	3186	3189	3143	3163	3167	37	100	52
2012-03-05	3167	3173	3196	3173	3190	3184	17	50	52
2012-03-06	3184	3195	3195	3166	3180	3178	-6	66	40
2012-03-07	3178	3182	3182	3170	3171	3174	-4	32	38
2012-03-08	3174	3162	3176	3139	3175	3157	-17	92	42
2012-03-09	3157	3161	3205	3161	3205	3187	30	32	46
2012-03-12	3187	3176	3176	3155	3161	3162	-25	72	66
2012-03-19	3207	3208	3219	3208	3219	3218	11	34	76
2012-03-20	3218	3199	3199	3058	3181	3168	-50	68	48
2012-03-21	3168	3137	3178	3137	3168	3165	-3	26	44
2012-03-22	3165	3193	3193	3180	3183	3184	19	18	36
2012-03-23	3184	3167	3297	3167	3297	3221	37	54	56
2012-03-26	3221	3275	3275	3239	3263	3249	28	48	36
2012-03-27	3249	3267	3271	3261	3270	3264	15	30	34
2012-03-28	3264	3266	3284	3266	3276	3277	13	20	32
2012-03-29	3277	3266	3274	3262	3262	3269	-8	50	28
2012-03-30	3269	3254	3254	3073	3244	3235	-34	928	352
2012-04-05	3235	3346	3390	3333	3390	3349	114	66	348
2012-04-06	3349	3401	3405	3391	3391	3395	46	42	346
2012-04-09	3395	3394	3400	3385	3392	3391	-4	12	346
2012-04-10	3391	3381	3391	3380	3391	3385	-6	8	346
2012-04-11	3385	3343	3375	3343	3362	3363	-22	38	344
2012-04-12	3363	3341	3369	3341	3351	3355	-8	16	344
2012-04-13	3355	3389	3389	3380	3388	3385	30	26	342
2012-04-16	3385	3351	3361	3341	3350	3347	-38	370	286
2012-04-17	3347	3365	3374	3365	3370	3368	21	12	288
2012-04-18	3368	3412	3412	3339	3357	3379	11	86	298
2012-04-19	3379	3344	3359	3330	3350	3344	-35	72	292
2012-04-20	3344	3359	3367	3355	3356	3359	15	18	290
2012-04-23	3359	3415	3415	3393	3398	3400	41	44	288
2012-04-24	3400	3381	3388	3370	3373	3379	-21	116	294
2012-04-25	3379	3384	3390	3384	3390	3385	6	66	236
2012-04-26	3385	3372	3372	3372	3372	3372	-13	2	236
2012-04-27	3372	3379	3418	3379	3418	3406	34	30	242
2012-05-02	3406	3416	3424	3416	3420	3421	15	20	242
2012-05-03	3421	3430	3434	3421	3421	3426	5	36	256
2012-05-04	3426	3395	3450	3305	3443	3419	-7	340	330
2012-05-07	3419	3454	3471	3431	3434	3454	35	510	528
2012-05-08	3454	3425	3442	3425	3433	3436	-18	236	504
2012-05-09	3436	3385	3414	3371	3398	3402	-34	134	466
2012-05-10	3402	3410	3413	3391	3413	3402	0	82	462
2012-05-11	3402	3419	3419	3378	3379	3395	-7	120	460
2012-05-14	3395	3340	3382	3305	3313	3328	-67	408	438
2012-05-15	3328	3308	3340	3285	3308	3314	-14	338	272
2012-05-16	3314	3295	3314	3232	3232	3277	-37	218	166
2012-05-17	3277	3272	3313	3265	3307	3283	6	46	160
2012-05-18	3283	3283	3331	3282	3295	3297	14	50	158
2012-05-21	3297	3282	3315	3282	3300	3302	5	40	164
2012-05-22	3302	3329	3329	3284	3284	3299	-3	22	150
2012-05-23	3299	3212	3270	3212	3242	3238	-61	54	170
2012-05-24	3238	3220	3289	3220	3266	3253	15	336	194
2012-05-25	3253	3294	3295	3251	3269	3267	14	28	186
2012-05-28	3267	3269	3292	3244	3291	3268	1	44	198
2012-05-29	3268	3288	3303	3275	3300	3286	18	16	194
2012-05-30	3286	3298	3312	3298	3299	3303	17	10	192
2012-05-31	3303	3287	3287	3276	3277	3279	-24	18	182
2012-06-01	3279	3224	3240	3224	3239	3235	-44	24	180
2012-06-04	3235	3231	3243	3215	3215	3228	-7	12	176
2012-06-05	3228	3244	3268	3235	3267	3250	22	24	170
2012-06-06	3250	3271	3298	3271	3298	3287	37	6	172
2012-06-07	3287	3347	3347	3327	3331	3336	49	8	170
2012-06-08	3336	3337	3337	3337	3337	3337	1	2	172
2012-06-11	3337	3386	3410	3386	3410	3391	54	14	170
2012-06-12	3391	3390	3395	3366	3391	3390	-1	68	112
2012-06-13	3390	3388	3388	3386	3386	3386	-4	6	110
2012-06-14	3386	3366	3366	3355	3359	3360	-26	8	108
2012-06-15	3360	3366	3366	3366	3366	3366	6	2	110
2012-06-18	3366	3398	3399	3368	3375	3379	13	50	98
2012-06-19	3379	3408	3476	3408	3463	3465	86	32	100
2012-06-20	3465	3530	3530	3524	3524	3527	62	4	104
2012-06-21	3527	3528	3528	3466	3470	3486	-41	20	104
2012-06-25	3486	3528	3560	3512	3540	3535	49	40	100
2012-06-26	3535	3528	3539	3528	3539	3537	2	22	94
2012-06-27	3537	3528	3528	3528	3528	3528	-9	2	94
2012-06-28	3528	-	-	-	3528	3528	0	0	94
2012-06-29	3528	3455	3551	3455	3492	3488	-40	8	92
2012-07-02	3488	3536	3579	3520	3520	3534	46	60	100
2012-07-03	3534	3506	3506	3502	3502	3505	-29	10	102
2012-07-04	3505	3545	3546	3533	3546	3543	38	26	104
2012-07-05	3543	3620	3639	3620	3639	3634	91	16	94
2012-07-06	3634	-	-	-	3634	3634	0	0	94
2012-07-09	3634	3655	3756	3655	3756	3700	66	8	92
2012-07-10	3700	3700	3789	3691	3691	3726	26	6	92
2012-07-11	3726	3776	3864	3775	3780	3791	65	12	90
2012-07-12	3791	3847	3847	3730	3731	3766	-25	8	86
2012-07-13	3766	3766	3909	3731	3775	3771	5	50	44
2012-07-16	3771	3921	3921	3921	3921	3921	150	2	44
2012-07-17	3921	4020	4055	3955	4018	3988	67	28	36
2012-07-18	3988	3989	3992	3925	3988	3977	-11	36	18
2012-07-19	3977	4097	4098	3983	4084	4067	90	26	22
2012-07-20	4067	-	-	-	4067	4067	0	0	22
2012-07-23	4067	4067	4228	4051	4186	4163	96	22	24
2012-07-24	4163	4096	4267	4090	4166	4148	-15	46	24
2012-07-25	4148	4210	4220	4190	4190	4202	54	8	24
2012-07-26	4202	4201	4249	4188	4188	4205	3	32	24
2012-07-27	4205	4091	4099	4037	4037	4067	-138	26	6
2012-07-30	4067	4220	4229	4220	4229	4224	157	4	2
2012-07-31	4224	4172	4172	4172	4172	4172	-52	2	0
2012-08-01	4172	-	-	-	4172	4172	0	0	0
2012-08-02	4172	-	-	-	4172	4172	0	0	0
2012-08-03	4172	-	-	-	4172	4172	0	0	0
2012-08-06	4172	-	-	-	4172	4172	0	0	0
2012-08-07	4172	-	-	-	4172	4172	0	0	0
2012-08-08	4172	-	-	-	4172	4172	0	0	0
2012-08-09	4172	-	-	-	4172	4172	0	0	0
2012-08-10	4172	-	-	-	4172	4172	0	0	0
2012-08-13	4172	-	-	-	4172	4172	0	0	0
2012-08-14	4172	-	-	-	4172	4172	0	0	0
