2010-05-18	2893	2831	2890	2817	2885	2877	-16	684	468
2010-05-19	2877	2880	2880	2852	2856	2864	-13	2664	2546
2010-05-20	2864	2854	2881	2854	2863	2869	5	1462	3214
2010-05-21	2869	2870	2871	2840	2858	2856	-13	2680	4748
2010-05-24	2856	2862	2870	2855	2862	2860	4	4636	7962
2010-05-25	2860	2849	2857	2830	2830	2839	-21	3432	9554
2010-05-26	2839	2835	2841	2816	2834	2829	-10	8548	14668
2010-05-27	2829	2831	2837	2825	2832	2829	0	8274	20032
2010-05-28	2829	2836	2842	2828	2830	2835	6	10688	23324
2010-05-31	2835	2820	2820	2799	2801	2806	-29	10204	28192
2010-06-01	2806	2803	2810	2796	2803	2803	-3	19158	39438
2010-06-02	2803	2798	2810	2793	2808	2804	1	8804	42010
2010-06-03	2804	2813	2822	2808	2820	2813	9	9798	43470
2010-06-04	2813	2840	2840	2822	2826	2828	15	11682	45918
2010-06-07	2828	2790	2790	2768	2776	2779	-49	15498	49962
2010-06-08	2779	2772	2784	2772	2783	2780	1	4994	49634
2010-06-09	2780	2777	2780	2758	2772	2766	-14	12290	53106
2010-06-10	2766	2776	2783	2768	2774	2775	9	11686	55404
2010-06-11	2775	2770	2776	2766	2770	2772	-3	7202	56166
2010-06-17	2772	2793	2798	2788	2792	2793	21	9578	57892
2010-06-18	2793	2795	2819	2795	2808	2806	13	18558	66628
2010-06-21	2806	2825	2866	2820	2864	2848	42	28364	78342
2010-06-22	2848	2846	2859	2844	2856	2851	3	13258	80144
2010-06-23	2851	2845	2861	2838	2848	2847	-4	27868	89078
2010-06-24	2847	2845	2846	2837	2838	2842	-5	27892	101614
2010-06-25	2842	2823	2834	2815	2819	2823	-19	40170	121846
2010-06-28	2823	2810	2818	2806	2807	2811	-12	47172	144956
2010-06-29	2811	2811	2817	2783	2798	2800	-11	57340	151896
2010-06-30	2800	2790	2793	2782	2788	2787	-13	50886	157722
2010-07-01	2787	2783	2793	2778	2788	2786	-1	55856	168414
2010-07-02	2786	2785	2800	2785	2799	2791	5	56028	179662
2010-07-05	2791	2796	2797	2775	2783	2784	-7	64712	194296
2010-07-06	2784	2775	2793	2771	2791	2780	-4	53642	202156
2010-07-07	2780	2786	2804	2786	2798	2794	14	110280	233178
2010-07-08	2794	2835	2839	2825	2831	2831	37	166648	285250
2010-07-09	2831	2844	2866	2834	2862	2852	21	310742	378938
2010-07-12	2852	2865	2870	2850	2850	2859	7	178064	392160
2010-07-13	2859	2855	2865	2838	2842	2851	-8	242462	450960
2010-07-14	2851	2847	2853	2841	2848	2846	-5	119556	468818
2010-07-15	2846	2855	2869	2846	2854	2859	13	252190	484750
2010-07-16	2859	2888	2920	2883	2918	2906	47	442296	541746
2010-07-19	2906	2911	2934	2905	2928	2923	17	662648	664290
2010-07-20	2923	2912	2917	2898	2911	2908	-15	697656	760064
2010-07-21	2908	2913	2921	2901	2907	2910	2	683212	820606
2010-07-22	2910	2910	2914	2889	2904	2902	-8	768084	853070
2010-07-23	2902	2905	2916	2895	2909	2908	6	760746	883496
2010-07-26	2908	2907	2934	2898	2926	2919	11	1125216	1008056
2010-07-27	2919	2906	2907	2870	2873	2883	-36	952082	999178
2010-07-28	2883	2879	2902	2875	2897	2888	5	607966	1025146
2010-07-29	2888	2918	2926	2903	2921	2915	27	761600	1020194
2010-07-30	2915	2930	2959	2928	2952	2949	34	922898	1062180
2010-08-02	2949	2981	3042	2981	3026	3020	71	1155712	1143126
2010-08-03	3020	3015	3020	2995	3004	3009	-11	861074	1123016
2010-08-04	3009	3014	3035	2998	3013	3015	6	996130	1120706
2010-08-05	3015	3031	3041	2960	2970	2994	-21	1171546	1068400
2010-08-06	2994	2985	3012	2960	3007	2985	-9	1183308	1097122
2010-08-09	2985	3010	3065	2992	3039	3034	49	2033894	1202900
2010-08-10	3034	3016	3028	2997	3005	3012	-22	1012186	1188358
2010-08-11	3012	2995	3030	2989	2997	3009	-3	1743702	1231028
2010-08-12	3009	2994	3012	2977	3002	3001	-8	1448014	1246426
2010-08-13	3001	3042	3054	3026	3051	3041	40	1427210	1307320
2010-08-16	3041	3051	3071	3042	3053	3057	16	1380334	1313748
2010-08-17	3057	3037	3043	3030	3042	3037	-20	805378	1324316
2010-08-18	3037	3066	3077	3020	3028	3053	16	1256960	1270772
2010-08-19	3053	3033	3039	3003	3021	3023	-30	842766	1259058
2010-08-20	3023	2996	2996	2967	2969	2979	-44	768902	1234720
2010-08-23	2979	2980	2989	2971	2985	2981	2	728154	1230790
2010-08-24	2981	2976	2992	2966	2967	2982	1	721440	1235712
2010-08-25	2982	2971	2975	2948	2951	2962	-20	678024	1225666
2010-08-26	2962	2961	2975	2958	2974	2967	5	518400	1214602
2010-08-27	2967	2988	3001	2981	3000	2992	25	730824	1221506
2010-08-30	2992	3022	3036	3015	3025	3026	34	597768	1228206
2010-08-31	3026	3000	3000	2972	2974	2982	-44	592522	1203252
2010-09-01	2982	2981	2992	2968	2985	2982	0	547598	1190336
2010-09-02	2982	2985	2990	2975	2984	2983	1	472150	1177830
2010-09-03	2983	2987	3034	2985	3027	3017	34	1293734	1284808
2010-09-06	3017	3062	3066	3043	3057	3055	38	798468	1283898
2010-09-07	3055	3065	3092	3048	3089	3069	14	1482228	1372972
2010-09-08	3069	3106	3109	3062	3069	3086	17	943344	1318608
2010-09-09	3086	3076	3084	2977	3042	3041	-45	1245432	1227874
2010-09-10	3041	3048	3054	3030	3044	3041	0	711374	1218676
2010-09-13	3041	3022	3050	3018	3049	3031	-10	787572	1229100
2010-09-14	3031	3041	3053	3034	3047	3042	11	765058	1239100
2010-09-15	3042	3058	3104	3054	3093	3080	38	1579870	1265898
2010-09-16	3080	3100	3128	3085	3106	3108	28	1643398	1279194
2010-09-17	3108	3116	3122	3092	3110	3106	-2	1111592	1205418
2010-09-20	3106	3190	3230	3181	3230	3217	111	532728	1233792
2010-09-21	3217	3228	3263	3202	3247	3230	13	2146292	1351684
2010-09-27	3230	3350	3380	3276	3283	3316	86	1307356	1328774
2010-09-28	3316	3266	3311	3256	3302	3288	-28	1001446	1378172
2010-09-29	3288	3260	3274	3188	3227	3222	-66	1552008	1394620
2010-09-30	3222	3218	3258	3210	3258	3238	16	1135056	1423274
2010-10-08	3238	3198	3225	3179	3184	3208	-30	1191518	1526974
2010-10-11	3208	3336	3336	3336	3336	3335	127	47414	1485586
2010-10-12	3335	3366	3412	3311	3391	3380	45	2384372	1603356
2010-10-13	3380	3400	3430	3381	3413	3403	23	1703484	1488076
2010-10-14	3403	3425	3433	3405	3409	3419	16	1231580	1402502
2010-10-15	3419	3420	3434	3386	3417	3412	-7	1139892	1336838
2010-10-18	3412	3370	3382	3325	3361	3359	-53	933188	1301274
2010-10-19	3359	3380	3395	3344	3361	3372	13	795030	1233832
2010-10-20	3372	3311	3369	3293	3348	3340	-32	801618	1123906
2010-10-21	3340	3399	3430	3366	3367	3400	60	882006	1059010
2010-10-22	3400	3367	3384	3336	3343	3360	-40	445126	1033382
2010-10-25	3360	3363	3388	3355	3376	3376	16	701812	932272
2010-10-26	3376	3380	3383	3315	3327	3351	-25	558890	901658
2010-10-27	3351	3360	3363	3228	3277	3297	-54	609998	827978
2010-10-28	3297	3300	3330	3290	3330	3313	16	477088	798420
2010-10-29	3313	3305	3336	3280	3299	3314	1	464952	765922
2010-11-01	3314	3328	3373	3318	3356	3351	37	351720	728820
2010-11-02	3351	3351	3357	3324	3329	3335	-16	235324	710602
2010-11-03	3335	3326	3346	3302	3312	3326	-9	224820	695030
2010-11-04	3326	3330	3357	3318	3356	3340	14	221308	669990
2010-11-05	3340	3415	3443	3400	3417	3422	82	513720	601374
2010-11-08	3422	3375	3447	3367	3422	3408	-14	479782	521110
2010-11-09	3408	3408	3446	3404	3438	3429	21	329634	494950
2010-11-10	3429	3476	3515	3443	3466	3490	61	380616	425796
2010-11-11	3490	3472	3498	3450	3471	3477	-13	234354	411938
2010-11-12	3477	3477	3477	3338	3398	3389	-88	731900	389898
2010-11-15	3389	3390	3420	3273	3366	3371	-18	524792	372766
2010-11-16	3371	3371	3389	3333	3340	3361	-10	214132	360348
2010-11-17	3361	3235	3241	3227	3227	3229	-132	76712	338912
2010-11-18	3229	3105	3246	3105	3229	3202	-27	228550	304278
2010-11-19	3202	3260	3262	3205	3248	3237	35	120014	294540
2010-11-22	3237	3199	3230	3198	3207	3217	-20	83110	286420
2010-11-23	3217	3238	3245	3194	3209	3222	5	116936	281668
2010-11-24	3222	3226	3244	3226	3243	3236	14	62384	276858
2010-11-25	3236	3260	3268	3239	3240	3255	19	59282	261756
2010-11-26	3255	3255	3255	3194	3195	3214	-41	45344	258642
2010-11-29	3214	3168	3196	3154	3191	3174	-40	52832	246866
2010-11-30	3174	3180	3200	3163	3187	3187	13	56058	229892
2010-12-01	3187	3187	3215	3176	3211	3198	11	30186	220146
2010-12-02	3198	3260	3263	3233	3244	3250	52	34736	216028
2010-12-03	3250	3245	3258	3232	3251	3247	-3	18840	213022
2010-12-06	3247	3270	3280	3255	3271	3269	22	22926	205916
2010-12-07	3269	3260	3276	3251	3269	3264	-5	24034	198822
2010-12-08	3264	3248	3260	3227	3233	3248	-16	20232	193020
2010-12-09	3248	3258	3264	3250	3253	3256	8	8830	190550
2010-12-10	3256	3250	3253	3242	3249	3247	-9	9646	187232
2010-12-13	3247	3235	3286	3227	3275	3265	18	25980	179774
2010-12-14	3265	3285	3330	3280	3322	3309	44	27482	171726
2010-12-15	3309	3228	3332	3228	3281	3301	-8	13584	170120
2010-12-16	3301	3303	3308	3283	3298	3296	-5	11882	168926
2010-12-17	3296	3290	3315	3290	3306	3306	10	7588	168138
2010-12-20	3306	3315	3340	3299	3316	3323	17	16500	163684
2010-12-21	3323	3330	3338	3320	3337	3330	7	8704	159804
2010-12-22	3330	3340	3347	3316	3319	3336	6	15926	149788
2010-12-23	3336	3320	3348	3320	3348	3337	1	15870	140628
2010-12-24	3337	3368	3385	3357	3373	3372	35	13138	137688
2010-12-27	3372	3351	3378	3351	3359	3367	-5	8970	135506
2010-12-28	3367	3388	3410	3388	3392	3402	35	15560	135546
2010-12-29	3402	3392	3395	3353	3360	3371	-31	5856	135230
2010-12-30	3371	3342	3397	3337	3392	3362	-9	7732	133168
2010-12-31	3362	3385	3404	3373	3393	3388	26	13996	131466
2011-01-04	3388	3391	3405	3379	3379	3388	0	8984	130188
2011-01-05	3388	3372	3372	3335	3343	3349	-39	8918	128086
2011-01-06	3349	3364	3384	3360	3379	3376	27	6544	127290
2011-01-07	3376	3361	3370	3331	3331	3351	-25	11796	124388
2011-01-10	3351	3338	3371	3338	3355	3357	6	5720	122670
2011-01-11	3357	3385	3387	3361	3371	3372	15	3004	122452
2011-01-12	3372	3355	3382	3352	3366	3366	-6	7130	120472
2011-01-13	3366	3446	3456	3416	3426	3427	61	16028	115378
2011-01-14	3427	3430	3470	3422	3469	3455	28	10878	110080
2011-01-17	3455	3488	3519	3470	3505	3498	43	10622	106292
2011-01-18	3498	3500	3513	3478	3510	3495	-3	4722	104812
2011-01-19	3495	3506	3513	3499	3506	3504	9	19664	89262
2011-01-20	3504	3499	3510	3475	3480	3493	-11	17912	81910
2011-01-21	3493	3478	3506	3472	3489	3494	1	11934	74560
2011-01-24	3494	3495	3533	3490	3522	3509	15	16320	61712
2011-01-25	3509	3509	3520	3460	3460	3498	-11	16696	49340
2011-01-26	3498	3452	3452	3397	3409	3416	-82	4388	48206
2011-01-27	3416	3434	3440	3414	3430	3426	10	2496	47724
2011-01-28	3426	3424	3434	3416	3416	3425	-1	1836	46900
2011-01-31	3425	3422	3445	3422	3441	3436	11	1706	46416
2011-02-01	3436	3431	3465	3431	3464	3453	17	2570	45412
2011-02-09	3453	3500	3500	3465	3480	3482	29	3646	45212
2011-02-10	3482	3482	3505	3472	3479	3492	10	5406	44382
2011-02-11	3492	3466	3489	3455	3487	3474	-18	4482	41546
2011-02-14	3474	3400	3488	3400	3470	3459	-15	4430	40828
2011-02-15	3459	3455	3457	3420	3420	3432	-27	3380	39848
2011-02-16	3432	3381	3403	3381	3403	3390	-42	1746	39450
2011-02-17	3390	3416	3416	3378	3381	3397	7	3204	37730
2011-02-18	3397	3409	3419	3397	3399	3406	9	1160	37016
2011-02-21	3406	3399	3399	3370	3385	3394	-12	1458	35916
2011-02-22	3394	3406	3417	3362	3398	3397	3	6054	31026
2011-02-23	3397	3306	3310	3255	3288	3294	-103	5052	30378
2011-02-24	3294	3310	3310	3255	3263	3271	-23	5588	30498
2011-02-25	3271	3289	3310	3277	3304	3299	28	1146	30698
2011-02-28	3299	3341	3351	3305	3316	3320	21	4690	30002
2011-03-01	3320	3317	3317	3296	3300	3303	-17	2176	29788
2011-03-02	3303	3301	3332	3296	3328	3314	11	2884	29704
2011-03-03	3314	3325	3328	3308	3312	3317	3	1142	29672
2011-03-04	3317	3323	3335	3312	3322	3325	8	750	29570
2011-03-07	3325	3320	3320	3306	3309	3311	-14	966	29550
2011-03-08	3311	3290	3290	3248	3275	3264	-47	1716	29648
2011-03-09	3264	3279	3282	3263	3263	3271	7	812	29586
2011-03-10	3271	3228	3243	3216	3216	3229	-42	1918	28398
2011-03-11	3229	3230	3232	3198	3208	3212	-17	1574	27924
2011-03-14	3212	3188	3209	3162	3167	3178	-34	2126	27842
2011-03-15	3178	3188	3190	3162	3182	3175	-3	1512	27568
2011-03-16	3175	3111	3130	3109	3115	3118	-57	1864	27344
2011-03-17	3118	3115	3138	3109	3130	3125	7	1410	27298
2011-03-18	3125	3152	3163	3140	3146	3148	23	882	26992
2011-03-21	3148	3156	3176	3145	3160	3157	9	1432	26910
2011-03-22	3157	3157	3160	3147	3157	3155	-2	686	26958
2011-03-23	3155	3160	3184	3158	3181	3172	17	1098	26878
2011-03-24	3172	3171	3204	3166	3177	3187	15	1262	26886
2011-03-25	3187	3180	3198	3162	3170	3178	-9	1286	27552
2011-03-28	3178	3161	3169	3130	3151	3156	-22	1030	27770
2011-03-29	3156	3130	3150	3130	3138	3137	-19	1088	28028
2011-03-30	3137	3143	3150	3124	3149	3140	3	1844	27972
2011-03-31	3140	3149	3165	3141	3161	3152	12	1194	27768
2011-04-01	3152	3190	3190	3173	3186	3182	30	992	27354
2011-04-06	3182	3175	3175	3146	3146	3153	-29	1648	27828
2011-04-07	3153	3145	3161	3145	3161	3157	4	2598	27954
2011-04-08	3157	3146	3154	3145	3154	3150	-7	1344	27944
2011-04-11	3150	3170	3175	3162	3166	3169	19	1322	27928
2011-04-12	3169	3145	3148	3123	3130	3137	-32	1796	27860
2011-04-13	3137	3102	3108	3081	3100	3094	-43	3454	28388
2011-04-14	3094	3090	3095	3072	3078	3084	-10	1594	27116
2011-04-15	3084	3076	3080	3053	3055	3067	-17	1172	26398
2011-04-18	3067	3023	3045	3023	3035	3029	-38	590	26280
2011-04-19	3029	3030	3038	3020	3020	3025	-4	1490	25404
2011-04-20	3025	3026	3040	3026	3030	3034	9	5644	25534
2011-04-21	3034	3034	3066	3030	3035	3038	4	1256	25626
2011-04-22	3038	3035	3070	3035	3069	3061	23	1664	25784
2011-04-25	3061	3068	3085	3063	3070	3082	21	7250	26104
2011-04-26	3082	3052	3060	3051	3055	3055	-27	1174	25470
2011-04-27	3055	3065	3073	3065	3070	3069	14	2044	24778
2011-04-28	3069	3078	3078	3054	3064	3064	-5	17324	19334
2011-04-29	3064	3036	3036	2999	3007	3004	-60	3982	16016
2011-05-03	3004	3050	3070	3001	3010	3041	37	1028	14814
2011-05-04	3041	2930	2980	2930	2946	2970	-71	400	7820
2011-05-05	2970	3014	3014	3000	3000	3001	31	272	8082
2011-05-06	3001	-	-	-	3001	3001	0	0	8082
2011-05-09	3001	-	-	-	3001	3001	0	0	8082
2011-05-10	3001	-	-	-	3001	3001	0	0	8082
2011-05-11	3001	2970	2970	2970	2970	2970	-31	3494	8082
2011-05-12	2970	2970	2970	2970	2970	2970	0	3600	8082
2011-05-13	2970	-	-	-	2970	2970	0	0	8082
2011-05-16	2970	-	-	-	2970	2979	9	0	0
