2012-09-17	3691	3600	3600	3448	3450	3498	-193	15172	10386
2012-09-18	3498	3398	3420	3390	3393	3406	-92	20058	19174
2012-09-19	3406	3418	3435	3392	3413	3407	1	15414	23940
2012-09-20	3407	3420	3422	3393	3397	3409	2	12488	25624
2012-09-21	3409	3380	3403	3350	3390	3381	-28	18436	29052
2012-09-24	3381	3370	3370	3313	3352	3339	-42	18062	31232
2012-09-25	3339	3358	3391	3356	3369	3370	31	14122	32874
2012-09-26	3370	3365	3366	3346	3348	3354	-16	7736	33148
2012-09-27	3354	3325	3366	3314	3344	3338	-16	9680	33544
2012-09-28	3338	3346	3358	3330	3352	3343	5	7736	34274
2012-10-08	3343	3335	3346	3296	3302	3322	-21	16568	37028
2012-10-10	3340	3330	3330	3308	3319	3317	-23	18008	46874
2012-10-11	3317	3301	3393	3300	3367	3359	42	36054	44190
2012-10-12	3359	3377	3400	3332	3339	3367	8	29180	50520
2012-10-15	3367	3310	3335	3301	3322	3319	-48	38524	60580
2012-10-16	3319	3338	3359	3334	3335	3344	25	29952	62826
2012-10-17	3344	3320	3335	3310	3329	3321	-23	30344	69674
2012-10-18	3321	3337	3349	3337	3345	3343	22	18336	70074
2012-10-19	3343	3361	3365	3346	3354	3354	11	19952	68170
2012-10-22	3354	3354	3363	3331	3362	3351	-3	23136	69514
2012-10-23	3351	3359	3365	3320	3321	3341	-10	20816	73524
2012-10-24	3341	3333	3364	3333	3361	3350	9	25452	79138
2012-10-25	3350	3362	3366	3334	3339	3344	-6	27338	82248
2012-10-26	3344	3339	3353	3320	3337	3337	-7	26296	82090
2012-10-29	3337	3330	3334	3281	3287	3306	-31	43248	90434
2012-10-30	3306	3278	3279	3248	3270	3263	-43	41302	95498
2012-10-31	3263	3275	3312	3260	3309	3280	17	28042	91636
2012-11-01	3280	3310	3391	3310	3377	3350	70	47582	90078
2012-11-02	3350	3368	3379	3343	3364	3360	10	34744	87784
