2010-03-16	?	4830	4923	4806	4920	4899	?	2146	1532
2010-03-17	4899	4920	4958	4891	4901	4914	15	1768	2354
2010-03-18	4914	4906	4906	4871	4879	4892	-22	1302	3058
2010-03-19	4892	4881	4903	4880	4889	4888	-4	1438	3810
2010-03-22	4888	4898	4925	4888	4892	4905	17	1988	4972
2010-03-23	4905	4899	4906	4861	4875	4889	-16	2040	5820
2010-03-24	4889	4872	4910	4864	4900	4895	6	2012	7042
2010-03-25	4895	4889	4927	4889	4917	4909	14	922	7254
2010-03-26	4909	4903	4941	4900	4908	4921	12	1584	7280
2010-03-29	4921	4925	4928	4900	4912	4912	-9	722	7384
2010-03-30	4912	4913	4926	4882	4884	4899	-13	852	7236
2010-03-31	4899	4880	4890	4865	4868	4876	-23	1060	7084
2010-04-01	4876	4879	4879	4850	4859	4866	-10	404	7044
2010-04-02	4866	4882	4890	4871	4890	4880	14	306	7024
2010-04-06	4880	4900	4925	4891	4917	4912	32	842	7216
2010-04-07	4912	4933	4940	4920	4935	4933	21	866	7640
2010-04-09	4914	4906	4953	4906	4953	4936	22	1140	8256
2010-04-12	4936	4960	4980	4956	4960	4969	33	1198	8646
2010-04-13	4969	4957	4988	4957	4971	4970	1	1350	8920
2010-04-14	4970	4970	4973	4941	4941	4957	-13	1350	8976
2010-04-15	4957	4941	4951	4915	4919	4935	-22	948	9108
2010-04-16	4935	4900	4931	4900	4931	4919	-16	1142	9058
2010-04-19	4919	4910	4914	4853	4866	4887	-32	1658	8572
2010-04-20	4887	4878	4890	4863	4886	4878	-9	698	8508
2010-04-21	4878	4865	4884	4853	4876	4871	-7	360	8440
2010-04-22	4871	4886	4887	4860	4860	4873	2	264	8464
2010-04-23	4873	4861	4870	4860	4862	4863	-10	524	8176
2010-04-26	4863	4872	4884	4845	4858	4871	8	1020	8074
2010-04-27	4871	4841	4841	4803	4810	4822	-49	584	8024
2010-04-28	4822	4800	4800	4718	4732	4767	-55	540	7850
2010-04-29	4767	4750	4770	4732	4736	4750	-17	380	7792
2010-04-30	4750	4753	4799	4753	4799	4768	18	332	7782
2010-05-04	4768	4788	4844	4778	4826	4822	54	396	7830
2010-05-05	4822	4800	4809	4780	4809	4796	-26	212	7798
2010-05-06	4796	4808	4817	4794	4794	4805	9	286	7796
2010-05-07	4805	4780	4780	4710	4728	4737	-68	528	7676
2010-05-10	4737	4732	4737	4685	4718	4711	-26	822	7492
2010-05-11	4711	4727	4727	4650	4650	4683	-28	338	7432
2010-05-12	4683	4630	4644	4585	4593	4610	-73	306	7376
2010-05-13	4610	4592	4613	4561	4590	4593	-17	526	7242
2010-05-14	4593	4590	4605	4540	4571	4584	-9	220	7286
2010-05-17	4584	4550	4550	4366	4387	4449	-135	1104	7372
2010-05-18	4449	4355	4448	4355	4427	4393	-56	754	7098
2010-05-19	4393	4419	4424	4366	4412	4407	14	962	7032
2010-05-20	4407	4380	4465	4380	4435	4451	44	592	7092
2010-05-21	4451	4400	4438	4372	4408	4398	-53	242	7052
2010-05-24	4398	4422	4495	4422	4489	4472	74	352	7066
2010-05-25	4472	4478	4488	4452	4452	4468	-4	262	7020
2010-05-26	4468	4480	4480	4445	4445	4457	-11	110	7028
2010-05-27	4457	4425	4550	4425	4461	4437	-20	104	7070
2010-05-28	4437	4466	4488	4441	4448	4466	29	340	7024
2010-05-31	4466	4465	4465	4381	4426	4420	-46	470	6984
2010-06-01	4420	4372	4401	4356	4356	4381	-39	310	6882
2010-06-02	4381	4367	4385	4332	4375	4367	-14	396	6778
2010-06-03	4367	4379	4388	4371	4388	4383	16	302	6592
2010-06-04	4383	4365	4375	4360	4368	4363	-20	218	6622
2010-06-07	4363	4245	4260	4165	4191	4195	-168	1370	5816
2010-06-08	4195	4207	4207	4179	4205	4194	-1	3398	4988
2010-06-09	4194	4229	4229	4188	4220	4217	23	1448	4616
2010-06-10	4217	4200	4220	4180	4215	4209	-8	320	4606
2010-06-11	4209	4225	4235	4223	4228	4230	21	322	4712
2010-06-17	4230	4241	4268	4241	4244	4251	21	202	4702
2010-06-18	4251	4238	4266	4238	4241	4253	2	626	4962
2010-06-21	4253	4250	4290	4228	4287	4273	20	696	5336
2010-06-22	4273	4255	4279	4251	4266	4263	-10	778	5652
2010-06-23	4263	4265	4265	4215	4233	4236	-27	1456	5404
2010-06-24	4236	4234	4257	4234	4251	4247	11	258	5394
2010-06-25	4247	4246	4246	4230	4230	4238	-9	336	5452
2010-06-28	4238	4235	4237	4191	4192	4201	-37	644	5294
2010-06-29	4201	4190	4190	4156	4156	4165	-36	310	5266
2010-06-30	4165	4135	4155	4132	4155	4139	-26	204	5262
2010-07-01	4139	4132	4155	4132	4146	4141	2	272	5186
2010-07-02	4141	4131	4145	4115	4145	4134	-7	306	5254
2010-07-05	4134	4133	4173	4122	4165	4143	9	370	5236
2010-07-06	4143	4168	4176	4142	4155	4168	25	400	5126
2010-07-07	4168	4172	4182	4150	4154	4168	0	568	5304
2010-07-08	4168	4170	4180	4147	4147	4162	-6	384	5308
2010-07-09	4162	4135	4166	4134	4162	4151	-11	456	5382
2010-07-12	4151	4170	4190	4155	4175	4177	26	1180	5972
2010-07-13	4177	4177	4177	4138	4149	4151	-26	442	5970
2010-07-14	4151	4152	4162	4115	4124	4129	-22	542	5718
2010-07-15	4129	4118	4138	4110	4112	4121	-8	392	5744
2010-07-16	4121	4115	4127	4111	4114	4114	-7	262	5710
2010-07-19	4114	4099	4178	4099	4174	4154	40	1926	6628
2010-07-20	4154	4158	4230	4158	4223	4207	53	3172	7638
2010-07-21	4207	4227	4234	4212	4218	4222	15	632	7714
2010-07-22	4222	4213	4225	4205	4216	4214	-8	126	7710
2010-07-23	4214	4240	4262	4240	4253	4251	37	1088	8138
2010-07-26	4251	4265	4270	4248	4251	4258	7	564	8198
2010-07-27	4258	4231	4231	4199	4200	4213	-45	478	8232
2010-07-28	4213	4212	4248	4207	4242	4236	23	1454	8706
2010-07-29	4236	4252	4267	4233	4250	4255	19	1382	9164
2010-07-30	4255	4263	4320	4252	4320	4290	35	1980	10264
2010-08-02	4290	4350	4387	4342	4372	4367	77	1062	10830
2010-08-03	4367	4367	4367	4335	4335	4348	-19	1382	10796
2010-08-04	4348	4322	4364	4312	4364	4340	-8	610	10894
2010-08-05	4340	4359	4376	4327	4341	4360	20	1280	11190
2010-08-06	4360	4334	4357	4323	4357	4347	-13	442	11304
2010-08-09	4347	4369	4408	4369	4405	4390	43	1136	11748
2010-08-10	4390	4400	4418	4391	4392	4401	11	392	11754
2010-08-11	4401	4448	4448	4395	4400	4416	15	252	11760
2010-08-12	4416	4362	4371	4335	4341	4348	-68	250	11692
2010-08-13	4348	4347	4370	4338	4363	4351	3	200	11718
2010-08-16	4351	4360	4402	4355	4395	4384	33	706	12010
2010-08-17	4384	4400	4415	4378	4396	4394	10	1310	12002
2010-08-18	4394	4412	4412	4390	4391	4404	10	1068	12084
2010-08-19	4404	4397	4399	4374	4392	4387	-17	136	12074
2010-08-20	4387	4373	4375	4341	4341	4357	-30	5786	11868
2010-08-23	4357	4323	4323	4286	4292	4298	-59	1300	11456
2010-08-24	4298	4262	4309	4260	4261	4286	-12	870	11472
2010-08-25	4286	4254	4287	4251	4254	4268	-18	166	11446
2010-08-26	4268	4287	4310	4270	4287	4287	19	3574	11682
2010-08-27	4287	4302	4302	4273	4296	4288	1	196	11692
2010-08-30	4288	4296	4368	4296	4368	4344	56	618	11692
2010-08-31	4344	4332	4374	4332	4352	4352	8	510	11722
2010-09-01	4352	4355	4397	4355	4386	4378	26	652	11788
2010-09-02	4378	4410	4419	4400	4400	4409	31	550	11936
2010-09-03	4409	4400	4412	4390	4392	4400	-9	524	11774
2010-09-06	4400	4430	4618	4360	4578	4547	147	2994	13034
2010-09-07	4547	4551	4599	4533	4559	4549	2	2884	12958
2010-09-08	4549	4545	4548	4534	4543	4541	-8	1040	12810
2010-09-09	4541	4570	4570	4396	4446	4470	-71	1250	12662
2010-09-10	4470	4469	4506	4451	4488	4469	-1	318	12644
2010-09-13	4469	4515	4528	4480	4485	4498	29	376	12700
2010-09-14	4498	4470	4472	4410	4426	4447	-51	456	12620
2010-09-15	4447	4422	4443	4400	4409	4415	-32	622	12604
2010-09-16	4415	4416	4427	4355	4368	4376	-39	1514	12108
2010-09-17	4376	4375	4402	4354	4354	4371	-5	554	12152
2010-09-20	4371	4371	4396	4366	4377	4379	8	920	12106
2010-09-21	4379	4371	4371	4310	4312	4328	-51	2172	11454
2010-09-27	4328	4310	4317	4274	4274	4286	-42	790	11216
2010-09-28	4286	4288	4333	4241	4286	4283	-3	408	11182
2010-09-29	4283	4296	4312	4253	4265	4281	-2	440	11022
2010-09-30	4281	4252	4284	4231	4284	4266	-15	880	11250
2010-10-08	4266	4315	4326	4274	4316	4301	35	772	11482
2010-10-11	4301	4456	4458	4374	4374	4391	90	932	11814
2010-10-12	4391	4375	4408	4337	4343	4355	-36	856	11658
2010-10-13	4355	4355	4377	4334	4369	4360	5	784	11680
2010-10-14	4360	4365	4384	4328	4348	4357	-3	482	11506
2010-10-15	4357	4323	4370	4315	4360	4335	-22	598	11602
2010-10-18	4335	4369	4390	4367	4367	4379	44	704	11648
2010-10-19	4379	4396	4397	4331	4349	4370	-9	286	11634
2010-10-20	4370	4305	4315	4283	4293	4292	-78	1300	11662
2010-10-21	4292	4345	4345	4282	4302	4300	8	524	11936
2010-10-22	4300	4300	4312	4281	4300	4296	-4	92	11964
2010-10-25	4296	4307	4379	4302	4379	4329	33	440	11912
2010-10-26	4329	4448	4448	4322	4322	4345	16	556	11890
2010-10-27	4345	4351	4388	4322	4346	4354	9	472	11874
2010-10-28	4354	4350	4383	4342	4360	4364	10	350	11944
2010-10-29	4364	4360	4370	4342	4365	4356	-8	240	11914
2010-11-01	4356	4379	4390	4375	4390	4384	28	500	12084
2010-11-02	4384	4392	4398	4378	4395	4389	5	302	12116
2010-11-03	4389	4400	4430	4400	4400	4418	29	512	12164
2010-11-04	4418	4426	4458	4415	4458	4433	15	422	12200
2010-11-05	4433	4470	4600	4470	4570	4560	127	1042	11714
2010-11-08	4560	4580	4586	4560	4575	4565	5	336	11600
2010-11-09	4565	4581	4747	4570	4682	4674	109	1160	11220
2010-11-10	4674	4674	4730	4622	4658	4666	-8	834	11040
2010-11-11	4666	4554	4689	4553	4640	4637	-29	1316	10890
2010-11-12	4637	4620	4621	4511	4543	4553	-84	4204	10038
2010-11-15	4553	4539	4598	4539	4583	4568	15	902	9624
2010-11-16	4568	4583	4616	4552	4553	4577	9	288	9496
2010-11-17	4577	4497	4517	4361	4473	4463	-114	826	9388
2010-11-18	4463	4510	4528	4487	4523	4501	38	1472	8692
2010-11-19	4501	4579	4579	4530	4569	4553	52	934	8394
2010-11-22	4553	4572	4581	4562	4580	4574	21	274	8412
2010-11-23	4574	4580	4580	4541	4548	4549	-25	1086	7856
2010-11-24	4549	4530	4612	4530	4604	4577	28	1966	6996
2010-11-25	4577	4646	4646	4607	4613	4627	50	394	6910
2010-11-26	4627	4644	4644	4583	4597	4591	-36	1436	6112
2010-11-29	4591	4600	4620	4596	4615	4605	14	312	6034
2010-11-30	4605	4601	4612	4584	4611	4593	-12	1048	5442
2010-12-01	4593	4610	4636	4610	4620	4617	24	578	5210
2010-12-02	4617	4667	4679	4649	4649	4655	38	186	5162
2010-12-03	4655	4665	4732	4664	4688	4682	27	498	5122
2010-12-06	4682	4668	4685	4668	4677	4678	-4	88	5138
2010-12-07	4678	4678	4714	4678	4714	4692	14	254	5176
2010-12-08	4692	4692	4715	4681	4681	4687	-5	210	5174
2010-12-09	4687	4699	4709	4686	4699	4698	11	124	5152
2010-12-10	4698	4685	4700	4680	4698	4685	-13	758	5022
2010-12-13	4685	4708	4742	4708	4738	4727	42	100	5022
2010-12-14	4727	4738	4755	4723	4730	4736	9	52	5040
2010-12-15	4736	4750	4758	4730	4740	4745	9	86	5058
2010-12-16	4745	4720	4748	4720	4736	4731	-14	230	5002
2010-12-17	4731	4741	4748	4734	4735	4741	10	98	5018
2010-12-20	4741	4760	4787	4745	4758	4760	19	460	5034
2010-12-21	4760	4777	4789	4769	4789	4781	21	108	4980
2010-12-22	4781	4813	4813	4774	4781	4779	-2	74	5008
2010-12-23	4779	4765	4778	4760	4761	4766	-13	66	4992
2010-12-24	4766	4763	4765	4743	4751	4747	-19	416	4776
2010-12-27	4747	4740	4766	4734	4734	4741	-6	1140	3992
2010-12-28	4741	4740	4764	4740	4760	4751	10	464	3900
2010-12-29	4751	4744	4845	4738	4764	4767	16	212	3846
2010-12-30	4767	4806	4822	4791	4818	4806	39	74	3784
2010-12-31	4806	4825	4844	4807	4826	4821	15	138	3784
2011-01-04	4821	4830	4830	4818	4819	4820	-1	208	3732
2011-01-05	4820	4804	4830	4804	4808	4821	1	212	3656
2011-01-06	4821	4830	4840	4830	4832	4834	13	242	3582
2011-01-07	4834	4825	4825	4808	4823	4816	-18	1130	2588
2011-01-10	4816	4869	4869	4842	4855	4845	29	98	2574
2011-01-11	4845	4840	4864	4840	4850	4851	6	10	2570
2011-01-12	4851	4860	4860	4854	4854	4858	7	118	2510
2011-01-13	4858	4880	4885	4879	4885	4880	22	188	2446
2011-01-14	4880	4889	4930	4876	4916	4898	18	482	2366
2011-01-17	4898	4881	4938	4881	4929	4918	20	170	2326
2011-01-18	4918	4925	4948	4910	4948	4927	9	204	2216
2011-01-19	4927	4922	4944	4922	4938	4934	7	78	2206
2011-01-20	4934	4955	4956	4955	4956	4955	21	6	2204
2011-01-21	4955	4942	5010	4942	5009	4988	33	448	1998
2011-01-24	4988	5009	5017	4996	5009	5011	23	98	1932
2011-01-25	5011	4971	5071	4971	5002	4994	-17	300	1748
2011-01-26	4994	4985	5006	4978	4995	4981	-13	122	1696
2011-01-27	4981	4981	5020	4976	5014	4992	11	318	1626
2011-01-28	4992	5001	5028	5000	5009	5004	12	112	1678
2011-01-31	5004	5090	5095	5080	5080	5086	82	26	1652
2011-02-01	5086	5134	5138	5100	5120	5118	32	56	1616
2011-02-09	5118	5080	5128	5080	5093	5098	-20	8	1614
2011-02-10	5098	5148	5170	5130	5130	5144	46	116	1564
2011-02-11	5144	5158	5159	5109	5109	5117	-27	38	1528
2011-02-14	5117	5100	5135	5100	5121	5132	15	134	1406
2011-02-15	5132	5145	5149	5132	5137	5144	12	122	1288
2011-02-16	5144	5125	5144	5072	5072	5088	-56	614	714
2011-02-17	5088	5081	5095	5073	5095	5076	-12	194	690
2011-02-18	5076	5053	5085	5049	5070	5061	-15	124	660
2011-02-21	5061	5021	5053	5018	5040	5032	-29	258	646
2011-02-22	5032	5042	5043	5024	5043	5035	3	206	476
2011-02-23	5035	4952	4990	4952	4970	4964	-71	186	394
2011-02-24	4964	5020	5020	4905	4964	4951	-13	160	370
2011-02-25	4951	4988	5050	4813	4993	4902	-49	114	312
2011-02-28	4902	4990	5040	4855	5040	4950	48	52	300
2011-03-01	4950				4950	4950	0		300
2011-03-02	4950				4930	4930	-20		300
2011-03-03	4930				4930	4930	0		300
2011-03-04	4930				4930	4930	0		300
2011-03-07	4930	4680	4680	4680	4680	4680	-250	60	240
2011-03-08	4680	4700	4700	4680	4680	4690	10	120	240
2011-03-09	4690				4690	4690	0		240
2011-03-10	4690				4690	4690	0		240
2011-03-11	4690	4500	4500	4500	4500	4500	-190	60	240
2011-03-14	4500				4500	4500	0		240
2011-03-15	4500				4500	4500	0		240
