2009-05-19	3846	3994	3994	3910	3910	3936	90	18	10
2009-05-20	3936	3929	3940	3904	3904	3929	-7	32	42
2009-05-21	3929	3915	3957	3901	3901	3914	-15	38	52
2009-05-22	3914	3900	3925	3900	3910	3909	-5	18	66
2009-05-25	3909	3905	3905	3900	3904	3902	-7	30	86
2009-05-26	3902	3890	3948	3890	3900	3920	18	50	92
2009-05-27	3920	3891	3904	3890	3902	3898	-22	20	84
2009-06-01	3898	3802	3989	3802	3989	3916	18	38	98
2009-06-02	3916	3959	3960	3926	3926	3945	29	32	112
2009-06-03	3945	3968	3968	3931	3946	3941	-4	26	126
2009-06-04	3941	3946	3966	3946	3966	3958	17	12	120
2009-06-05	3958	3998	4037	3991	4010	4011	53	56	138
2009-06-08	4011	4050	4050	4026	4026	4033	22	50	160
2009-06-09	4033	4043	4043	4008	4039	4016	-17	38	186
2009-06-10	4016	4039	4100	4039	4050	4062	46	12	198
2009-06-11	4062	4063	4130	4063	4130	4100	38	14	200
2009-06-12	4100	4174	4176	4136	4136	4159	59	36	222
2009-06-15	4159	4111	4147	3954	3954	4074	-85	24	222
2009-06-16	4074	3965	4175	3965	4103	4083	9	56	220
2009-06-17	4083	4051	4125	4051	4090	4100	17	12	224
2009-06-18	4100	4120	4120	4120	4120	4120	20	2	224
2009-06-19	4120	4100	4100	4100	4100	4100	-20	2	226
2009-06-22	4100	4138	4138	4113	4113	4125	25	4	224
2009-06-23	4125	4098	4129	4054	4078	4087	-38	20	226
2009-06-24	4087	4041	4118	4041	4100	4080	-7	32	228
2009-06-25	4080	4080	4080	4080	4080	4080	0	38	256
2009-06-26	4080	4088	4088	4060	4060	4067	-13	16	258
2009-06-29	4067	4070	4070	4030	4030	4056	-11	6	256
2009-06-30	4056	4032	4032	4000	4000	4022	-34	12	262
2009-07-01	4022	4028	4028	4026	4026	4027	5	4	264
2009-07-02	4027	4040	4060	4035	4035	4047	20	66	314
2009-07-03	4047	4035	4040	4035	4035	4036	-11	22	320
2009-07-06	4036	4030	4030	4010	4010	4022	-14	38	344
2009-07-07	4022	3985	4030	3985	3996	4002	-20	8	348
2009-07-08	4002	3901	3976	3901	3956	3922	-80	74	334
2009-07-09	3922	3958	3965	3950	3950	3956	34	22	336
2009-07-10	3956	3996	4035	3952	3975	3976	20	30	336
2009-07-13	3976	3990	3998	3990	3998	3994	18	4	336
2009-07-14	3994	3988	3997	3975	3990	3987	-7	18	338
2009-07-15	3987	3998	4043	3998	4043	4029	42	14	342
2009-07-16	4029	4080	4130	4080	4104	4099	70	92	384
2009-07-17	4099	4086	4099	4071	4085	4090	-9	134	460
2009-07-20	4090	4087	4118	4087	4118	4110	20	38	450
2009-07-21	4110	4140	4144	4130	4136	4137	27	24	444
2009-07-22	4137	4160	4203	4160	4191	4181	44	30	456
2009-07-23	4181	4190	4236	4190	4227	4215	34	54	468
2009-07-24	4215	4228	4250	4228	4250	4240	25	54	476
2009-07-27	4240	4250	4399	4220	4328	4322	82	382	654
2009-07-28	4322	4328	4378	4263	4378	4328	6	122	700
2009-07-29	4328	4349	4449	4341	4405	4389	61	180	720
2009-07-30	4389	4385	4429	4353	4425	4387	-2	310	696
2009-07-31	4387	4493	4606	4440	4606	4537	150	280	668
2009-08-03	4537	4763	4763	4730	4763	4759	222	126	658
2009-08-04	4759	5087	5088	4750	4800	4816	57	354	570
2009-08-05	4816	4859	4867	4751	4826	4805	-11	118	588
2009-08-06	4805	4856	4856	4791	4818	4826	21	56	578
2009-08-07	4826	4826	4826	4630	4635	4710	-116	454	704
2009-08-10	4710	4650	4744	4580	4660	4643	-67	294	806
2009-08-11	4643	4610	4720	4610	4675	4682	39	296	842
2009-08-12	4682	4720	4720	4622	4639	4654	-28	180	828
2009-08-13	4654	4705	4705	4655	4688	4674	20	284	814
2009-08-14	4674	4690	4690	4545	4590	4583	-91	410	892
2009-08-17	4583	4470	4588	4450	4496	4513	-70	478	900
2009-08-18	4513	4548	4548	4452	4481	4488	-25	178	922
2009-08-19	4488	4470	4470	4263	4308	4329	-159	350	932
2009-08-20	4329	4261	4359	4201	4333	4278	-51	676	990
2009-08-21	4278	4340	4437	4256	4377	4369	91	920	1080
2009-08-24	4369	4477	4482	4375	4392	4407	38	478	1160
2009-08-25	4407	4401	4401	4278	4321	4311	-96	302	1162
2009-08-26	4311	4342	4381	4280	4364	4342	31	318	1200
2009-08-27	4342	4339	4388	4312	4368	4360	18	270	1202
2009-08-28	4360	4370	4423	4365	4392	4392	32	264	1208
2009-08-31	4392	4350	4360	4265	4270	4308	-84	216	1256
2009-09-01	4308	4205	4265	4205	4245	4246	-62	218	1324
2009-09-02	4246	4152	4244	4151	4160	4204	-42	394	1356
2009-09-03	4204	4198	4201	4150	4175	4181	-23	474	1570
2009-09-04	4181	4176	4186	4150	4166	4169	-12	180	1590
2009-09-07	4169	4091	4151	4072	4080	4106	-63	218	1606
2009-09-08	4106	4079	4101	4055	4100	4079	-27	300	1624
2009-09-09	4079	4118	4175	4118	4173	4147	68	550	1646
2009-09-10	4147	4169	4198	4169	4175	4182	35	286	1686
2009-09-11	4182	4175	4192	4145	4153	4171	-11	152	1714
2009-09-14	4171	4080	4168	4080	4160	4136	-35	232	1680
2009-09-15	4136	4204	4215	4140	4190	4186	50	138	1674
2009-09-16	4186	4218	4231	4146	4225	4216	30	314	1748
2009-09-17	4216	4236	4238	4147	4215	4226	10	728	1860
2009-09-18	4226	4225	4225	4173	4195	4198	-28	302	1994
2009-09-21	4198	4182	4227	4158	4223	4211	13	600	2076
2009-09-22	4211	4220	4225	4200	4211	4218	7	1784	2998
2009-09-23	4218	4215	4215	4150	4150	4176	-42	1870	4226
2009-09-24	4176	4126	4126	4026	4069	4069	-107	1160	4476
2009-09-25	4069	4003	4056	4003	4016	4042	-27	746	4888
2009-09-28	4042	4016	4016	3849	3874	3910	-132	1792	5242
2009-09-29	3910	3861	3943	3850	3943	3901	-9	566	5236
2009-09-30	3901	3945	3949	3893	3919	3919	18	526	5454
2009-10-09	3919	3920	3969	3903	3911	3924	5	806	5770
2009-10-12	3924	3901	3901	3843	3885	3874	-50	1856	6828
2009-10-13	3874	3880	3897	3872	3877	3882	8	1790	7946
2009-10-14	3882	3860	3896	3860	3886	3887	5	1386	8566
2009-10-15	3887	3899	3946	3888	3945	3925	38	2504	9496
2009-10-16	3925	3950	3980	3850	3980	3950	25	3142	9872
2009-10-19	3950	3961	4140	3961	4025	4044	94	4164	9928
2009-10-20	4044	4038	4057	4002	4042	4033	-11	3370	9708
2009-10-21	4033	4028	4088	4028	4088	4062	29	2062	9902
2009-10-22	4062	4105	4120	4070	4074	4094	32	2930	10540
2009-10-23	4094	4079	4124	4073	4123	4106	12	2494	11018
2009-10-26	4106	4129	4234	4129	4234	4192	86	5936	11960
2009-10-27	4192	4206	4243	4200	4227	4223	31	5122	13026
2009-10-28	4223	4228	4228	4144	4157	4186	-37	6852	14458
2009-10-29	4186	4132	4148	4077	4119	4110	-76	3742	14490
2009-10-30	4110	4200	4200	4131	4148	4156	46	4340	15984
2009-11-02	4156	4119	4182	4102	4181	4151	-5	3594	16830
2009-11-03	4151	4181	4200	4156	4156	4180	29	4778	17908
2009-11-04	4180	4166	4187	4161	4184	4178	-2	2092	18166
2009-11-05	4178	4184	4222	4172	4218	4208	30	8376	21090
2009-11-06	4208	4238	4328	4221	4327	4296	88	38704	37058
2009-11-09	4296	4330	4422	4313	4392	4393	97	196836	78164
2009-11-10	4393	4402	4413	4347	4359	4372	-21	179720	85554
2009-11-11	4372	4368	4408	4360	4380	4386	14	242530	100808
2009-11-12	4386	4393	4395	4325	4339	4356	-30	171106	98950
2009-11-13	4356	4329	4429	4312	4429	4373	17	303380	140658
2009-11-16	4373	4435	4479	4411	4430	4446	73	556078	183114
2009-11-17	4446	4455	4470	4413	4433	4443	-3	788788	230700
2009-11-18	4443	4445	4467	4424	4440	4447	4	808112	281566
2009-11-19	4447	4431	4513	4430	4485	4484	37	1051986	317950
2009-11-20	4484	4485	4509	4446	4462	4472	-12	634920	303460
2009-11-23	4472	4475	4515	4460	4505	4495	23	681004	301048
2009-11-24	4495	4495	4559	4426	4464	4506	11	1032690	322596
2009-11-25	4506	4464	4530	4464	4517	4502	-4	1053452	369634
2009-11-26	4502	4528	4572	4461	4494	4512	10	1769590	432160
2009-11-27	4512	4463	4470	4286	4286	4360	-152	2608656	483562
2009-11-30	4360	4336	4404	4322	4375	4372	12	3268228	514984
2009-12-01	4372	4390	4408	4331	4367	4360	-12	2929698	572052
2009-12-02	4360	4388	4409	4361	4377	4383	23	2660750	636968
2009-12-03	4383	4383	4396	4366	4385	4381	-2	2102022	608046
2009-12-04	4381	4368	4381	4336	4374	4360	-21	2500528	641718
2009-12-07	4360	4354	4395	4354	4373	4375	15	1983820	664010
2009-12-08	4375	4380	4385	4288	4318	4321	-54	2779118	732298
2009-12-09	4321	4284	4290	4246	4267	4272	-49	1871676	735304
2009-12-10	4272	4267	4337	4250	4334	4294	22	3354396	839430
2009-12-11	4294	4350	4401	4350	4396	4376	82	3160862	865224
2009-12-14	4376	4400	4433	4331	4430	4384	8	2822038	956258
2009-12-15	4384	4430	4438	4384	4394	4409	25	2691114	978684
2009-12-16	4409	4387	4419	4370	4392	4397	-12	1644196	970528
2009-12-17	4397	4415	4431	4375	4386	4403	6	1735560	931778
2009-12-18	4403	4350	4389	4349	4379	4372	-31	1061746	852086
2009-12-21	4372	4389	4418	4372	4418	4390	18	1170240	909188
2009-12-22	4390	4411	4438	4403	4405	4420	30	1933556	916252
2009-12-23	4420	4410	4427	4393	4408	4412	-8	1166438	892398
2009-12-24	4412	4428	4478	4413	4461	4442	30	1507386	1018962
2009-12-25	4442	4461	4478	4442	4459	4460	18	1129794	957350
2009-12-28	4460	4465	4538	4463	4525	4510	50	1346854	1028662
2009-12-29	4510	4525	4547	4488	4499	4512	2	1430618	996206
2009-12-30	4512	4497	4515	4477	4486	4498	-14	973818	952476
2009-12-31	4498	4495	4518	4486	4511	4502	4	976200	911846
2010-01-04	4502	4523	4610	4523	4579	4576	74	1809996	965458
2010-01-05	4576	4592	4606	4572	4589	4590	14	1320756	987708
2010-01-06	4590	4587	4635	4581	4622	4620	30	1481228	1027884
2010-01-07	4620	4641	4650	4389	4489	4539	-81	2196160	932514
2010-01-08	4539	4505	4510	4412	4462	4456	-83	1520076	894544
2010-01-11	4456	4495	4518	4475	4516	4502	46	1130570	939144
2010-01-12	4502	4505	4528	4480	4510	4503	1	1176288	957810
2010-01-13	4503	4420	4460	4354	4418	4420	-83	1461688	906786
2010-01-14	4420	4450	4464	4430	4433	4448	28	1076498	938680
2010-01-15	4448	4419	4436	4355	4368	4395	-53	1276950	939862
2010-01-18	4395	4339	4399	4310	4395	4374	-21	1148302	943604
2010-01-19	4374	4405	4418	4361	4382	4388	14	1236092	888684
2010-01-20	4388	4392	4394	4341	4364	4364	-24	1243448	847790
2010-01-21	4364	4337	4366	4326	4352	4344	-20	960118	862226
2010-01-22	4344	4319	4335	4257	4288	4298	-46	1207020	856708
2010-01-25	4298	4280	4295	4265	4278	4280	-18	870946	874294
2010-01-26	4280	4286	4290	4258	4265	4270	-10	818680	852992
2010-01-27	4270	4275	4327	4265	4316	4299	29	1452742	891916
2010-01-28	4299	4260	4319	4255	4293	4295	-4	1793390	914470
2010-01-29	4295	4281	4315	4276	4300	4298	3	1234868	870164
2010-02-01	4298	4317	4334	4276	4295	4296	-2	1156486	861912
2010-02-02	4296	4316	4323	4126	4159	4209	-87	2453186	825676
2010-02-03	4209	4175	4188	4136	4180	4165	-44	1448904	802842
2010-02-04	4165	4150	4158	4093	4115	4123	-42	1152398	775898
2010-02-05	4123	4090	4110	4066	4109	4088	-35	849138	711780
2010-02-08	4088	4120	4139	4103	4129	4123	35	577962	685168
2010-02-09	4123	4123	4166	4115	4157	4137	14	617652	690518
2010-02-10	4137	4172	4219	4156	4198	4191	54	732940	680758
2010-02-11	4191	4210	4236	4190	4229	4216	25	497494	676876
2010-02-12	4216	4246	4299	4233	4293	4276	60	599774	656346
2010-02-22	4276	4330	4376	4229	4243	4278	2	1055136	710878
2010-02-23	4278	4240	4297	4220	4283	4273	-5	1147210	798784
2010-02-24	4273	4261	4281	4233	4253	4252	-21	1098624	824246
2010-02-25	4252	4258	4263	4191	4209	4234	-18	929826	790336
2010-02-26	4234	4208	4219	4175	4214	4196	-38	703304	727690
2010-03-01	4196	4233	4256	4190	4209	4216	20	520590	697674
2010-03-02	4216	4202	4208	4151	4155	4172	-44	425640	635048
2010-03-03	4172	4173	4173	4133	4143	4150	-22	234628	618836
2010-03-04	4150	4150	4158	4135	4141	4145	-5	231868	585416
2010-03-05	4145	4140	4172	4135	4168	4157	12	233628	567908
2010-03-08	4157	4171	4205	4165	4189	4190	33	268998	534642
2010-03-09	4190	4185	4198	4174	4195	4189	-1	152230	482724
2010-03-10	4189	4200	4217	4194	4209	4207	18	182522	426834
2010-03-11	4207	4216	4219	4177	4213	4203	-4	145818	392298
2010-03-12	4203	4221	4228	4205	4209	4212	9	85232	367532
2010-03-15	4212	4226	4245	4211	4244	4229	17	136538	356908
2010-03-16	4229	4252	4371	4243	4346	4318	89	468458	303364
2010-03-17	4318	4358	4400	4334	4338	4364	46	286308	286034
2010-03-18	4364	4342	4351	4318	4320	4334	-30	130678	278414
2010-03-19	4334	4329	4351	4315	4346	4337	3	119518	251868
2010-03-22	4337	4349	4395	4341	4358	4373	36	147760	226350
2010-03-23	4373	4365	4380	4350	4359	4362	-11	92392	213184
2010-03-24	4362	4362	4418	4348	4418	4391	29	186266	218844
2010-03-25	4391	4425	4448	4404	4429	4423	32	156356	210078
2010-03-26	4423	4433	4484	4426	4439	4449	26	181070	183636
2010-03-29	4449	4449	4480	4445	4461	4459	10	113982	174058
2010-03-30	4459	4470	4477	4420	4426	4443	-16	93918	161876
2010-03-31	4443	4426	4437	4409	4416	4420	-23	65020	156942
2010-04-01	4420	4426	4426	4380	4411	4409	-11	62084	144398
2010-04-02	4409	4422	4428	4405	4418	4415	6	44764	132560
2010-04-06	4415	4443	4443	4418	4438	4429	14	53390	117636
2010-04-07	4429	4439	4470	4439	4460	4457	28	36612	110434
2010-04-09	4440	4435	4464	4425	4464	4446	6	25250	95492
2010-04-12	4446	4473	4502	4471	4499	4488	42	40050	90112
2010-04-13	4488	4495	4575	4495	4556	4540	52	99118	90924
2010-04-14	4540	4579	4591	4553	4573	4574	34	79864	79456
2010-04-15	4574	4568	4572	4504	4509	4535	-39	51172	69682
2010-04-16	4535	4501	4520	4470	4514	4497	-38	37080	65018
2010-04-19	4497	4488	4497	4460	4461	4478	-19	32472	58948
2010-04-20	4478	4507	4507	4451	4474	4469	-9	12898	56356
2010-04-21	4469	4468	4473	4438	4455	4452	-17	16648	51538
2010-04-22	4452	4439	4459	4435	4443	4445	-7	13226	46662
2010-04-23	4445	4438	4438	4418	4422	4426	-19	13418	41552
2010-04-26	4426	4427	4444	4396	4397	4408	-18	7168	38274
2010-04-27	4408	4393	4393	4338	4339	4357	-51	8752	35024
2010-04-28	4357	4290	4309	4290	4291	4296	-61	11610	29116
2010-04-29	4296	4272	4315	4261	4262	4289	-7	9164	28240
2010-04-30	4289	4250	4290	4250	4290	4274	-15	6498	27022
2010-05-04	4274	4290	4316	4281	4315	4305	31	2182	27480
2010-05-05	4305	4297	4300	4281	4300	4293	-12	1860	27420
2010-05-06	4293	4300	4310	4285	4295	4301	8	3540	28080
2010-05-07	4301	4275	4294	4250	4279	4271	-30	4800	27840
2010-05-10	4271	4252	4299	4242	4246	4259	-12	1980	27420
2010-05-11	4259	4250	4271	4181	4208	4231	-28	2700	27060
2010-05-12	4231	4072	4100	4030	4070	4068	-163	4500	26760
2010-05-13	4068	4052	4120	4050	4083	4077	9	2760	26760
2010-05-14	4077	4060	4085	4052	4060	4066	-11	2100	26400
2010-05-17	4066	3955	3979	3901	3915	3941	-125	1620	26400
