2011-10-18		4218	4235	4195	4195	4221	0	70	24
2011-10-19	4221	4155	4200	4125	4127	4167	-54	40	40
2011-10-20	4167	4027	4051	3980	4012	4018	-149	166	102
2011-10-21	4018	4097	4099	4043	4090	4074	56	74	142
2011-10-24	4074	4192	4192	4062	4171	4118	44	372	222
2011-10-25	4118	4211	4211	4119	4126	4149	31	168	284
2011-10-26	4149	4100	4130	4100	4128	4115	-34	82	312
2011-10-27	4115	4136	4153	4132	4148	4146	31	62	310
2011-10-28	4146	4250	4250	4170	4230	4194	48	126	284
2011-10-31	4194	4215	4230	4160	4170	4188	-6	128	332
2011-11-01	4188	4180	4180	4110	4114	4139	-49	120	400
2011-11-02	4139	4099	4100	4032	4100	4068	-71	418	526
2011-11-03	4068	4095	4113	4054	4070	4081	13	322	626
2011-11-04	4081	4100	4179	4098	4171	4133	52	330	600
2011-11-07	4133	4161	4176	4145	4149	4155	22	118	576
2011-11-08	4155	4140	4175	4140	4165	4165	10	100	590
2011-11-09	4165	4182	4200	4180	4180	4188	23	130	664
2011-11-10	4188	4170	4170	4024	4049	4044	-144	7868	5548
2011-11-11	4044	4058	4115	4058	4107	4084	40	8564	10846
2011-11-14	4084	4120	4170	4120	4156	4152	68	4004	11202
2011-11-15	4152	4156	4156	4118	4124	4130	-22	2906	12716
2011-11-16	4130	4130	4156	4110	4117	4125	-5	2098	12666
2011-11-17	4125	4115	4150	4105	4144	4132	7	1372	12702
2011-11-18	4132	4105	4135	4100	4130	4121	-11	1484	13140
2011-11-21	4121	4129	4132	4066	4086	4090	-31	4986	14474
2011-11-22	4090	4050	4100	4050	4100	4079	-11	1702	14722
2011-11-23	4079	4105	4105	4051	4054	4071	-8	2530	15468
2011-11-24	4071	4020	4080	4002	4068	4030	-41	6116	17848
2011-11-25	4030	4048	4069	4032	4043	4046	16	4256	19702
2011-11-28	4046	4056	4086	4050	4077	4072	26	2206	19634
2011-11-29	4072	4078	4115	4077	4107	4105	33	4578	20220
2011-11-30	4105	4114	4118	4051	4055	4086	-19	5146	21448
2011-12-01	4086	4159	4219	4111	4125	4137	51	13640	26716
2011-12-02	4137	4119	4120	4100	4119	4110	-27	3686	26472
2011-12-05	4110	4120	4136	4115	4132	4128	18	4338	26180
2011-12-06	4128	4128	4133	4103	4131	4113	-15	4576	26328
2011-12-07	4113	4140	4154	4131	4153	4142	29	3790	26134
2011-12-08	4142	4149	4149	4129	4144	4138	-4	5478	27026
2011-12-09	4138	4121	4150	4121	4138	4140	2	3376	26946
2011-12-12	4140	4139	4145	4132	4140	4139	-1	3376	27034
2011-12-13	4139	4145	4145	4120	4140	4129	-10	5124	28192
2011-12-14	4129	4161	4161	4128	4150	4144	15	5798	29316
2011-12-15	4144	4105	4132	4101	4111	4118	-26	11618	33480
2011-12-16	4118	4118	4171	4114	4170	4142	24	13370	30242
2011-12-19	4142	4170	4170	4145	4158	4153	11	6880	31270
2011-12-20	4153	4160	4163	4150	4156	4155	2	3960	32590
2011-12-21	4155	4169	4175	4150	4159	4158	3	13662	38306
2011-12-22	4158	4160	4171	4148	4169	4159	1	7488	39206
2011-12-23	4159	4174	4205	4167	4197	4184	25	13164	40062
2011-12-26	4184	4205	4223	4195	4206	4211	27	13694	40488
2011-12-27	4211	4201	4218	4201	4211	4212	1	4394	40758
2011-12-28	4212	4216	4220	4199	4215	4209	-3	8810	40496
2011-12-29	4209	4201	4206	4180	4185	4195	-14	15980	47642
2011-12-30	4195	4190	4191	4166	4180	4178	-17	19244	55826
2012-01-04	4178	4208	4208	4147	4148	4173	-5	23746	66404
2012-01-05	4173	4149	4178	4132	4164	4157	-16	14560	67008
2012-01-06	4157	4161	4175	4152	4175	4166	9	6814	67670
2012-01-09	4166	4171	4172	4148	4162	4161	-5	10458	67910
2012-01-10	4161	4164	4188	4156	4186	4171	10	13654	67140
2012-01-11	4171	4190	4198	4180	4192	4191	20	15838	63348
2012-01-12	4191	4191	4197	4182	4192	4189	-2	8382	62124
2012-01-13	4189	4198	4204	4183	4197	4194	5	9026	62238
2012-01-16	4194	4181	4211	4178	4202	4197	3	11958	61414
2012-01-17	4197	4208	4440	4205	4275	4255	58	31736	58358
2012-01-18	4255	4274	4334	4268	4321	4314	59	47130	51442
2012-01-19	4314	4319	4339	4314	4333	4328	14	13342	48108
2012-01-20	4328	4339	4342	4316	4337	4329	1	9834	46820
2012-01-30	4329	4337	4359	4331	4335	4346	17	11444	47052
2012-01-31	4346	4334	4336	4280	4318	4308	-38	15630	49790
2012-02-01	4308	4310	4319	4304	4306	4310	2	9074	50548
2012-02-02	4310	4313	4333	4310	4332	4320	10	11878	50332
2012-02-03	4320	4322	4350	4321	4347	4342	22	19510	57192
2012-02-06	4342	4355	4362	4326	4336	4344	2	36660	69408
2012-02-07	4344	4336	4347	4284	4287	4309	-35	52286	82732
2012-02-08	4309	4290	4340	4290	4338	4316	7	39104	83624
2012-02-09	4316	4339	4344	4304	4311	4324	8	45472	91970
2012-02-10	4324	4319	4321	4294	4296	4306	-18	44192	101796
2012-02-13	4306	4270	4287	4259	4273	4273	-33	53344	112586
2012-02-14	4273	4273	4279	4261	4266	4270	-3	25856	118584
2012-02-15	4270	4266	4268	4221	4223	4243	-27	85196	142786
2012-02-16	4243	4216	4218	4171	4182	4190	-53	111380	178784
2012-02-17	4190	4199	4203	4154	4161	4176	-14	161742	222734
2012-02-20	4176	4177	4195	4177	4185	4185	9	144214	222296
2012-02-21	4185	4187	4234	4175	4233	4205	20	260098	258374
2012-02-22	4205	4235	4244	4225	4238	4234	29	226902	302286
2012-02-23	4234	4225	4239	4208	4219	4223	-11	276798	347890
2012-02-24	4223	4213	4226	4206	4224	4216	-7	240924	360622
2012-02-27	4216	4234	4292	4233	4282	4273	57	382890	387674
2012-02-28	4273	4285	4297	4267	4291	4280	7	308844	407594
2012-02-29	4280	4286	4305	4270	4295	4286	6	413644	435168
2012-03-01	4286	4281	4310	4276	4281	4291	5	534014	455702
2012-03-02	4291	4294	4307	4286	4299	4295	4	456356	465446
2012-03-05	4295	4295	4309	4251	4267	4272	-23	669090	551168
2012-03-06	4272	4269	4282	4256	4268	4271	-1	536342	539444
2012-03-07	4271	4238	4259	4230	4253	4246	-25	484642	564836
2012-03-08	4246	4264	4291	4262	4281	4278	32	563258	569716
2012-03-09	4278	4291	4325	4291	4319	4313	35	612186	577316
2012-03-12	4313	4331	4339	4318	4335	4328	15	468382	576982
2012-03-13	4328	4335	4347	4332	4341	4340	12	392306	593444
2012-03-14	4340	4359	4359	4313	4325	4334	-6	676324	616210
2012-03-15	4334	4321	4340	4310	4337	4327	-7	528178	612814
2012-03-16	4327	4348	4352	4318	4335	4333	6	517400	621602
2012-03-19	4333	4331	4346	4324	4343	4335	2	432844	636916
2012-03-20	4335	4346	4353	4327	4333	4339	4	452686	623888
2012-03-21	4339	4326	4358	4325	4358	4343	4	588074	667340
2012-03-22	4343	4358	4367	4346	4355	4356	13	659168	674628
2012-03-23	4356	4352	4355	4338	4347	4343	-13	422408	680868
2012-03-26	4343	4350	4361	4345	4354	4354	11	372336	678352
2012-03-27	4354	4362	4371	4355	4367	4365	11	407734	671392
2012-03-28	4365	4365	4368	4345	4345	4353	-12	451900	674062
2012-03-29	4353	4338	4342	4313	4320	4323	-30	540574	672526
2012-03-30	4323	4319	4333	4314	4324	4324	1	345926	633168
2012-04-05	4324	4318	4366	4291	4354	4333	9	605464	625232
2012-04-06	4333	4356	4387	4353	4385	4368	35	549764	661546
2012-04-09	4368	4379	4402	4371	4379	4386	18	574556	683320
2012-04-10	4386	4373	4393	4373	4384	4384	-2	394568	689470
2012-04-11	4384	4361	4383	4361	4377	4371	-13	523552	693124
2012-04-12	4371	4378	4399	4378	4392	4391	20	462932	706234
2012-04-13	4391	4401	4405	4368	4377	4383	-8	621482	724314
2012-04-16	4383	4353	4362	4327	4329	4346	-37	594708	741412
2012-04-17	4346	4335	4344	4318	4322	4331	-15	476884	797950
2012-04-18	4331	4331	4348	4321	4342	4335	4	564466	772084
2012-04-19	4335	4332	4339	4304	4315	4320	-15	605156	806406
2012-04-20	4320	4312	4325	4298	4313	4314	-6	586164	777478
2012-04-23	4314	4315	4315	4277	4281	4293	-21	665438	824890
2012-04-24	4293	4278	4291	4259	4270	4274	-19	527752	837318
2012-04-25	4274	4273	4276	4251	4274	4263	-11	558496	843210
2012-04-26	4263	4275	4291	4271	4290	4281	18	418862	815718
2012-04-27	4281	4294	4298	4268	4269	4282	1	353310	822962
2012-05-02	4282	4276	4284	4245	4245	4264	-18	519396	887738
2012-05-03	4264	4238	4252	4234	4239	4241	-23	533682	919550
2012-05-04	4241	4236	4256	4233	4256	4248	7	418102	889260
2012-05-07	4248	4239	4244	4215	4221	4225	-23	407846	898932
2012-05-08	4225	4226	4233	4210	4213	4220	-5	371850	911356
2012-05-09	4220	4203	4209	4170	4186	4185	-35	580940	899800
2012-05-10	4185	4202	4203	4180	4190	4187	2	332824	894218
2012-05-11	4187	4187	4189	4148	4150	4165	-22	492612	861212
2012-05-14	4165	4169	4173	4133	4135	4152	-13	745890	947592
2012-05-15	4152	4128	4128	4055	4090	4086	-66	924586	925666
2012-05-16	4086	4070	4098	4050	4050	4071	-15	607326	937712
2012-05-17	4071	4052	4094	4051	4092	4073	2	638094	852884
2012-05-18	4073	4079	4084	4052	4074	4070	-3	686552	851364
2012-05-21	4070	4074	4099	4070	4090	4086	16	606156	837528
2012-05-22	4086	4099	4112	4060	4074	4084	-2	809816	879042
2012-05-23	4084	4050	4054	3996	4019	4021	-63	1042850	931882
2012-05-24	4021	4015	4028	4003	4026	4013	-8	655206	921992
2012-05-28	4026	4039	4095	4034	4089	4067	41	963548	865698
2012-05-29	4067	4080	4118	4072	4115	4092	25	1030062	833710
2012-05-30	4092	4100	4109	4086	4100	4097	5	953146	813640
2012-05-31	4097	4070	4119	4066	4103	4097	0	973950	807896
2012-06-01	4097	4100	4115	4086	4095	4098	1	944006	830054
2012-06-04	4098	4068	4075	4020	4033	4040	-58	1231588	860760
2012-06-05	4040	4060	4103	4048	4084	4074	34	972224	733542
2012-06-06	4074	4085	4113	4080	4096	4096	22	885018	724412
2012-06-07	4096	4111	4130	4096	4102	4114	18	778964	706388
2012-06-08	4114	4105	4129	4094	4108	4112	-2	1191296	739728
2012-06-11	4112	4125	4142	4114	4123	4127	15	741206	725218
2012-06-12	4127	4103	4110	4081	4100	4092	-35	712798	720776
2012-06-13	4092	4107	4114	4096	4102	4104	12	533996	702018
2012-06-14	4104	4097	4118	4090	4110	4106	2	481418	671926
2012-06-15	4106	4119	4127	4112	4122	4119	13	409160	642464
2012-06-18	4119	4132	4140	4123	4129	4130	11	364904	666680
2012-06-19	4130	4125	4132	4120	4126	4126	-4	256138	635290
2012-06-20	4126	4130	4151	4129	4143	4143	17	483222	636454
2012-06-21	4143	4128	4137	4115	4118	4128	-15	379938	585392
2012-06-25	4128	4102	4119	4095	4107	4107	-21	463042	604280
2012-06-26	4107	4112	4115	4074	4076	4087	-20	617964	713346
2012-06-27	4087	4080	4081	4060	4063	4067	-20	484836	768006
2012-06-28	4067	4067	4086	4067	4085	4075	8	379936	713198
2012-06-29	4075	4078	4084	4040	4068	4065	-10	843166	676846
2012-07-02	4065	4100	4100	4028	4044	4052	-13	854094	751256
2012-07-03	4052	4041	4085	4031	4078	4068	16	653576	658896
2012-07-04	4068	4082	4099	4062	4089	4080	12	640286	651698
2012-07-05	4080	4084	4099	4076	4094	4088	8	450050	642628
2012-07-06	4088	4095	4099	4077	4089	4087	-1	283642	627244
2012-07-09	4087	4070	4071	4042	4050	4054	-33	425282	623452
2012-07-10	4054	4047	4050	3983	3995	4019	-35	555058	575580
2012-07-11	4019	3988	4011	3968	3991	3989	-30	357636	493122
2012-07-12	3989	3997	4003	3965	3985	3983	-6	162750	468630
2012-07-13	3983	3980	3998	3972	3995	3985	2	134948	435024
2012-07-16	3985	3985	3995	3933	3941	3961	-24	196326	398118
2012-07-17	3961	3935	3935	3887	3901	3909	-52	156848	343702
2012-07-18	3909	3890	3920	3889	3909	3906	-3	108828	315978
2012-07-19	3906	3905	3913	3864	3877	3884	-22	106210	285068
2012-07-20	3884	3878	3880	3796	3797	3831	-53	119676	240700
2012-07-23	3831	3756	3783	3693	3758	3750	-81	160534	203554
2012-07-24	3750	3740	3850	3740	3787	3773	23	99698	187098
2012-07-25	3773	3770	3818	3765	3792	3792	19	74128	175778
2012-07-26	3792	3800	3816	3791	3809	3804	12	34632	168660
2012-07-27	3804	3812	3842	3812	3841	3830	26	48562	152376
2012-07-30	3830	3843	3852	3826	3845	3841	11	31280	142686
2012-07-31	3841	3846	3863	3843	3849	3853	12	29582	137062
2012-08-01	3853	3837	3837	3781	3785	3810	-43	45616	130566
2012-08-02	3810	3771	3777	3755	3760	3764	-46	23092	128166
2012-08-03	3764	3731	3772	3725	3739	3748	-16	39668	129362
2012-08-06	3748	3740	3765	3718	3752	3740	-8	26454	129132
2012-08-07	3740	3745	3754	3735	3740	3742	2	17314	129348
2012-08-08	3742	3744	3744	3712	3720	3722	-20	23842	123968
2012-08-09	3722	3715	3728	3712	3725	3720	-2	11936	120522
2012-08-10	3720	3722	3750	3722	3740	3739	19	17354	119654
2012-08-13	3739	3745	3750	3717	3718	3737	-2	10736	115262
2012-08-14	3737	3720	3743	3696	3701	3713	-24	17748	110260
2012-08-15	3713	3701	3709	3680	3701	3694	-19	15882	107566
2012-08-16	3694	3700	3700	3683	3690	3690	-4	6108	106372
2012-08-17	3690	3691	3695	3657	3663	3671	-19	11828	102652
2012-08-20	3671	3661	3669	3640	3644	3649	-22	7246	100312
2012-08-21	3649	3645	3645	3609	3631	3626	-23	11442	96870
2012-08-22	3626	3630	3648	3604	3612	3623	-3	15204	93638
2012-08-23	3623	3615	3615	3579	3584	3594	-29	24892	84538
2012-08-24	3594	3580	3580	3555	3558	3566	-28	9944	79696
2012-08-27	3566	3565	3574	3548	3566	3561	-5	6882	76850
2012-08-28	3561	3558	3558	3532	3533	3541	-20	16388	71712
2012-08-29	3541	3537	3537	3406	3518	3482	-59	29066	60222
2012-08-30	3482	3520	3542	3474	3530	3521	39	20244	59128
2012-08-31	3521	3522	3532	3481	3490	3502	-19	7756	57530
2012-09-03	3502	3471	3474	3427	3428	3448	-54	11422	54482
2012-09-04	3448	3421	3429	3370	3375	3390	-58	18532	48380
2012-09-05	3390	3359	3387	3327	3330	3349	-41	12454	45086
2012-09-06	3349	3340	3389	3309	3376	3344	-5	13130	42940
2012-09-07	3344	3388	3479	3370	3465	3438	94	15510	41432
2012-09-10	3438	3470	3516	3453	3515	3491	53	10654	38744
2012-09-11	3491	3501	3512	3470	3492	3492	1	8038	35346
2012-09-12	3492	3498	3507	3470	3471	3486	-6	4058	34376
2012-09-13	3486	3461	3481	3457	3465	3468	-18	3516	33110
2012-09-14	3468	3489	3612	3489	3527	3526	58	6862	29890
2012-09-17	3526	3549	3560	3500	3560	3529	3	4180	27864
2012-09-18	3529	3495	3595	3495	3588	3570	41	4032	28160
2012-09-19	3570	3611	3655	3598	3654	3622	52	2880	27798
2012-09-20	3622	3622	3660	3601	3605	3635	13	5688	25712
2012-09-21	3635	3591	3644	3570	3618	3605	-30	2274	25264
2012-09-24	3605	3613	3686	3596	3671	3629	24	2112	25216
2012-09-25	3629	3671	3690	3666	3670	3677	48	2148	22480
2012-09-26	3677	3653	3680	3638	3651	3660	-17	1508	21954
2012-09-27	3660	3672	3690	3645	3664	3659	-1	2482	20946
2012-09-28	3659	3690	3690	3640	3650	3668	9	1884	20466
2012-10-08	3668	3660	3711	3660	3711	3680	12	426	20340
2012-10-10	3838	3790	3900	3790	3900	3845	7	120	20040
2012-10-11	3845				3845	3845	0		20040
2012-10-12	3845				3845	3845	0		20040
2012-10-15	3845	3730	3840	3720	3720	3748	-97	360	20340
