2011-04-18					4957	4957	0		
2011-04-19	4957				4957	4957	0		
2011-04-20	4957	4988	4988	4988	4988	4988	31	2	2
2011-04-21	4988				4988	4988	0		2
2011-04-22	4988	4998	4998	4998	4998	4998	10	2	2
2011-04-25	4998				4998	4998	0		2
2011-04-26	4998				4998	4998	0		2
2011-04-27	4998	4992	5032	4948	5019	4997	-1	8	4
2011-04-28	4997				4997	4997	0		4
2011-04-29	4997	5035	5086	4976	5048	5024	27	10	2
2011-05-03	5024	5003	5009	4981	5005	4989	-35	138	104
2011-05-04	4989	4962	4962	4960	4961	4961	-28	12	104
2011-05-05	4961	4922	4934	4918	4918	4919	-42	72	90
2011-05-06	4919	4850	4900	4834	4840	4847	-72	30	92
2011-05-09	4847	4840	4856	4840	4850	4843	-4	52	72
2011-05-10	4843	4842	4842	4842	4842	4842	-1	2	74
2011-05-11	4842	4880	4880	4860	4860	4867	25	20	70
2011-05-12	4867	4828	4829	4828	4829	4828	-39	4	72
2011-05-13	4828				4828	4828	0		72
2011-05-16	4828				4840	4840	12		72
2011-05-17	4840	4922	4922	4922	4922	4922	82	2	74
2011-05-18	4922	4898	4898	4875	4875	4886	-36	4	70
2011-05-19	4886				4886	4886	0		70
2011-05-20	4886	4842	4842	4842	4842	4842	-44	2	70
2011-05-23	4842				4842	4842	0		70
2011-05-24	4842	4799	4835	4799	4835	4822	-20	6	72
2011-05-25	4822				4822	4822	0		72
2011-05-26	4822	4856	4860	4843	4860	4851	29	12	72
2011-05-27	4851	4874	4874	4874	4874	4874	23	2	72
2011-05-30	4874	4918	4941	4918	4933	4939	65	124	188
2011-05-31	4939				4939	4939	0		188
2011-06-01	4939				4939	4939	0		188
2011-06-02	4939				4928	4928	-11		188
2011-06-03	4928				4928	4928	0		188
2011-06-07	4928				4928	4928	0		188
2011-06-08	4928				4928	4928	0		188
2011-06-09	4928				4928	4928	0		188
2011-06-10	4928				4920	4920	-8		188
2011-06-13	4920				4892	4892	-28		188
2011-06-14	4892				4892	4892	0		188
2011-06-15	4892				4892	4892	0		188
2011-06-16	4892				4892	4892	0		188
2011-06-17	4892				4892	4892	0		188
2011-06-20	4892	4720	4720	4720	4720	4720	-172	2	190
2011-06-21	4720	4706	4774	4684	4736	4737	17	28	206
2011-06-22	4737	4738	4748	4705	4705	4740	3	22	212
2011-06-23	4740	4735	4743	4735	4743	4737	-3	8	212
2011-06-24	4737	4716	4740	4716	4740	4726	-11	8	212
2011-06-27	4726	4700	4700	4685	4685	4692	-34	4	216
2011-06-28	4692	4724	4724	4678	4678	4694	2	20	224
2011-06-29	4694	4707	4730	4699	4720	4719	25	42	220
2011-06-30	4719	4736	4739	4724	4724	4734	15	16	222
2011-07-01	4734	4718	4725	4718	4725	4722	-12	6	220
2011-07-04	4722	4741	4769	4741	4769	4753	31	60	212
2011-07-05	4753				4762	4762	9		212
2011-07-06	4762				4787	4787	25		212
2011-07-07	4787	4830	4832	4830	4832	4831	44	4	212
2011-07-08	4831				4831	4831	0		212
2011-07-11	4831	4828	4889	4828	4889	4883	52	84	208
2011-07-12	4883	4913	4913	4822	4852	4863	-20	38	210
2011-07-13	4863	4874	4874	4874	4874	4874	11	2	210
2011-07-14	4874	4854	4856	4812	4856	4842	-32	12	208
2011-07-15	4842				4842	4842	0		208
2011-07-18	4842				4861	4861	19		208
2011-07-19	4861	4868	4898	4868	4898	4888	27	6	208
2011-07-20	4888	4888	4906	4888	4906	4901	13	8	206
2011-07-21	4901	4888	4888	4888	4888	4888	-13	2	206
2011-07-22	4888	4914	4914	4914	4914	4914	26	20	206
2011-07-25	4914	4908	4908	4889	4889	4898	-16	4	210
2011-07-26	4898	4881	4881	4874	4876	4877	-21	12	200
2011-07-27	4877	4901	4902	4901	4902	4901	24	4	200
2011-07-28	4901	4897	4903	4897	4903	4900	-1	6	202
2011-07-29	4900	4909	4912	4909	4912	4910	10	4	202
2011-08-01	4910				4927	4927	17		202
2011-08-02	4927	4921	4921	4921	4921	4921	-6	2	202
2011-08-03	4921	4964	4964	4930	4930	4940	19	10	202
2011-08-04	4940				4940	4940	0		202
2011-08-05	4940	4890	4890	4810	4826	4844	-96	14	206
2011-08-08	4844				4844	4844	0		206
2011-08-09	4844	4725	4739	4725	4739	4732	-112	4	206
2011-08-10	4732				4732	4732	0		206
2011-08-11	4732	4772	4798	4772	4795	4784	52	14	208
2011-08-12	4784	4826	4826	4826	4826	4826	42	2	206
2011-08-15	4826				4848	4848	22		206
2011-08-16	4848	4846	4846	4843	4843	4844	-4	4	204
2011-08-17	4844	4853	4853	4853	4853	4853	9	2	206
2011-08-18	4853	4906	4906	4883	4885	4890	37	8	200
2011-08-19	4890				4880	4880	-10		200
2011-08-22	4880				4875	4875	-5		200
2011-08-23	4875				4875	4875	0		200
2011-08-24	4875				4875	4875	0		200
2011-08-25	4875	4820	4820	4820	4820	4820	-55	6	206
2011-08-26	4820	4820	4820	4820	4820	4820	0	8	202
2011-08-29	4820	4780	4780	4780	4780	4780	-40	2	200
2011-08-30	4780				4788	4788	8		200
2011-08-31	4788				4788	4788	0		200
2011-09-01	4788				4794	4794	6		200
2011-09-02	4794				4794	4794	0		200
2011-09-05	4794	4835	4835	4835	4835	4835	41	2	202
2011-09-06	4835	4803	4803	4803	4803	4803	-32	2	200
2011-09-07	4803				4803	4803	0		200
2011-09-08	4803				4803	4803	0		200
2011-09-09	4803				4803	4803	0		200
2011-09-13	4803				4803	4803	0		200
2011-09-14	4803	4787	4787	4787	4787	4787	-16	2	202
2011-09-15	4787	4775	4775	4762	4762	4768	-19	4	202
2011-09-16	4768	4762	4771	4757	4757	4763	-5	12	206
2011-09-19	4763	4718	4726	4670	4696	4696	-67	20	206
2011-09-20	4696	4665	4665	4654	4654	4658	-38	12	206
2011-09-21	4658	4653	4690	4653	4680	4678	20	8	206
2011-09-22	4678	4644	4644	4627	4627	4635	-43	4	204
2011-09-23	4635	4562	4569	4523	4538	4541	-94	38	204
2011-09-26	4541	4541	4541	4500	4500	4505	-36	26	214
2011-09-27	4505	4505	4505	4470	4480	4481	-24	70	236
2011-09-28	4481	4498	4498	4433	4433	4465	-16	4	236
2011-09-29	4465	4337	4375	4315	4330	4345	-120	42	240
2011-09-30	4345	4335	4335	4335	4335	4335	-10	16	240
2011-10-10	4335	4364	4368	4360	4368	4360	25	26	236
2011-10-11	4360	4423	4423	4370	4370	4399	39	64	240
2011-10-12	4399				4378	4378	-21		240
2011-10-13	4378				4378	4378	0		240
2011-10-14	4378	4312	4391	4312	4331	4344	-34	12	240
2011-10-17	4344	4318	4318	4262	4262	4299	-45	8	240
2011-10-18	4299	4111	4179	4111	4152	4148	-151	10	240
2011-10-19	4148	4131	4170	4114	4114	4138	-10	6	240
2011-10-20	4138	3980	3993	3900	3993	3967	-171	92	290
2011-10-21	3967	3900	4022	3900	4015	3977	10	64	276
2011-10-24	3977	4024	4103	4024	4103	4036	59	26	274
2011-10-25	4036				4070	4070	34		274
2011-10-26	4070	4085	4085	4083	4083	4084	14	12	284
2011-10-27	4084	4110	4110	4100	4100	4105	21	4	286
2011-10-28	4105	4202	4242	4102	4179	4168	63	66	304
2011-10-31	4168	4219	4219	4117	4117	4169	1	50	290
2011-11-01	4169	4187	4187	4087	4087	4137	-32	46	284
2011-11-02	4137	4087	4087	3977	4070	4012	-125	346	520
2011-11-03	4012	4062	4088	4034	4048	4061	49	60	530
2011-11-04	4061	4147	4163	4097	4160	4134	73	62	512
2011-11-07	4134	4156	4160	4143	4155	4154	20	66	512
2011-11-08	4154	4187	4211	4171	4201	4191	37	188	482
2011-11-09	4191	4220	4235	4209	4230	4226	35	140	526
2011-11-10	4226	4190	4190	4117	4131	4136	-90	138	526
2011-11-11	4136	4165	4229	4150	4229	4200	64	78	524
2011-11-14	4200	4234	4278	4234	4278	4250	50	14	528
2011-11-15	4250	4225	4225	4221	4221	4222	-28	6	528
2011-11-16	4222	4251	4251	4205	4214	4222	0	22	522
2011-11-17	4222	4223	4277	4192	4232	4226	4	22	526
2011-11-18	4226	4198	4220	4198	4216	4213	-13	32	512
2011-11-21	4213	4191	4191	4140	4155	4167	-46	120	494
2011-11-22	4167	4139	4171	4139	4152	4155	-12	48	490
2011-11-23	4155	4201	4201	4112	4112	4147	-8	38	476
2011-11-24	4147	4103	4154	4096	4146	4132	-15	20	474
2011-11-25	4132	4145	4155	4125	4126	4134	2	22	474
2011-11-28	4134	4165	4178	4148	4169	4160	26	130	472
2011-11-29	4160	4176	4214	4176	4188	4200	40	18	476
2011-11-30	4200	4194	4224	4159	4180	4188	-12	82	502
2011-12-01	4188	4333	4333	4236	4238	4271	83	98	502
2011-12-02	4271	4238	4249	4223	4225	4234	-37	52	502
2011-12-05	4234	4248	4248	4248	4248	4248	14	2	502
2011-12-06	4248	4226	4227	4226	4227	4226	-22	8	508
2011-12-07	4226	4241	4255	4241	4255	4244	18	16	512
2011-12-08	4244	4250	4267	4250	4255	4255	11	16	510
2011-12-09	4255	4278	4279	4241	4262	4260	5	68	514
2011-12-12	4260	4245	4260	4243	4260	4253	-7	108	530
2011-12-13	4253	4225	4262	4220	4237	4237	-16	62	524
2011-12-14	4237	4237	4242	4234	4240	4237	0	52	494
2011-12-15	4237	4197	4223	4197	4223	4207	-30	30	488
2011-12-16	4207	4224	4266	4224	4260	4246	39	34	484
2011-12-19	4246	4260	4286	4240	4248	4253	7	98	472
2011-12-20	4253				4253	4253	0		472
2011-12-21	4253	4284	4284	4246	4246	4268	15	12	476
2011-12-22	4268	4250	4276	4250	4276	4265	-3	22	470
2011-12-23	4265	4269	4292	4269	4292	4278	13	10	466
2011-12-26	4278	4315	4315	4301	4303	4308	30	12	464
2011-12-27	4308	4312	4312	4312	4312	4312	4	4	464
2011-12-28	4312	4324	4324	4308	4312	4312	0	22	458
2011-12-29	4312	4305	4317	4271	4302	4306	-6	120	550
2011-12-30	4306	4271	4280	4223	4280	4269	-37	76	532
2012-01-04	4269	4272	4274	4220	4220	4252	-17	56	532
2012-01-05	4252	4230	4230	4230	4230	4230	-22	2	530
2012-01-06	4230	4246	4246	4246	4246	4246	16	2	530
2012-01-09	4246	4263	4263	4230	4231	4239	-7	60	496
2012-01-10	4239	4257	4262	4257	4262	4259	20	8	498
2012-01-11	4259				4259	4259	0		498
2012-01-12	4259	4260	4265	4250	4265	4261	2	54	460
2012-01-13	4261	4249	4249	4249	4249	4249	-12	2	458
2012-01-16	4249	4250	4279	4250	4279	4263	14	28	452
2012-01-17	4263	4267	4336	4267	4327	4314	51	148	348
2012-01-18	4314	4326	4346	4319	4329	4333	19	22	344
2012-01-19	4333	4325	4345	4325	4339	4336	3	14	342
2012-01-20	4336	4350	4360	4346	4346	4351	15	8	342
2012-01-30	4351	4393	4393	4330	4330	4358	7	88	334
2012-01-31	4358	4313	4348	4311	4315	4322	-36	40	326
2012-02-01	4322	4323	4323	4323	4323	4323	1	2	326
2012-02-02	4323	4336	4336	4315	4315	4325	2	8	324
2012-02-03	4325	4325	4353	4325	4353	4337	12	14	316
2012-02-06	4337	4350	4350	4349	4349	4349	12	8	316
2012-02-07	4349	4398	4398	4302	4302	4341	-8	96	308
2012-02-08	4341	4324	4340	4308	4340	4326	-15	82	320
2012-02-09	4326	4350	4350	4321	4321	4336	10	52	326
2012-02-10	4336	4336	4336	4296	4296	4323	-13	22	318
2012-02-13	4323	4260	4304	4260	4302	4286	-37	20	314
2012-02-14	4286	4300	4300	4287	4287	4291	5	6	316
2012-02-15	4291	4269	4270	4241	4246	4258	-33	26	314
2012-02-16	4258	4225	4271	4225	4269	4266	8	36	314
2012-02-17	4266	4262	4265	4232	4232	4257	-9	22	314
2012-02-20	4257	4336	4336	4250	4255	4263	6	116	302
2012-02-21	4263	4280	4281	4260	4275	4271	8	50	296
2012-02-22	4271	4275	4290	4275	4280	4278	7	86	304
2012-02-23	4278	4280	4283	4261	4261	4272	-6	10	298
2012-02-24	4272				4272	4272	0		298
2012-02-27	4272	4286	4299	4268	4299	4286	14	28	310
2012-02-28	4286	4286	4286	4286	4286	4286	0	36	274
2012-02-29	4286	4264	4290	4264	4290	4281	-5	6	272
2012-03-01	4281	4278	4278	4265	4265	4273	-8	6	268
2012-03-02	4273	4272	4272	4272	4272	4272	-1	16	254
2012-03-05	4272	4244	4258	4244	4258	4253	-19	6	248
2012-03-06	4253	4233	4233	4233	4233	4233	-20	4	248
2012-03-07	4233	4236	4255	4236	4250	4246	13	46	250
2012-03-08	4246	4269	4269	4269	4269	4269	23	2	250
2012-03-09	4269	4312	4330	4300	4300	4312	43	38	254
2012-03-12	4312	4302	4329	4302	4306	4312	0	6	250
2012-03-13	4312	4262	4312	4262	4312	4287	-25	4	250
2012-03-14	4287	4287	4330	4257	4257	4291	4	6	248
2012-03-15	4291				4291	4291	0		248
2012-03-16	4291	4295	4295	4284	4284	4290	-1	6	244
2012-03-19	4290	4201	4289	4201	4289	4245	-45	8	244
2012-03-20	4245	4263	4288	4263	4267	4272	27	18	244
2012-03-21	4272	4292	4294	4269	4294	4285	13	6	244
2012-03-22	4285	4281	4281	4260	4260	4272	-13	10	240
2012-03-23	4272	4248	4248	4248	4248	4248	-24	2	238
2012-03-26	4248	4233	4233	4233	4233	4233	-15	2	236
2012-03-27	4233	4221	4249	4191	4249	4223	-10	84	232
2012-03-28	4223	4225	4246	4225	4238	4236	13	58	188
2012-03-29	4236	4231	4231	4230	4230	4230	-6	6	184
2012-03-30	4230	4249	4249	4230	4230	4239	9	4	180
2012-04-05	4239				4239	4239	0		180
2012-04-06	4239				4240	4240	1		180
2012-04-09	4240				4240	4240	0		180
2012-04-10	4240				4240	4240	0		180
2012-04-11	4240				4240	4240	0		180
2012-04-12	4240				4330	4330	90		180
2012-04-13	4330	4300	4300	4300	4300	4300	-30	60	180
2012-04-16	4300	4341	4341	4340	4340	4340	40	360	360
