2010-08-31									
2010-09-01									
2010-09-02									
2010-09-03									
2010-09-06									
2010-09-07									
2010-09-08									
2010-09-09									
2010-09-10									
2010-09-13									
2010-09-14									
2010-09-15									
2010-09-16		4580	4580	4480	4480	4510	0	14	6
2010-09-17	4510	4453	4508	4440	4465	4470	-40	16	16
2010-09-20	4470	4538	4538	4480	4495	4507	37	48	16
2010-09-21	4507	4472	4472	4450	4450	4466	-41	10	18
2010-09-27	4466	4419	4465	4415	4415	4428	-38	10	24
2010-09-28	4428	4429	4429	4417	4417	4423	-5	6	20
2010-09-29	4423	4413	4444	4370	4419	4426	3	20	20
2010-09-30	4426	4410	4499	4400	4469	4427	1	36	36
2010-10-08	4427	4463	4490	4463	4490	4480	53	12	38
2010-10-11	4480	4519	4598	4519	4598	4582	102	164	104
2010-10-12	4582	4501	4608	4501	4529	4562	-20	190	250
2010-10-13	4562	4560	4595	4534	4570	4575	13	1180	1102
2010-10-14	4575	4595	4595	4560	4561	4574	-1	290	1142
2010-10-15	4574	4510	4579	4501	4577	4538	-36	174	1138
2010-10-18	4538	4558	4628	4550	4605	4604	66	164	1194
2010-10-19	4604	4625	4627	4570	4596	4600	-4	80	1158
2010-10-20	4600	4559	4560	4524	4535	4541	-59	100	1124
2010-10-21	4541	4556	4577	4542	4542	4555	14	120	1118
2010-10-22	4555	4453	4520	4453	4510	4506	-49	208	1144
2010-10-25	4506	4550	4594	4494	4591	4550	44	294	1188
2010-10-26	4550	4604	4620	4561	4562	4587	37	158	1172
2010-10-27	4587	4588	4625	4571	4576	4600	13	412	1212
2010-10-28	4600	4605	4607	4580	4592	4594	-6	162	1196
2010-10-29	4594	4600	4607	4558	4593	4580	-14	80	1198
2010-11-01	4580	4626	4638	4598	4627	4618	38	254	1194
2010-11-02	4618	4628	4648	4618	4626	4628	10	146	1222
2010-11-03	4628	4653	4670	4623	4637	4658	30	358	1266
2010-11-04	4658	4661	4730	4632	4710	4677	19	652	1352
2010-11-05	4677	4747	4835	4713	4781	4781	104	664	1434
2010-11-08	4781	4781	4797	4753	4775	4776	-5	896	1358
2010-11-09	4776	4768	5014	4768	4897	4870	94	1154	1322
2010-11-10	4870	4965	4965	4784	4820	4874	4	508	1356
2010-11-11	4874	4820	4900	4770	4824	4839	-35	838	1312
2010-11-12	4839	4801	4801	4606	4680	4686	-153	1352	1302
2010-11-15	4686	4680	4749	4588	4715	4691	5	890	1292
2010-11-16	4691	4721	4739	4691	4694	4715	24	698	1264
2010-11-17	4715	4594	4628	4510	4606	4585	-130	1084	1350
2010-11-18	4585	4658	4688	4621	4657	4658	73	984	1406
2010-11-19	4658	4658	4737	4658	4710	4693	35	514	1390
2010-11-22	4693	4720	4735	4639	4713	4706	13	524	1364
2010-11-23	4706	4708	4714	4657	4673	4686	-20	546	1374
2010-11-24	4686	4657	4745	4656	4737	4703	17	688	1342
2010-11-25	4703	4764	4789	4741	4754	4765	62	686	1322
2010-11-26	4765	4770	4770	4700	4715	4729	-36	202	1298
2010-11-29	4729	4745	4759	4703	4731	4735	6	418	1250
2010-11-30	4735	4730	4730	4677	4701	4703	-32	468	1260
2010-12-01	4703	4701	4745	4686	4723	4708	5	796	1250
2010-12-02	4708	4749	4780	4728	4742	4747	39	198	1244
2010-12-03	4747	4731	4787	4731	4763	4768	21	522	1388
2010-12-06	4768	4780	4781	4719	4760	4764	-4	596	1464
2010-12-07	4764	4752	4800	4751	4796	4782	18	336	1596
2010-12-08	4782	4782	4798	4750	4752	4778	-4	226	1572
2010-12-09	4778	4760	4783	4756	4765	4765	-13	298	1598
2010-12-10	4765	4751	4768	4730	4756	4748	-17	184	1668
2010-12-13	4748	4741	4811	4741	4810	4797	49	592	1708
2010-12-14	4797	4818	4823	4785	4811	4806	9	218	1642
2010-12-15	4806	4812	4829	4783	4793	4806	0	528	1882
2010-12-16	4806	4810	4821	4793	4793	4804	-2	78	1894
2010-12-17	4804	4807	4818	4805	4815	4810	6	82	1896
2010-12-20	4810	4833	4841	4770	4813	4818	8	456	1972
2010-12-21	4818	4814	4846	4814	4846	4829	11	414	2030
2010-12-22	4829	4838	4841	4793	4815	4813	-16	996	2064
2010-12-23	4813	4798	4808	4787	4793	4798	-15	178	2046
2010-12-24	4798	4800	4807	4782	4797	4795	-3	134	2048
2010-12-27	4795	4781	4809	4766	4775	4786	-9	168	2056
2010-12-28	4786	4776	4787	4773	4774	4782	-4	72	2034
2010-12-29	4782	4782	4807	4764	4804	4787	5	242	1992
2010-12-30	4787	4783	4819	4782	4819	4803	16	176	1972
2010-12-31	4803	4833	4839	4807	4823	4823	20	270	1976
2011-01-04	4823	4850	4861	4823	4861	4850	27	560	2172
2011-01-05	4850	4826	4870	4826	4850	4858	8	434	2186
2011-01-06	4858	4867	4889	4867	4875	4876	18	188	2256
2011-01-07	4876	4869	4882	4840	4873	4861	-15	142	2244
2011-01-10	4861	4880	5014	4880	4920	4937	76	604	2276
2011-01-11	4937	4932	4959	4920	4933	4931	-6	256	2266
2011-01-12	4931	4934	4955	4910	4933	4937	6	334	2274
2011-01-13	4937	4928	4966	4860	4964	4940	3	200	2282
2011-01-14	4940	4930	4976	4930	4976	4967	27	292	2410
2011-01-17	4967	4975	4989	4943	4965	4976	9	514	2588
2011-01-18	4976	4976	4983	4950	4960	4965	-11	240	2634
2011-01-19	4965	4980	4992	4955	4978	4978	13	210	2630
2011-01-20	4978	4955	4998	4955	4975	4970	-8	280	2512
2011-01-21	4970	4950	4994	4944	4986	4974	4	182	2542
2011-01-24	4974	4995	5018	4995	5012	5009	35	344	2726
2011-01-25	5009	5024	5030	4998	5019	5009	0	478	2738
2011-01-26	5009	5028	5028	4975	4991	4990	-19	210	2730
2011-01-27	4990	4992	5003	4961	4988	4972	-18	986	2180
2011-01-28	4972	4982	5000	4982	4991	4993	21	120	2178
2011-01-31	4993	5004	5049	5004	5038	5032	39	494	2430
2011-02-01	5032	5058	5059	5026	5058	5045	13	136	2424
2011-02-09	5045	5079	5100	5052	5059	5064	19	208	2388
2011-02-10	5064	5079	5119	5065	5116	5108	44	450	2570
2011-02-11	5108	5113	5157	5098	5102	5140	32	330	2482
2011-02-14	5140	5123	5123	5089	5097	5101	-39	200	2468
2011-02-15	5101	5116	5130	5100	5100	5117	16	498	2550
2011-02-16	5117	5090	5099	5051	5072	5067	-50	784	2404
2011-02-17	5067	5072	5072	4990	4990	5019	-48	1266	1822
2011-02-18	5019	5005	5010	4968	4968	4987	-32	662	1616
2011-02-21	4987	4987	5005	4945	4990	4977	-10	384	1634
2011-02-22	4977	5005	5032	4940	4966	4978	1	362	1620
2011-02-23	4978	4958	4958	4906	4927	4923	-55	290	1596
2011-02-24	4923	4927	4945	4861	4889	4894	-29	376	1622
2011-02-25	4894	4876	4899	4853	4854	4873	-21	244	1656
2011-02-28	4873	4891	4902	4861	4882	4889	16	422	1684
2011-03-01	4889	4889	4904	4808	4826	4841	-48	508	1688
2011-03-02	4841	4824	4843	4788	4829	4823	-18	334	1628
2011-03-03	4823	4812	4857	4782	4786	4807	-16	526	1654
2011-03-04	4807	4781	4804	4753	4784	4775	-32	292	1620
2011-03-07	4775	4794	4815	4780	4804	4799	24	420	1610
2011-03-08	4799	4762	4810	4715	4754	4779	-20	266	1592
2011-03-09	4779	4757	4771	4735	4748	4758	-21	446	1540
2011-03-10	4758	4750	4750	4653	4658	4707	-51	620	1644
2011-03-11	4707	4648	4677	4634	4651	4656	-51	680	1552
2011-03-14	4656	4652	4765	4637	4710	4677	21	964	1478
2011-03-15	4677	4735	4759	4687	4740	4716	39	558	1450
2011-03-16	4716	4740	4790	4726	4788	4764	48	646	1398
2011-03-17	4764	4776	4800	4756	4768	4779	15	330	1338
2011-03-18	4779	4812	4813	4701	4724	4745	-34	316	1352
2011-03-21	4745	4700	4724	4625	4625	4663	-82	304	1350
2011-03-22	4663	4603	4652	4603	4620	4633	-30	822	1312
2011-03-23	4633	4633	4709	4630	4706	4660	27	492	1328
2011-03-24	4660	4733	4754	4380	4680	4687	27	624	1272
2011-03-25	4687	4683	4728	4669	4691	4692	5	320	1260
2011-03-28	4692	4709	4754	4709	4736	4734	42	480	1170
2011-03-29	4734	4736	4799	4727	4775	4757	23	422	1144
2011-03-30	4757	4793	4798	4718	4757	4768	11	426	1158
2011-03-31	4768	4754	4787	4735	4757	4759	-9	340	1170
2011-04-01	4759	4757	4757	4650	4754	4737	-22	870	1268
2011-04-06	4737	4765	4841	4765	4823	4803	66	466	1274
2011-04-07	4803	4846	4875	4814	4834	4834	31	358	1234
2011-04-08	4834	4834	4870	4825	4870	4849	15	260	1186
2011-04-11	4849	4880	4896	4850	4875	4870	21	434	1178
2011-04-12	4870	4888	4888	4834	4863	4856	-14	612	1186
2011-04-13	4856	4845	4890	4818	4878	4861	5	816	1212
2011-04-14	4861	4880	4896	4864	4879	4874	13	196	1212
2011-04-15	4874	4861	4861	4753	4783	4802	-72	384	1256
2011-04-18	4802	4794	4815	4765	4800	4797	-5	268	1220
2011-04-19	4797	4796	4804	4733	4743	4764	-33	1340	1602
2011-04-20	4764	4768	4779	4751	4777	4767	3	910	1512
2011-04-21	4767	4789	4831	4789	4807	4816	49	416	1504
2011-04-22	4816	4835	4837	4796	4828	4819	3	328	1496
2011-04-25	4819	4850	4850	4825	4836	4833	14	258	1450
2011-04-26	4833	4816	4867	4805	4855	4845	12	772	1428
2011-04-27	4845	4869	4891	4845	4846	4867	22	474	1374
2011-04-28	4867	4874	4896	4860	4872	4879	12	386	1374
2011-04-29	4879	4861	4881	4811	4881	4860	-19	1178	1368
2011-05-03	4860	4905	4927	4890	4916	4914	54	708	1286
2011-05-04	4914	4917	4917	4891	4913	4905	-9	418	1248
2011-05-05	4905	4904	4904	4859	4892	4883	-22	538	1256
2011-05-06	4883	4859	4860	4781	4802	4809	-74	1078	1254
2011-05-09	4809	4808	4819	4771	4810	4801	-8	1128	1410
2011-05-10	4801	4823	4839	4809	4835	4825	24	346	1342
2011-05-11	4825	4833	4850	4815	4815	4832	7	256	1402
2011-05-12	4832	4779	4803	4763	4778	4785	-47	686	1408
2011-05-13	4785	4778	4854	4778	4847	4827	42	540	1402
2011-05-16	4827	4819	4856	4813	4819	4836	9	690	1308
2011-05-17	4836	4819	4830	4799	4823	4813	-23	266	1264
2011-05-18	4813	4841	4843	4805	4814	4822	9	294	1268
2011-05-19	4822	4840	4847	4823	4826	4832	10	574	1422
2011-05-20	4832	4821	4839	4814	4828	4827	-5	642	1598
2011-05-23	4827	4782	4833	4782	4798	4801	-26	1996	1668
2011-05-24	4801	4778	4832	4778	4819	4806	5	252	1656
2011-05-25	4806	4835	4850	4822	4844	4838	32	238	1584
2011-05-26	4838	4842	4868	4830	4867	4859	21	260	1548
2011-05-27	4859	4866	4879	4866	4866	4871	12	182	1540
2011-05-30	4871	4893	4915	4893	4905	4905	34	124	1494
2011-05-31	4905	4898	4914	4892	4900	4902	-3	100	1456
2011-06-01	4902	4890	4916	4890	4890	4899	-3	26	1448
2011-06-02	4899	4899	4900	4874	4879	4889	-10	16	1442
2011-06-03	4889	4893	4916	4893	4894	4907	18	120	1400
2011-06-07	4907	4907	4907	4891	4907	4901	-6	146	1370
2011-06-08	4901	4915	4925	4885	4922	4912	11	174	1382
2011-06-09	4912	4939	4939	4890	4890	4911	-1	154	1416
2011-06-10	4911	4918	4918	4908	4915	4913	2	88	1374
2011-06-13	4913	4901	4901	4879	4880	4888	-25	170	1312
2011-06-14	4888	4884	4895	4884	4895	4889	1	96	1312
2011-06-15	4889	4889	4895	4882	4882	4889	0	124	1274
2011-06-16	4889	4880	4895	4871	4875	4887	-2	342	1112
2011-06-17	4887	4870	4875	4825	4837	4851	-36	126	1110
2011-06-20	4851	4835	4835	4788	4788	4807	-44	84	1102
2011-06-21	4807	4809	4828	4791	4820	4806	-1	158	1100
2011-06-22	4806	4838	4838	4792	4802	4805	-1	196	1034
2011-06-23	4805	4765	4849	4765	4848	4832	27	98	1038
2011-06-24	4832	4847	4863	4732	4848	4840	8	348	1074
2011-06-27	4840	4820	4853	4820	4847	4840	0	46	1074
2011-06-28	4840	4850	4850	4820	4820	4829	-11	84	1008
2011-06-29	4829	4850	4850	4831	4831	4843	14	22	1008
2011-06-30	4843	4850	4875	4825	4857	4856	13	60	1008
2011-07-01	4856	4847	4863	4844	4844	4853	-3	16	1010
2011-07-04	4853	4853	4903	4812	4897	4883	30	166	1000
2011-07-05	4883	4905	4915	4884	4903	4897	14	38	998
2011-07-06	4897	4893	4911	4893	4893	4902	5	54	996
2011-07-07	4902	4909	4912	4901	4904	4908	6	24	994
2011-07-08	4908	4923	4923	4895	4911	4912	4	20	996
2011-07-11	4912	4890	4960	4890	4943	4934	22	112	972
2011-07-12	4934	4933	4951	4932	4945	4942	8	58	962
2011-07-13	4942	4961	5000	4961	4994	4990	48	146	960
2011-07-14	4990	5018	5018	4980	4993	4991	1	44	956
2011-07-15	4991	4995	4995	4985	4985	4990	-1	14	954
2011-07-18	4990	5000	5016	4978	4988	4999	9	70	908
2011-07-19	4999	4975	4997	4971	4997	4979	-20	12	910
2011-07-20	4979	4992	4992	4985	4992	4988	9	10	904
2011-07-21	4988	4980	5014	4980	4990	4997	9	72	902
2011-07-22	4997	4997	5019	4997	5017	5008	11	88	868
2011-07-25	5008	5010	5078	4993	5000	5020	12	270	826
2011-07-26	5020	5004	5011	5004	5004	5006	-14	34	818
2011-07-27	5006	5020	5020	5004	5006	5012	6	76	768
2011-07-28	5012	5019	5040	5014	5040	5031	19	652	494
2011-07-29	5031	5032	5036	5021	5028	5028	-3	58	474
2011-08-01	5028	5044	5061	5044	5061	5054	26	90	406
2011-08-02	5054	5054	5055	5025	5028	5034	-20	54	358
2011-08-03	5034	5030	5030	5008	5008	5017	-17	84	280
2011-08-04	5017	5017	5017	5017	5017	5017	0	2	278
2011-08-05	5017	4949	5049	4923	5005	4997	-20	26	262
2011-08-08	4997	4924	4995	4924	4975	4970	-27	14	260
2011-08-09	4970	4920	4984	4770	4920	4853	-117	72	282
2011-08-10	4853	4936	4990	4936	4940	4949	96	16	274
2011-08-11	4949	4944	4988	4940	4988	4954	5	8	274
2011-08-12	4954	4989	5008	4989	5005	5002	48	80	202
2011-08-15	5002	5032	5032	5032	5032	5032	30	30	232
2011-08-16	5032	4975	5028	4975	5028	4996	-36	22	224
2011-08-17	4996	4912	5030	4912	4959	4938	-58	48	182
2011-08-18	4938	4959	4984	4959	4972	4972	34	10	176
2011-08-19	4972	4945	4946	4941	4941	4942	-30	18	170
2011-08-22	4942	4949	4949	4949	4949	4949	7	4	166
2011-08-23	4949				4949	4949	0		166
2011-08-24	4949	4911	4911	4910	4910	4910	-39	8	166
2011-08-25	4910	4920	4950	4920	4950	4934	24	20	146
2011-08-26	4934				4934	4934	0		146
2011-08-29	4934	4855	4855	4851	4851	4852	-82	14	132
2011-08-30	4852	4845	4860	4784	4809	4818	-34	42	124
2011-08-31	4818	4680	4829	4562	4800	4705	-113	102	120
2011-09-01	4705				4800	4705	0		120
2011-09-02	4705				4800	4705	0		120
2011-09-05	4705				4800	4705	0		120
2011-09-06	4705				4800	4705	0		120
2011-09-07	4705				4710	4710	5		120
2011-09-08	4710	4780	4780	4780	4780	4780	70	60	120
2011-09-09	4780				4780	4780	0		120
2011-09-13	4780	4780	4780	4780	4780	4780	0	120	120
2011-09-14	4780				4780	4780	0		120
2011-09-15	4780				4780	4780	0		120
