2012-07-17					3970	3970	0		
2012-07-18	3970				3970	3970	0		
2012-07-19	3970				3916	3916	-54		
2012-07-20	3916	3920	3920	3920	3920	3920	4	2	2
2012-07-23	3920				3877	3877	-43		2
2012-07-24	3877				3860	3860	-17		2
2012-07-25	3860				3860	3860	0		2
2012-07-26	3860	3811	3822	3811	3822	3816	-44	4	4
2012-07-27	3816				3816	3816	0		4
2012-07-30	3816				3816	3816	0		4
2012-07-31	3816				3816	3816	0		4
2012-08-01	3816	3803	3850	3770	3770	3838	22	38	38
2012-08-02	3838	3740	3740	3700	3700	3702	-136	32	8
2012-08-03	3702	3777	3777	3777	3777	3777	75	2	10
2012-08-06	3777				3777	3777	0		10
2012-08-07	3777				3777	3777	0		10
2012-08-08	3777	3761	3761	3757	3760	3759	-18	6	10
2012-08-09	3759				3759	3759	0		10
2012-08-10	3759				3759	3759	0		10
2012-08-13	3759	3786	3786	3720	3776	3755	-4	10	8
2012-08-14	3755				3755	3755	0		8
2012-08-15	3755				3755	3755	0		8
2012-08-16	3755				3755	3755	0		8
2012-08-17	3755	3726	3726	3726	3726	3726	-29	2	10
2012-08-20	3726	3701	3701	3701	3701	3701	-25	2	12
2012-08-21	3701				3701	3701	0		12
2012-08-22	3701	3698	3698	3671	3671	3688	-13	6	18
2012-08-23	3688	3638	3869	3519	3629	3682	-6	1050	116
2012-08-24	3682	3620	3620	3597	3599	3615	-67	112	30
2012-08-27	3615	3580	3619	3580	3597	3603	-12	16	32
2012-08-28	3603	3588	3588	3570	3570	3580	-23	8	40
2012-08-29	3580	3539	3539	3529	3529	3533	-47	8	42
2012-08-30	3533	3564	3567	3564	3567	3566	33	6	42
2012-08-31	3566	3549	3549	3549	3549	3549	-17	2	42
2012-09-03	3549				3549	3549	0		42
2012-09-04	3549	3457	3470	3430	3468	3454	-95	42	48
2012-09-05	3454	3413	3415	3386	3386	3408	-46	14	50
2012-09-06	3408	3343	3408	3343	3372	3369	-39	16	54
2012-09-07	3369	3412	3534	3412	3525	3504	135	22	66
2012-09-10	3504	3521	3576	3519	3576	3544	40	18	62
2012-09-11	3544	3570	3597	3563	3597	3573	29	12	66
2012-09-12	3573	3588	3588	3573	3573	3578	5	6	62
2012-09-13	3578	3593	3593	3593	3593	3593	15	2	64
2012-09-14	3593	3643	3688	3643	3649	3669	76	64	62
2012-09-17	3669	3633	3669	3613	3669	3651	-18	22	70
2012-09-18	3651	3669	3688	3669	3688	3683	32	8	70
2012-09-19	3683	3692	3710	3690	3710	3694	11	38	64
2012-09-20	3694	3675	3731	3610	3610	3666	-28	52	56
2012-09-21	3666	3572	3591	3570	3591	3576	-90	22	54
2012-09-24	3576	3580	3680	3573	3680	3614	38	38	64
2012-09-25	3614	3682	3682	3682	3682	3682	68	2	64
2012-09-26	3682	3686	3686	3673	3673	3679	-3	8	64
2012-09-27	3679	3644	3706	3644	3669	3679	0	26	62
2012-09-28	3679	3685	3685	3606	3671	3661	-18	12	62
2012-10-08	3661	3725	3727	3725	3727	3725	64	10	56
2012-10-10	3751	3740	3773	3703	3750	3729	-22	38	64
2012-10-11	3729	3755	3755	3686	3705	3733	4	1230	66
2012-10-12	3733	3701	3701	3693	3693	3697	-36	4	66
2012-10-15	3697	3663	3663	3619	3619	3639	-58	12	70
2012-10-16	3639	3601	3620	3587	3620	3593	-46	60	80
2012-10-17	3593	3621	3677	3601	3677	3626	33	64	92
2012-10-18	3626	3703	3703	3682	3696	3693	67	32	88
2012-10-19	3693	3690	3694	3690	3694	3692	-1	4	88
2012-10-22	3692	3715	3725	3715	3725	3720	28	20	82
2012-10-23	3720	3745	3746	3698	3698	3717	-3	20	86
2012-10-24	3717	3704	3704	3684	3684	3692	-25	24	100
2012-10-25	3692	3708	3708	3679	3690	3686	-6	16	88
2012-10-26	3686	3697	3697	3670	3670	3679	-7	6	88
2012-10-29	3679	3668	3668	3654	3654	3658	-21	6	90
2012-10-30	3658				3658	3658	0		90
2012-10-31	3658				3658	3658	0		90
2012-11-01	3658	3665	3702	3665	3702	3682	24	12	86
2012-11-02	3682	3680	3689	3680	3689	3684	2	8	82
