2009-08-19	4531	4219	4283	4219	4250	4241	-290	112	74
2009-08-20	4241	4347	4347	4250	4320	4292	51	64	82
2009-08-21	4292	4420	4474	4420	4430	4437	145	28	86
2009-08-24	4437	4558	4558	4401	4418	4463	26	30	84
2009-08-25	4463	4350	4370	4315	4368	4341	-122	74	128
2009-08-26	4341	4340	4409	4325	4409	4355	14	60	164
2009-08-27	4355	4350	4415	4350	4402	4387	32	34	180
2009-08-28	4387	4433	4433	4410	4420	4422	35	18	188
2009-08-31	4422	4370	4374	4330	4374	4346	-76	54	204
2009-09-01	4346	4270	4355	4250	4326	4334	-12	74	218
2009-09-02	4334	4318	4338	4281	4281	4308	-26	100	230
2009-09-03	4308	4260	4330	4260	4326	4280	-28	60	256
2009-09-04	4280	4261	4300	4261	4290	4285	5	34	268
2009-09-07	4285	4318	4319	4181	4190	4241	-44	118	308
2009-09-08	4241	4171	4215	4120	4192	4192	-49	108	320
2009-09-09	4192	4313	4313	4220	4290	4281	89	36	318
2009-09-10	4281	4282	4326	4282	4308	4309	28	34	312
2009-09-11	4309	4295	4295	4261	4272	4283	-26	16	318
2009-09-14	4283	4220	4285	4220	4285	4263	-20	68	314
2009-09-15	4263	4320	4320	4300	4300	4309	46	10	312
2009-09-16	4309	4338	4340	4336	4337	4337	28	20	312
2009-09-17	4337	4375	4377	4322	4322	4342	5	30	308
2009-09-18	4342	4303	4317	4282	4317	4296	-46	24	308
2009-09-21	4296	4355	4355	4270	4331	4327	31	54	282
2009-09-22	4327	4308	4308	4308	4308	4308	-19	2	282
2009-09-23	4308	4298	4307	4270	4270	4294	-14	284	222
2009-09-24	4294	4238	4239	4151	4172	4195	-99	136	194
2009-09-25	4195	4090	4179	4090	4125	4141	-54	58	202
2009-09-28	4141	4036	4068	3977	3977	4029	-112	72	192
2009-09-29	4029	3960	4082	3960	4043	4059	30	112	252
2009-09-30	4059	4080	4090	4036	4057	4058	-1	92	290
2009-10-09	4058	4028	4028	4028	4028	4028	-30	6	294
2009-10-12	4028	3965	4024	3965	3980	3996	-32	84	332
2009-10-13	3996	3993	3993	3958	3977	3983	-13	56	372
2009-10-14	3983	3985	4010	3980	3992	3988	5	146	466
2009-10-15	3988	4010	4030	4010	4025	4024	36	44	470
2009-10-16	4024	4038	4058	4025	4040	4041	17	20	480
2009-10-19	4041	4060	4194	4060	4060	4114	73	282	514
2009-10-20	4114	4077	4115	4065	4110	4089	-25	26	504
2009-10-21	4089	4120	4126	4086	4126	4113	24	18	512
2009-10-22	4113	4175	4175	4128	4136	4145	32	194	590
2009-10-23	4145	4122	4180	4122	4163	4161	16	58	604
2009-10-26	4161	4210	4288	4210	4288	4256	95	442	876
2009-10-27	4256	4283	4289	4261	4285	4269	13	142	858
2009-10-28	4269	4253	4273	4205	4218	4254	-15	148	934
2009-10-29	4254	4178	4209	4160	4161	4181	-73	56	922
2009-10-30	4181	4247	4248	4200	4216	4225	44	236	1054
2009-11-02	4225	4207	4250	4204	4242	4226	1	124	1084
2009-11-03	4226	4250	4280	4225	4230	4251	25	188	1150
2009-11-04	4251	4249	4260	4245	4250	4249	-2	42	1138
2009-11-05	4249	4282	4303	4276	4303	4293	44	298	1128
2009-11-06	4293	4350	4405	4342	4399	4378	85	1160	1736
2009-11-09	4378	4430	4553	4429	4501	4497	119	3770	2870
2009-11-10	4497	4528	4535	4460	4474	4477	-20	1386	2724
2009-11-11	4477	4485	4530	4477	4500	4500	23	710	2792
2009-11-12	4500	4498	4518	4462	4467	4482	-18	554	2888
2009-11-13	4482	4480	4532	4442	4527	4491	9	662	3014
2009-11-16	4491	4549	4593	4533	4554	4561	70	1418	3140
2009-11-17	4561	4506	4592	4506	4568	4572	11	1106	3462
2009-11-18	4572	4568	4607	4554	4585	4583	11	678	3518
2009-11-19	4583	4585	4651	4572	4630	4623	40	1202	3462
2009-11-20	4623	4688	4688	4600	4624	4631	8	418	3406
2009-11-23	4631	4624	4669	4618	4656	4649	18	350	3278
2009-11-24	4649	4644	4695	4572	4597	4627	-22	580	3222
2009-11-25	4627	4600	4695	4600	4682	4661	34	726	3346
2009-11-26	4661	4746	4747	4643	4680	4690	29	378	3378
2009-11-27	4690	4660	4660	4475	4493	4554	-136	1126	3216
2009-11-30	4554	4569	4599	4552	4580	4576	22	550	3210
2009-12-01	4576	4611	4611	4542	4574	4568	-8	528	3336
2009-12-02	4568	4580	4610	4572	4599	4592	24	248	3292
2009-12-03	4592	4630	4630	4598	4607	4608	16	282	3374
2009-12-04	4608	4565	4607	4565	4600	4580	-28	534	3346
2009-12-07	4580	4591	4622	4591	4603	4603	23	260	3320
2009-12-08	4603	4559	4597	4553	4565	4564	-39	490	3366
2009-12-09	4564	4475	4578	4475	4506	4516	-48	392	3338
2009-12-10	4516	4481	4559	4481	4550	4531	15	270	3332
2009-12-11	4531	4589	4629	4575	4629	4605	74	484	3310
2009-12-14	4605	4643	4643	4571	4639	4603	-2	588	3254
2009-12-15	4603	4612	4645	4585	4608	4621	18	658	3306
2009-12-16	4621	4590	4621	4590	4602	4606	-15	178	3254
2009-12-17	4606	4600	4630	4586	4587	4607	1	268	3314
2009-12-18	4607	4570	4586	4560	4576	4569	-38	170	3306
2009-12-21	4569	4563	4588	4563	4580	4573	4	74	3286
2009-12-22	4573	4588	4605	4570	4570	4587	14	350	3320
2009-12-23	4587	4586	4586	4565	4571	4571	-16	210	3316
2009-12-24	4571	4581	4613	4574	4592	4593	22	514	3712
2009-12-25	4593	4615	4615	4588	4612	4599	6	494	3458
2009-12-28	4599	4643	4643	4617	4630	4624	25	606	3344
2009-12-29	4624	4637	4650	4620	4620	4630	6	544	3138
2009-12-30	4630	4630	4630	4620	4620	4624	-6	108	3120
2009-12-31	4624	4637	4638	4620	4636	4633	9	102	3124
2010-01-04	4633	4658	4699	4640	4680	4678	45	430	3106
2010-01-05	4678	4697	4697	4678	4686	4685	7	378	3118
2010-01-06	4685	4682	4714	4682	4709	4706	21	1448	4164
2010-01-07	4706	4715	4739	4530	4596	4692	-14	1042	4426
2010-01-08	4692	4636	4640	4572	4633	4592	-100	394	4384
2010-01-11	4592	4610	4677	4610	4655	4650	58	362	4462
2010-01-12	4650	4640	4662	4625	4655	4644	-6	432	4278
2010-01-13	4644	4500	4597	4500	4565	4570	-74	228	4182
2010-01-14	4570	4632	4632	4589	4589	4603	33	62	4190
2010-01-15	4603	4590	4590	4538	4538	4546	-57	568	3774
2010-01-18	4546	4539	4566	4532	4560	4549	3	78	3768
2010-01-19	4549	4595	4598	4546	4565	4559	10	188	3740
2010-01-20	4559	4530	4555	4521	4533	4534	-25	66	3754
2010-01-21	4534	4504	4545	4481	4530	4505	-29	454	3712
2010-01-22	4505	4502	4531	4412	4460	4462	-43	268	3692
2010-01-25	4462	4422	4453	4422	4431	4439	-23	120	3702
2010-01-26	4439	4470	4470	4426	4438	4434	-5	120	3726
2010-01-27	4434	4521	4521	4440	4481	4471	37	122	3726
2010-01-28	4471	4441	4471	4440	4459	4448	-23	412	3708
2010-01-29	4448	4460	4467	4442	4456	4462	14	222	3764
2010-02-01	4462	4509	4509	4436	4447	4446	-16	254	3788
2010-02-02	4446	4363	4460	4284	4315	4344	-102	424	3832
2010-02-03	4344	4308	4344	4300	4343	4324	-20	424	3728
2010-02-04	4324	4280	4329	4266	4301	4298	-26	288	3694
2010-02-05	4298	4270	4327	4247	4285	4274	-24	510	3404
2010-02-08	4274	4269	4309	4269	4301	4301	27	284	3434
2010-02-09	4301	4297	4336	4293	4307	4319	18	146	3496
2010-02-10	4319	4335	4392	4332	4375	4367	48	336	3578
2010-02-11	4367	4351	4388	4351	4384	4376	9	420	3666
2010-02-12	4376	4400	4435	4400	4433	4417	41	4216	4214
2010-02-22	4417	4483	4687	4400	4411	4440	23	412	4268
2010-02-23	4440	4420	4454	4416	4442	4434	-6	564	4620
2010-02-24	4434	4388	4461	4388	4421	4420	-14	126	4640
2010-02-25	4420	4430	4430	4398	4403	4417	-3	316	4754
2010-02-26	4417	4410	4411	4375	4411	4391	-26	232	4740
2010-03-01	4391	4431	4439	4401	4436	4429	38	738	5014
2010-03-02	4429	4425	4425	4391	4402	4401	-28	138	4990
2010-03-03	4401	4400	4424	4361	4375	4377	-24	140	4984
2010-03-04	4377	4375	4390	4341	4359	4368	-9	290	4912
2010-03-05	4368	4390	4395	4375	4395	4388	20	278	4916
2010-03-08	4388	4405	4445	4405	4445	4420	32	908	5528
2010-03-09	4420	4440	4450	4420	4445	4437	17	218	5478
2010-03-10	4437	4474	4478	4440	4454	4467	30	400	5680
2010-03-11	4467	4467	4475	4423	4463	4462	-5	292	5662
2010-03-12	4462	4498	4498	4451	4462	4465	3	226	5690
2010-03-15	4465	4467	4470	4453	4470	4461	-4	114	5706
2010-03-16	4461	4470	4599	4466	4581	4549	88	436	5692
2010-03-17	4549	4586	4628	4562	4580	4589	40	696	5614
2010-03-18	4589	4482	4599	4482	4550	4561	-28	556	5578
2010-03-19	4561	4581	4597	4550	4573	4570	9	258	5568
2010-03-22	4570	4590	4630	4582	4603	4607	37	578	5472
2010-03-23	4607	4608	4627	4575	4589	4598	-9	416	5438
2010-03-24	4598	4572	4609	4572	4608	4599	1	652	5648
2010-03-25	4599	4608	4640	4607	4640	4626	27	310	5610
2010-03-26	4626	4640	4675	4632	4638	4653	27	676	5698
2010-03-29	4653	4694	4694	4640	4653	4649	-4	450	5684
2010-03-30	4649	4676	4676	4564	4610	4644	-5	534	5642
2010-03-31	4644	4602	4610	4601	4605	4603	-41	136	5630
2010-04-01	4603	4605	4613	4585	4607	4601	-2	194	5632
2010-04-02	4601	4632	4632	4610	4629	4620	19	204	5544
2010-04-06	4620	4629	4655	4629	4655	4648	28	224	5516
2010-04-07	4648	4662	4672	4660	4669	4667	19	118	5496
2010-04-09	4651	4630	4670	4619	4660	4649	-2	370	5456
2010-04-12	4649	4687	4690	4673	4690	4682	33	244	5430
2010-04-13	4682	4690	4719	4681	4713	4706	24	1090	5558
2010-04-14	4706	4728	4728	4622	4705	4713	7	508	5498
2010-04-15	4713	4701	4725	4668	4668	4694	-19	812	5710
2010-04-16	4694	4695	4695	4660	4688	4670	-24	362	5892
2010-04-19	4670	4633	4669	4611	4613	4630	-40	724	5868
2010-04-20	4630	4642	4642	4616	4639	4626	-4	452	5840
2010-04-21	4626	4652	4652	4608	4627	4621	-5	360	5800
2010-04-22	4621	4630	4635	4605	4612	4618	-3	76	5802
2010-04-23	4618	4570	4621	4570	4603	4601	-17	336	5864
2010-04-26	4601	4610	4651	4568	4582	4601	0	314	5774
2010-04-27	4601	4571	4596	4537	4538	4553	-48	484	5498
2010-04-28	4553	4498	4520	4449	4460	4486	-67	1382	5398
2010-04-29	4486	4480	4491	4444	4450	4467	-19	650	5600
2010-04-30	4467	4450	4482	4450	4480	4468	1	1596	6166
2010-05-04	4468	4460	4509	4460	4496	4484	16	572	6160
2010-05-05	4484	4341	4483	4341	4477	4465	-19	1216	6666
2010-05-06	4465	4468	4483	4426	4430	4445	-20	5472	10744
2010-05-07	4445	4430	4430	4351	4368	4378	-67	2080	11370
2010-05-10	4378	4372	4375	4319	4345	4342	-36	1770	11458
2010-05-11	4342	4350	4353	4305	4308	4335	-7	3862	12378
2010-05-12	4335	4305	4305	4240	4246	4258	-77	1538	12348
2010-05-13	4258	4230	4255	4200	4236	4228	-30	2144	12368
2010-05-14	4228	4240	4244	4200	4210	4227	-1	2254	13044
2010-05-17	4227	4181	4181	4020	4035	4085	-142	3736	13160
2010-05-18	4085	4029	4075	3980	4025	4022	-63	2438	13144
2010-05-19	4022	4025	4059	4001	4050	4041	19	4424	13914
2010-05-20	4041	4058	4150	4058	4074	4090	49	5374	15524
2010-05-21	4090	4050	4080	4007	4060	4045	-45	1886	15542
2010-05-24	4045	4080	4148	4080	4123	4107	62	2558	16026
2010-05-25	4107	4122	4135	4097	4109	4116	9	3344	16834
2010-05-26	4116	4112	4129	4093	4115	4114	-2	2070	16744
2010-05-27	4114	4101	4120	4080	4110	4099	-15	1368	16838
2010-05-28	4099	4129	4139	4107	4110	4127	28	2162	16944
2010-05-31	4127	4095	4105	4071	4071	4092	-35	1128	17000
2010-06-01	4092	4040	4068	4036	4042	4045	-47	1370	17036
2010-06-02	4045	4035	4062	4010	4038	4039	-6	1076	16886
2010-06-03	4039	4041	4068	4040	4056	4058	19	856	16912
2010-06-04	4058	4039	4054	4038	4050	4045	-13	694	16958
2010-06-07	4045	3991	3991	3859	3941	3949	-96	4322	14768
2010-06-08	3949	3934	3965	3934	3965	3957	8	1040	13988
2010-06-09	3957	3980	4001	3961	4001	3985	28	666	13850
2010-06-10	3985	3986	3991	3977	3984	3983	-2	130	13772
2010-06-11	3983	3999	4012	3987	3991	3995	12	594	13670
2010-06-17	3995	4012	4030	4000	4000	4010	15	288	13584
2010-06-18	4010	4010	4010	3980	3988	3994	-16	320	13666
2010-06-21	3994	3990	4026	3982	4026	4010	16	1166	13510
2010-06-22	4010	4000	4019	3991	4002	4009	-1	498	13472
2010-06-23	4009	3990	3998	3966	3977	3979	-30	1102	13146
2010-06-24	3979	3970	3997	3970	3993	3991	12	380	13180
2010-06-25	3991	3982	3985	3973	3982	3980	-11	324	13188
2010-06-28	3980	3990	3990	3949	3953	3958	-22	806	12728
2010-06-29	3958	3941	3953	3912	3924	3925	-33	1354	11866
2010-06-30	3925	3901	3906	3895	3902	3899	-26	1722	11070
2010-07-01	3899	3900	3900	3884	3886	3888	-11	346	10958
2010-07-02	3888	3886	3938	3860	3894	3873	-15	988	10598
2010-07-05	3873	3935	3935	3875	3878	3889	16	420	10520
2010-07-06	3889	3870	3889	3870	3871	3877	-12	538	10572
2010-07-07	3877	3870	3878	3859	3859	3871	-6	520	10410
2010-07-08	3871	3870	3876	3844	3844	3857	-14	1080	9752
2010-07-09	3857	3840	3840	3821	3823	3828	-29	918	9306
2010-07-12	3828	3825	3828	3810	3818	3818	-10	148	9292
2010-07-13	3818	3806	3807	3785	3790	3794	-24	566	8876
2010-07-14	3794	3782	3791	3776	3779	3780	-14	700	8690
2010-07-15	3780	3776	3776	3762	3775	3764	-16	236	8628
2010-07-16	3764	3797	3797	3751	3768	3765	1	396	8610
2010-07-19	3765	3777	3809	3757	3808	3802	37	824	8604
2010-07-20	3802	3825	3896	3811	3887	3840	38	2334	8848
2010-07-21	3840	3888	3927	3870	3900	3898	58	2750	8798
2010-07-22	3898	3873	3905	3873	3886	3890	-8	764	8654
2010-07-23	3890	3916	3967	3916	3967	3941	51	752	8708
2010-07-26	3941	3951	3960	3918	3920	3938	-3	620	8566
2010-07-27	3938	3913	3913	3882	3888	3898	-40	338	8552
2010-07-28	3898	3880	3920	3880	3920	3894	-4	1282	8066
2010-07-29	3894	3920	3925	3894	3906	3903	9	848	8012
2010-07-30	3903	3906	3978	3900	3952	3956	53	3064	8160
2010-08-02	3956	3980	4040	3980	4030	4024	68	1140	8160
2010-08-03	4024	4020	4025	4015	4020	4019	-5	2580	8040
2010-08-04	4019	4001	4020	4001	4005	4009	-10	720	7920
2010-08-05	4009	4098	4098	4025	4031	4069	60	1080	8040
2010-08-06	4069	4023	4030	4010	4030	4022	-47	540	8280
2010-08-09	4022	4060	4109	4050	4090	4082	60	1440	8460
2010-08-10	4082	4109	4109	4076	4082	4092	10	600	8760
2010-08-11	4092	4127	4142	4110	4110	4130	38	840	8760
2010-08-12	4130	4080	4098	4080	4085	4089	-41	840	9360
2010-08-13	4089	4075	4095	4070	4095	4076	-13	420	9540
2010-08-16	4076	4100	4120	4094	4094	4108	32	240	9660
