2012-05-16					4091	4091	0		
2012-05-17	4091	4155	4155	4080	4106	4103	12	20	12
2012-05-18	4103	4078	4102	4071	4071	4077	-26	32	36
2012-05-21	4077	4071	4115	4071	4102	4100	23	28	44
2012-05-22	4100	4122	4122	4090	4090	4099	-1	44	80
2012-05-23	4099	4055	4079	4041	4068	4050	-49	86	158
2012-05-24	4050	4040	4063	4040	4062	4052	2	74	208
2012-05-28	4057	4097	4129	4081	4129	4110	53	184	390
2012-05-29	4110	4107	4143	4107	4143	4127	17	122	448
2012-05-30	4127	4132	4139	4123	4131	4130	3	108	492
2012-05-31	4130	4027	4139	4027	4127	4115	-15	150	492
2012-06-01	4115	4127	4129	4115	4119	4122	7	48	496
2012-06-04	4122	4080	4090	4039	4048	4058	-64	408	744
2012-06-05	4058	4060	4110	4060	4088	4085	27	100	786
2012-06-06	4085	4098	4139	4088	4099	4109	24	172	770
2012-06-07	4109	4130	4133	4097	4109	4117	8	116	824
2012-06-08	4117	4097	4123	4087	4110	4102	-15	140	848
2012-06-11	4102	4129	4136	4103	4129	4124	22	122	844
2012-06-12	4124	4100	4115	4085	4108	4101	-23	188	902
2012-06-13	4101	4111	4121	4105	4113	4115	14	1450	2196
2012-06-14	4115	4107	4128	4103	4113	4117	2	154	2246
2012-06-15	4117	4130	4145	4126	4145	4133	16	202	2382
2012-06-18	4133	4188	4188	4138	4142	4151	18	98	2386
2012-06-19	4151	4146	4146	4133	4143	4141	-10	220	2520
2012-06-20	4141	4152	4161	4152	4159	4158	17	158	2618
2012-06-21	4158	4149	4150	4137	4143	4142	-16	294	2778
2012-06-25	4142	4136	4143	4125	4130	4134	-8	228	2756
2012-06-26	4134	4130	4130	4094	4103	4109	-25	502	3102
2012-06-27	4109	4099	4100	4086	4088	4091	-18	328	3340
2012-06-28	4091	4098	4101	4083	4099	4089	-2	564	3702
2012-06-29	4089	4081	4109	4071	4090	4092	3	566	3718
2012-07-02	4092	4099	4120	4048	4057	4063	-29	616	3994
2012-07-03	4063	4058	4109	4052	4099	4090	27	1388	4208
2012-07-04	4090	4107	4115	4092	4106	4103	13	228	4222
2012-07-05	4103	4105	4118	4095	4110	4102	-1	214	4300
2012-07-06	4102	4106	4112	4100	4105	4104	2	148	4326
2012-07-09	4104	4095	4095	4054	4062	4070	-34	534	4532
2012-07-10	4070	4056	4058	3995	4001	4019	-51	1010	5072
2012-07-11	4019	4000	4002	3968	3979	3981	-38	1004	5394
2012-07-12	3981	3982	3991	3956	3972	3970	-11	1756	6142
2012-07-13	3970	3972	3995	3960	3994	3975	5	1276	6156
2012-07-16	3975	3995	3999	3948	3953	3965	-10	2136	7074
2012-07-17	3965	3958	3958	3918	3930	3931	-34	1552	7464
2012-07-18	3931	3935	3935	3911	3922	3925	-6	1054	7702
2012-07-19	3925	3928	3928	3884	3888	3902	-23	1788	8580
2012-07-20	3902	3899	3899	3822	3825	3853	-49	3194	10208
2012-07-23	3853	3789	3799	3742	3766	3774	-79	8212	13256
2012-07-24	3774	3753	3797	3740	3763	3758	-16	11078	15850
2012-07-25	3758	3752	3778	3725	3752	3759	1	6386	15540
2012-07-26	3759	3763	3774	3741	3755	3755	-4	6444	17818
2012-07-27	3755	3774	3798	3759	3795	3773	18	6826	19020
2012-07-30	3773	3800	3808	3755	3779	3778	5	7326	20634
2012-07-31	3778	3775	3793	3775	3787	3783	5	7640	22228
2012-08-01	3783	3779	3779	3730	3734	3753	-30	8926	25142
2012-08-02	3753	3726	3726	3693	3711	3709	-44	7946	27466
2012-08-03	3709	3685	3724	3672	3712	3703	-6	6912	28602
2012-08-06	3703	3718	3737	3705	3727	3722	19	6944	29648
2012-08-07	3722	3730	3738	3719	3735	3729	7	6214	30816
2012-08-08	3729	3733	3748	3719	3725	3734	5	10192	33032
2012-08-09	3734	3733	3746	3719	3744	3734	0	8598	36064
2012-08-10	3734	3740	3770	3735	3766	3756	22	9332	36042
2012-08-13	3756	3768	3772	3728	3731	3750	-6	8414	37508
2012-08-14	3750	3735	3741	3700	3722	3720	-30	8418	37742
2012-08-15	3720	3712	3738	3703	3723	3720	0	7764	39374
2012-08-16	3720	3725	3727	3704	3704	3715	-5	7386	41924
2012-08-17	3715	3710	3715	3674	3685	3691	-24	18352	49368
2012-08-20	3691	3686	3686	3664	3666	3671	-20	10570	53242
2012-08-21	3671	3660	3665	3637	3651	3649	-22	17104	58394
2012-08-22	3649	3659	3667	3618	3620	3639	-10	20882	64766
2012-08-23	3639	3623	3628	3581	3598	3600	-39	29564	72970
2012-08-24	3600	3593	3593	3554	3560	3566	-34	20706	80106
2012-08-27	3566	3550	3576	3544	3568	3564	-2	17210	84684
2012-08-28	3564	3555	3562	3524	3526	3541	-23	28444	92478
2012-08-29	3541	3525	3537	3404	3536	3475	-66	109064	112020
2012-08-30	3475	3520	3549	3466	3542	3515	40	94882	117736
2012-08-31	3515	3525	3541	3489	3489	3512	-3	65706	122012
2012-09-03	3512	3479	3479	3428	3428	3449	-63	101590	141014
2012-09-04	3449	3412	3412	3324	3337	3365	-84	163800	166106
2012-09-05	3365	3315	3330	3267	3274	3299	-66	200252	192520
2012-09-06	3299	3265	3349	3257	3333	3303	4	247532	195178
2012-09-07	3303	3326	3468	3325	3468	3410	107	376438	169572
2012-09-10	3410	3498	3550	3460	3539	3508	98	361244	180668
2012-09-11	3508	3536	3540	3490	3524	3516	8	259294	178246
2012-09-12	3516	3501	3574	3497	3529	3533	17	273130	187954
2012-09-13	3533	3512	3542	3507	3514	3524	-9	143750	181140
2012-09-14	3524	3575	3668	3575	3615	3606	82	228774	178020
2012-09-17	3606	3605	3633	3578	3619	3608	2	222500	196682
2012-09-18	3608	3601	3659	3592	3640	3634	26	183022	196614
2012-09-19	3634	3655	3679	3637	3679	3661	27	180682	203354
2012-09-20	3661	3667	3676	3541	3542	3598	-63	320964	229606
2012-09-21	3598	3554	3567	3505	3537	3538	-60	323910	244354
2012-09-24	3538	3526	3602	3516	3592	3555	17	253756	242358
2012-09-25	3555	3601	3624	3585	3587	3603	48	223054	244648
2012-09-26	3603	3578	3622	3555	3582	3590	-13	201488	234446
2012-09-27	3590	3573	3670	3565	3607	3595	5	166194	225678
2012-09-28	3595	3615	3634	3598	3634	3615	20	81246	213676
2012-10-08	3615	3657	3695	3652	3680	3677	62	171758	223994
2012-10-10	3691	3691	3721	3676	3705	3706	15	246634	282258
2012-10-11	3706	3691	3699	3636	3655	3664	-42	283698	304360
2012-10-12	3664	3656	3686	3638	3646	3661	-3	317228	336702
2012-10-15	3661	3609	3633	3555	3556	3585	-76	546086	449706
2012-10-16	3585	3561	3592	3531	3589	3564	-21	974986	533370
2012-10-17	3564	3590	3666	3563	3657	3624	60	1910666	623578
2012-10-18	3624	3670	3685	3655	3675	3671	47	1139592	646686
2012-10-19	3671	3678	3683	3634	3651	3657	-14	1402866	654286
2012-10-22	3657	3640	3733	3624	3732	3691	34	2415424	887768
2012-10-23	3691	3733	3746	3653	3660	3703	12	3274936	807508
2012-10-24	3703	3653	3693	3647	3684	3674	-29	2505778	817404
2012-10-25	3674	3680	3698	3653	3679	3668	-6	2395024	863754
2012-10-26	3668	3674	3702	3655	3683	3677	9	2704280	834678
2012-10-29	3677	3686	3696	3616	3619	3648	-29	2832374	1001290
2012-10-30	3648	3615	3640	3608	3628	3625	-23	1686068	969376
2012-10-31	3625	3630	3637	3589	3634	3611	-14	2547820	977100
2012-11-01	3611	3631	3689	3626	3679	3662	51	2278022	949778
2012-11-02	3662	3675	3695	3654	3676	3673	11	2174920	947470
