2011-06-16					4902	4902	0		
2011-06-17	4902				4901	4902	0		
2011-06-20	4902	4857	4857	4801	4801	4854	-48	42	40
2011-06-21	4854	4722	4810	4721	4742	4741	-113	20	28
2011-06-22	4741				4741	4741	0		28
2011-06-23	4741	4788	4790	4788	4790	4789	48	8	22
2011-06-24	4789	4769	4788	4769	4788	4785	-4	16	8
2011-06-27	4785	4742	4742	4742	4742	4742	-43	2	8
2011-06-28	4742				4742	4742	0		8
2011-06-29	4742				4747	4747	5		8
2011-06-30	4747	4785	4785	4703	4710	4735	-12	116	78
2011-07-01	4735	4715	4719	4708	4719	4714	-21	12	76
2011-07-04	4714	4730	4797	4730	4785	4764	50	12	76
2011-07-05	4764	4814	4815	4785	4800	4798	34	24	76
2011-07-06	4798	4801	4824	4800	4824	4808	10	6	76
2011-07-07	4808	4834	4835	4831	4831	4833	25	10	78
2011-07-08	4833	4830	4830	4830	4830	4830	-3	2	80
2011-07-11	4830	4846	4970	4846	4900	4922	92	108	56
2011-07-12	4922	4895	4895	4860	4865	4865	-57	28	74
2011-07-13	4865	4901	4901	4900	4900	4900	35	8	82
2011-07-14	4900	4886	4892	4886	4892	4889	-11	4	82
2011-07-15	4889				4889	4889	0		82
2011-07-18	4889	4910	4912	4910	4912	4911	22	4	80
2011-07-19	4911	4900	4900	4900	4900	4900	-11	2	82
2011-07-20	4900				4903	4903	3		82
2011-07-21	4903				4903	4903	0		82
2011-07-22	4903				4910	4910	7		82
2011-07-25	4910				4904	4904	-6		82
2011-07-26	4904	4896	4898	4896	4898	4897	-7	4	82
2011-07-27	4897				4900	4900	3		82
2011-07-28	4900	4927	4929	4927	4929	4927	27	8	84
2011-07-29	4927	4920	4939	4916	4916	4925	-2	6	84
2011-08-01	4925	4900	4967	4900	4950	4933	8	46	84
2011-08-02	4933	4968	4968	4935	4935	4946	13	6	90
2011-08-03	4946	4938	4938	4938	4938	4938	-8	2	90
2011-08-04	4938	4944	4944	4936	4936	4940	2	4	92
2011-08-05	4940	4855	4856	4831	4839	4842	-98	10	92
2011-08-08	4842				4842	4842	0		92
2011-08-09	4842	4725	4795	4725	4772	4757	-85	8	94
2011-08-10	4757	4848	4848	4806	4806	4827	70	10	94
2011-08-11	4827				4826	4826	-1		94
2011-08-12	4826	4841	4844	4841	4844	4842	16	4	96
2011-08-15	4842	4916	4916	4861	4871	4885	43	32	96
2011-08-16	4885				4853	4853	-32		96
2011-08-17	4853				4853	4853	0		96
2011-08-18	4853				4853	4853	0		96
2011-08-19	4853	4823	4847	4814	4814	4828	-25	16	100
2011-08-22	4828				4828	4828	0		100
2011-08-23	4828	4818	4818	4818	4818	4818	-10	2	102
2011-08-24	4818				4818	4818	0		102
2011-08-25	4818				4818	4818	0		102
2011-08-26	4818				4818	4818	0		102
2011-08-29	4818	4808	4808	4808	4808	4808	-10	2	104
2011-08-30	4808	4824	4838	4824	4838	4831	23	4	100
2011-08-31	4831				4831	4831	0		100
2011-09-01	4831	4857	4857	4857	4857	4857	26	2	100
2011-09-02	4857				4857	4857	0		100
2011-09-05	4857	4840	4840	4840	4840	4840	-17	2	102
2011-09-06	4840				4839	4839	-1		102
2011-09-07	4839	4841	4841	4841	4841	4841	2	2	100
2011-09-08	4841				4841	4841	0		100
2011-09-09	4841				4825	4825	-16		100
2011-09-13	4825				4825	4825	0		100
2011-09-14	4825	4786	4786	4786	4786	4786	-39	2	100
2011-09-15	4786				4786	4786	0		100
2011-09-16	4786				4786	4786	0		100
2011-09-19	4786	4691	4691	4691	4691	4691	-95	2	100
2011-09-20	4691	4660	4691	4656	4679	4671	-20	8	98
2011-09-21	4671				4680	4680	9		98
2011-09-22	4680	4645	4646	4635	4635	4638	-42	38	98
2011-09-23	4638	4585	4585	4509	4509	4561	-77	22	96
2011-09-26	4561	4555	4555	4431	4431	4511	-50	10	96
2011-09-27	4511				4491	4491	-20		96
2011-09-28	4491	4431	4431	4431	4431	4431	-60	4	98
2011-09-29	4431	4431	4431	4431	4431	4431	0	2	98
2011-09-30	4431	4360	4360	4339	4356	4352	-79	8	96
2011-10-10	4352	4352	4352	4352	4352	4352	0	2	96
2011-10-11	4352	4376	4405	4376	4380	4389	37	14	86
2011-10-12	4389	4286	4350	4274	4330	4311	-78	36	78
2011-10-13	4311	4323	4323	4310	4310	4314	3	20	78
2011-10-14	4314	4322	4322	4318	4318	4320	6	6	78
2011-10-17	4320	4285	4286	4208	4216	4243	-77	14	80
2011-10-18	4243	4194	4194	4140	4140	4157	-86	10	78
2011-10-19	4157	4128	4138	4076	4076	4112	-45	18	88
2011-10-20	4112	3955	3960	3900	3960	3937	-175	22	84
2011-10-21	3937	3998	4017	3983	4017	3995	58	30	100
2011-10-24	3995	4021	4124	4011	4120	4063	68	30	98
2011-10-25	4063	4093	4200	4090	4093	4119	56	20	96
2011-10-26	4119	4070	4090	4060	4090	4071	-48	36	120
2011-10-27	4071	4127	4130	4114	4124	4122	51	26	128
2011-10-28	4122	4230	4233	4127	4127	4177	55	208	192
2011-10-31	4177	4202	4224	4153	4169	4194	17	54	194
2011-11-01	4194	4162	4175	4094	4094	4130	-64	44	206
2011-11-02	4130	4039	4068	4007	4068	4048	-82	52	240
2011-11-03	4048	4093	4093	4018	4030	4052	4	118	330
2011-11-04	4052	4105	4160	4099	4148	4123	71	146	318
2011-11-07	4123	4145	4169	4136	4139	4152	29	66	296
2011-11-08	4152	4171	4179	4028	4163	4167	15	150	290
2011-11-09	4167	4241	4241	4180	4188	4194	27	48	320
2011-11-10	4194	4120	4152	4062	4088	4113	-81	276	398
2011-11-11	4113	4144	4187	4144	4173	4167	54	20	388
2011-11-14	4167	4234	4249	4193	4218	4238	71	128	482
2011-11-15	4238	4199	4205	4170	4200	4194	-44	204	508
2011-11-16	4194	4224	4224	4159	4164	4180	-14	322	494
2011-11-17	4180	4173	4200	4170	4200	4178	-2	52	500
2011-11-18	4178	4159	4182	4159	4164	4173	-5	12	496
2011-11-21	4173	4160	4160	4089	4108	4114	-59	270	524
2011-11-22	4114	4088	4099	4086	4090	4088	-26	214	526
2011-11-23	4088	4117	4117	4060	4066	4100	12	174	540
2011-11-24	4100	4055	4084	4018	4083	4044	-56	44	522
2011-11-25	4044	4059	4078	4059	4059	4066	22	12	526
2011-11-28	4066	4090	4115	4084	4101	4102	36	30	530
2011-11-29	4102	4113	4135	4102	4124	4115	13	64	558
2011-11-30	4115	4142	4142	4077	4091	4110	-5	80	540
2011-12-01	4110	4215	4228	4163	4187	4168	58	1370	1368
2011-12-02	4168	4169	4182	4162	4179	4173	5	374	1294
2011-12-05	4173	4181	4200	4177	4187	4189	16	102	1296
2011-12-06	4189	4172	4172	4152	4172	4157	-32	140	1240
2011-12-07	4157	4181	4200	4179	4200	4189	32	30	1234
2011-12-08	4189	4189	4199	4181	4194	4191	2	94	1234
2011-12-09	4191	4191	4195	4179	4191	4191	0	68	1198
2011-12-12	4191	4184	4186	4174	4183	4180	-11	550	1192
2011-12-13	4180	4181	4181	4158	4172	4162	-18	126	1168
2011-12-14	4162	4161	4178	4161	4172	4168	6	86	1170
2011-12-15	4168	4080	4157	4080	4144	4135	-33	258	1320
2011-12-16	4135	4157	4205	4157	4203	4184	49	112	1302
2011-12-19	4184	4190	4190	4179	4179	4186	2	14	1298
2011-12-20	4186				4186	4186	0		1298
2011-12-21	4186	4217	4217	4196	4196	4207	21	36	1300
2011-12-22	4207	4190	4223	4190	4222	4206	-1	50	1310
2011-12-23	4206	4220	4251	4220	4229	4236	30	250	1284
2011-12-26	4236	4245	4264	4243	4243	4252	16	210	1282
2011-12-27	4252	4249	4258	4249	4258	4254	2	28	1282
2011-12-28	4254	4246	4258	4237	4258	4239	-15	152	1242
2011-12-29	4239	4245	4252	4224	4224	4235	-4	60	1216
2011-12-30	4235	4227	4234	4216	4234	4224	-11	14	1220
2012-01-04	4224	4300	4300	4179	4179	4209	-15	100	1178
2012-01-05	4209	4185	4205	4178	4205	4189	-20	76	1150
2012-01-06	4189	4190	4200	4188	4200	4190	1	166	1160
2012-01-09	4190	4213	4213	4190	4193	4201	11	78	1178
2012-01-10	4201	4193	4212	4192	4210	4205	4	30	1168
2012-01-11	4205	4225	4253	4224	4245	4238	33	208	1140
2012-01-12	4238	4230	4248	4230	4248	4241	3	98	1188
2012-01-13	4241	4240	4245	4229	4245	4236	-5	46	1180
2012-01-16	4236	4256	4256	4256	4256	4256	20	2	1178
2012-01-17	4256	4270	4329	4269	4305	4295	39	58	1180
2012-01-18	4295	4302	4333	4300	4306	4310	15	128	1260
2012-01-19	4310	4306	4323	4290	4320	4311	1	12	1256
2012-01-20	4311	4338	4357	4320	4357	4328	17	60	1218
2012-01-30	4328	4347	4347	4330	4333	4335	7	80	1238
2012-01-31	4335	4318	4318	4280	4300	4304	-31	86	1234
2012-02-01	4304	4294	4313	4293	4297	4303	-1	88	1232
2012-02-02	4303	4323	4323	4313	4313	4315	12	76	1226
2012-02-03	4315	4313	4313	4313	4313	4313	-2	2	1228
2012-02-06	4313	4355	4361	4346	4347	4356	43	128	1300
2012-02-07	4356	4355	4355	4302	4308	4339	-17	234	1436
2012-02-08	4339	4308	4347	4302	4345	4329	-10	88	1462
2012-02-09	4329	4330	4339	4305	4315	4325	-4	98	1472
2012-02-10	4325	4327	4330	4292	4292	4313	-12	118	1522
2012-02-13	4313	4262	4280	4262	4279	4277	-36	32	1532
2012-02-14	4277	4271	4274	4271	4274	4273	-4	6	1538
2012-02-15	4273	4256	4259	4214	4226	4227	-46	388	1552
2012-02-16	4227	4217	4217	4181	4185	4196	-31	264	1650
2012-02-17	4196	4209	4217	4179	4179	4205	9	210	1622
2012-02-20	4205	4200	4208	4200	4207	4204	-1	62	1656
2012-02-21	4204	4217	4235	4207	4235	4212	8	182	1684
2012-02-22	4212	4242	4270	4242	4254	4256	44	10	1684
2012-02-23	4256	4262	4262	4245	4254	4254	-2	24	1684
2012-02-24	4254	4244	4248	4235	4246	4241	-13	46	1682
2012-02-27	4241	4283	4298	4283	4298	4288	47	42	1672
2012-02-28	4288	4322	4322	4284	4298	4291	3	90	1736
2012-02-29	4291	4288	4305	4276	4302	4299	8	112	1770
2012-03-01	4299	4278	4303	4278	4295	4301	2	102	1780
2012-03-02	4301	4297	4308	4282	4298	4294	-7	50	1784
2012-03-05	4294	4271	4290	4263	4273	4270	-24	344	1714
2012-03-06	4270	4274	4283	4268	4268	4272	2	42	1720
2012-03-07	4272	4212	4272	4212	4258	4239	-33	600	1814
2012-03-08	4239	4277	4285	4266	4282	4274	35	68	1826
2012-03-09	4274	4287	4314	4287	4304	4307	33	118	1812
2012-03-12	4307	4329	4329	4306	4314	4312	5	74	1848
2012-03-13	4312	4325	4326	4313	4323	4322	10	48	1814
2012-03-14	4322	4345	4345	4291	4296	4317	-5	358	1640
2012-03-15	4317	4287	4321	4287	4321	4313	-4	136	1606
2012-03-16	4313	4314	4318	4302	4317	4311	-2	42	1604
2012-03-19	4311	4312	4314	4312	4314	4313	2	14	1604
2012-03-20	4313	4319	4320	4304	4312	4314	1	20	1596
2012-03-21	4314	4315	4331	4315	4331	4321	7	38	1596
2012-03-22	4321	4330	4346	4326	4333	4332	11	94	1566
2012-03-23	4332	4308	4308	4305	4305	4306	-26	8	1566
2012-03-26	4306				4313	4313	7		1566
2012-03-27	4313	4337	4337	4331	4331	4334	21	12	1562
2012-03-28	4334	4331	4331	4286	4286	4319	-15	106	1464
2012-03-29	4319	4301	4302	4283	4287	4289	-30	86	1392
2012-03-30	4289	4303	4305	4291	4294	4296	7	20	1382
2012-04-05	4296	4267	4326	4266	4326	4297	1	114	1336
2012-04-06	4297	4315	4315	4310	4313	4313	16	20	1328
2012-04-09	4313	4345	4346	4336	4336	4342	29	24	1322
2012-04-10	4342	4351	4351	4330	4330	4346	4	44	1314
2012-04-11	4346	4339	4346	4339	4343	4340	-6	80	1256
2012-04-12	4340	4362	4362	4362	4362	4362	22	12	1250
2012-04-13	4362	4357	4357	4350	4350	4354	-8	12	1242
2012-04-16	4354	4341	4341	4341	4341	4341	-13	2	1242
2012-04-17	4341	4316	4318	4308	4308	4315	-26	76	1172
2012-04-18	4315	4314	4328	4313	4327	4318	3	20	1162
2012-04-19	4318	4320	4325	4305	4310	4310	-8	164	1052
2012-04-20	4310	4305	4313	4302	4313	4307	-3	16	1046
2012-04-23	4307	4308	4308	4290	4301	4296	-11	20	1030
2012-04-24	4296	4301	4301	4279	4280	4287	-9	54	990
2012-04-25	4287	4279	4286	4268	4286	4274	-13	50	960
2012-04-26	4274	4293	4293	4285	4285	4288	14	6	958
2012-04-27	4288	4272	4324	4271	4295	4295	7	32	976
2012-05-02	4295	4296	4297	4272	4279	4282	-13	56	932
2012-05-03	4282	4286	4287	4256	4256	4268	-14	268	828
2012-05-04	4268	4274	4275	4262	4262	4267	-1	88	772
2012-05-07	4267	4259	4259	4236	4237	4243	-24	136	646
2012-05-08	4243	4238	4238	4228	4228	4232	-11	102	552
2012-05-09	4232	4211	4211	4200	4200	4207	-25	16	538
2012-05-10	4207	4227	4227	4202	4202	4214	7	4	538
2012-05-11	4214	4200	4234	4192	4234	4200	-14	92	474
2012-05-14	4200	4191	4191	4150	4150	4175	-25	42	432
2012-05-15	4175				4158	4158	-17		432
2012-05-16	4158				4148	4148	-10		432
2012-05-17	4148	4060	4118	4060	4118	4090	-58	12	426
2012-05-18	4090	4051	4118	4051	4118	4084	-6	4	426
2012-05-21	4084	4095	4099	4090	4095	4094	10	40	406
2012-05-22	4094	4104	4108	4090	4090	4097	3	78	330
2012-05-23	4097	4035	4112	4035	4090	4054	-43	56	286
2012-05-24	4054				4057	4057	3		286
2012-05-28	4070	4100	4130	4100	4130	4117	47	30	252
2012-05-29	4117	4062	4154	4038	4102	4101	-16	24	238
2012-05-30	4101	4106	4120	4006	4050	4040	-61	214	182
2012-05-31	4040	4040	4098	4038	4098	4046	6	32	180
2012-06-01	4046				4046	4046	0		180
2012-06-04	4046				4046	4046	0		180
2012-06-05	4046				4046	4046	0		180
2012-06-06	4046				4046	4046	0		180
2012-06-07	4046	4050	4050	4050	4050	4050	4	60	180
2012-06-08	4050				4050	4050	0		180
2012-06-11	4050				4050	4050	0		180
2012-06-12	4050				4050	4050	0		180
2012-06-13	4050				4050	4050	0		180
2012-06-14	4050				4050	4050	0		180
2012-06-15	4050				4050	4050	0		180
