2009-06-22	4074	4115	4158	4115	4125	4121	47	38	34
2009-06-23	4121	4120	4144	4120	4140	4134	13	6	34
2009-06-24	4134	4085	4108	4085	4108	4096	-38	80	34
2009-06-25	4096	4108	4110	4100	4110	4105	9	108	120
2009-06-26	4105	4080	4100	4080	4095	4086	-19	16	132
2009-06-29	4086	4095	4095	4061	4061	4077	-9	18	128
2009-06-30	4077	4051	4110	4039	4039	4085	8	60	152
2009-07-01	4085	4050	4050	4038	4038	4048	-37	72	214
2009-07-02	4048	4057	4069	4057	4069	4058	10	50	252
2009-07-03	4058	4070	4070	4051	4060	4060	2	46	244
2009-07-06	4060	4059	4059	3991	4053	4038	-22	16	250
2009-07-07	4038	4003	4038	4003	4030	4030	-8	16	248
2009-07-08	4030	4005	4005	3980	3980	3987	-43	18	252
2009-07-09	3987	3997	3997	3997	3997	3997	10	4	254
2009-07-10	3997	3978	3978	3978	3978	3978	-19	2	252
2009-07-13	3978	4008	4008	4008	4008	4008	30	2	254
2009-07-14	4008	4001	4002	4001	4001	4001	-7	20	274
2009-07-15	4001	4052	4054	4052	4054	4053	52	4	274
2009-07-16	4053	4114	4120	4100	4106	4117	64	30	274
2009-07-17	4117	4108	4110	4108	4110	4109	-8	30	294
2009-07-20	4109	4065	4173	4065	4129	4126	17	24	300
2009-07-21	4126	4129	4170	4129	4170	4158	32	26	302
2009-07-22	4158	4170	4286	4170	4232	4200	42	28	302
2009-07-23	4200	4175	4259	4175	4242	4239	39	42	326
2009-07-24	4239	4270	4270	4262	4269	4265	26	14	326
2009-07-27	4265	4366	4440	4280	4344	4357	92	318	496
2009-07-28	4357	4288	4397	4288	4397	4353	-4	68	540
2009-07-29	4353	4385	4479	4380	4398	4411	58	14	542
2009-07-30	4411	4398	4430	4372	4430	4413	2	48	558
2009-07-31	4413	4440	4633	4435	4613	4557	144	98	568
2009-08-03	4557	4784	4784	4719	4784	4767	210	36	568
2009-08-04	4767	4999	4999	4751	4770	4794	27	226	420
2009-08-05	4794	4755	4857	4755	4826	4798	4	56	412
2009-08-06	4798	4835	4869	4798	4815	4829	31	68	414
2009-08-07	4829	4790	4798	4629	4638	4708	-121	128	436
2009-08-10	4708	4668	4707	4589	4669	4650	-58	110	488
2009-08-11	4650	4708	4715	4669	4715	4690	40	88	494
2009-08-12	4690	4665	4703	4650	4650	4654	-36	58	496
2009-08-13	4654	4690	4690	4663	4674	4670	16	28	494
2009-08-14	4670	4650	4650	4551	4552	4585	-85	62	496
2009-08-17	4585	4530	4670	4452	4500	4506	-79	72	496
2009-08-18	4506	4510	4530	4490	4490	4505	-1	16	492
2009-08-19	4505	4450	4450	4280	4280	4335	-170	160	466
2009-08-20	4335	4299	4333	4220	4333	4271	-64	72	440
2009-08-21	4271	4350	4410	4350	4357	4377	106	48	432
2009-08-24	4377	4410	4545	4380	4410	4412	35	126	440
2009-08-25	4412	4380	4380	4295	4301	4313	-99	74	444
2009-08-26	4313	4346	4390	4346	4389	4375	62	20	450
2009-08-27	4375	4351	4400	4350	4399	4378	3	24	444
2009-08-28	4378	4410	4440	4393	4400	4408	30	46	448
2009-08-31	4408	4390	4390	4310	4336	4312	-96	256	682
2009-09-01	4312	4280	4309	4226	4294	4282	-30	76	700
2009-09-02	4282	4266	4280	4144	4190	4219	-63	234	748
2009-09-03	4219	4219	4220	4180	4220	4206	-13	64	776
2009-09-04	4206	4191	4213	4190	4210	4205	-1	20	780
2009-09-07	4205	4160	4207	4110	4120	4145	-60	110	782
2009-09-08	4145	4112	4141	4097	4129	4115	-30	68	790
2009-09-09	4115	4160	4220	4160	4204	4184	69	130	788
2009-09-10	4184	4204	4232	4204	4218	4224	40	24	794
2009-09-11	4224	4203	4224	4202	4224	4213	-11	14	800
2009-09-14	4213	4170	4195	4103	4190	4163	-50	66	766
2009-09-15	4163	4190	4232	4190	4232	4220	57	10	760
2009-09-16	4220	4265	4267	4263	4263	4264	44	16	752
2009-09-17	4264	4280	4288	4260	4260	4276	12	6	752
2009-09-18	4276	4225	4243	4225	4235	4238	-38	70	766
2009-09-21	4238	4244	4274	4244	4274	4272	34	64	816
2009-09-22	4272	4260	4260	4240	4240	4250	-22	4	814
2009-09-23	4250	4226	4226	4198	4198	4212	-38	14	824
2009-09-24	4212	4134	4166	4086	4110	4119	-93	156	868
2009-09-25	4119	4043	4115	4043	4069	4087	-32	86	914
2009-09-28	4087	4020	4020	3901	3926	3952	-135	336	1006
2009-09-29	3952	3915	3985	3915	3975	3960	8	44	992
2009-09-30	3960	3960	4037	3960	4037	3975	15	82	1038
2009-10-09	3975	3995	3995	3956	3960	3960	-15	42	1046
2009-10-12	3960	3945	3951	3891	3926	3914	-46	262	1104
2009-10-13	3914	3955	3955	3910	3921	3930	16	174	1134
2009-10-14	3930	3900	3940	3900	3929	3925	-5	32	1140
2009-10-15	3925	3960	3979	3956	3978	3969	44	118	1144
2009-10-16	3969	3978	4033	3798	4019	4014	45	316	1330
2009-10-19	4014	4059	4140	4041	4048	4092	78	1078	1834
2009-10-20	4092	4070	4083	4035	4072	4068	-24	594	2234
2009-10-21	4068	4078	4115	4072	4112	4092	24	700	2080
2009-10-22	4092	4180	4180	4106	4110	4116	24	568	2472
2009-10-23	4116	4110	4160	4110	4145	4139	23	184	2564
2009-10-26	4139	4198	4260	4180	4258	4218	79	656	2748
2009-10-27	4218	4250	4271	4216	4257	4250	32	324	2822
2009-10-28	4250	4231	4248	4174	4186	4214	-36	348	2876
2009-10-29	4214	4155	4167	4103	4152	4143	-71	254	2982
2009-10-30	4143	4249	4249	4172	4226	4193	50	300	3032
2009-11-02	4193	4160	4226	4160	4226	4185	-8	182	3102
2009-11-03	4185	4214	4240	4194	4209	4222	37	180	3122
2009-11-04	4222	4227	4240	4205	4215	4214	-8	304	3322
2009-11-05	4214	4240	4258	4217	4258	4243	29	596	3070
2009-11-06	4243	4270	4375	4269	4364	4342	99	2774	4130
2009-11-09	4342	4355	4488	4355	4446	4452	110	5480	6142
2009-11-10	4452	4455	4455	4395	4418	4420	-32	3832	6300
2009-11-11	4420	4437	4458	4412	4437	4443	23	2538	6660
2009-11-12	4443	4449	4455	4388	4395	4413	-30	2146	6806
2009-11-13	4413	4389	4475	4375	4473	4433	20	3968	8696
2009-11-16	4433	4464	4534	4464	4497	4505	72	7236	10478
2009-11-17	4505	4513	4544	4477	4499	4508	3	4404	11594
2009-11-18	4508	4503	4535	4501	4516	4519	11	4404	12124
2009-11-19	4519	4519	4579	4511	4550	4554	35	5332	12472
2009-11-20	4554	4579	4582	4515	4532	4541	-13	2470	11958
2009-11-23	4541	4544	4572	4527	4566	4558	17	5358	12626
2009-11-24	4558	4605	4626	4500	4530	4580	22	5934	12752
2009-11-25	4580	4545	4615	4538	4599	4591	11	9498	13810
2009-11-26	4591	4649	4649	4545	4590	4601	10	4774	14288
2009-11-27	4601	4557	4569	4375	4385	4462	-139	6058	13826
2009-11-30	4462	4405	4489	4405	4465	4464	2	3618	14266
2009-12-01	4464	4480	4487	4433	4459	4455	-9	3752	14820
2009-12-02	4455	4479	4520	4456	4474	4482	27	4486	15214
2009-12-03	4482	4471	4493	4470	4485	4482	0	2068	15104
2009-12-04	4482	4478	4479	4440	4467	4462	-20	2808	15768
2009-12-07	4462	4446	4493	4446	4470	4472	10	3802	15448
2009-12-08	4472	4468	4477	4393	4414	4427	-45	5786	14484
2009-12-09	4427	4364	4386	4352	4360	4368	-59	3264	14508
2009-12-10	4368	4350	4433	4344	4433	4389	21	3452	14454
2009-12-11	4389	4462	4499	4449	4499	4467	78	6718	14720
2009-12-14	4467	4499	4515	4430	4514	4474	7	6734	15944
2009-12-15	4474	4506	4519	4433	4482	4498	24	6426	17240
2009-12-16	4498	4482	4504	4461	4484	4487	-11	3334	18402
2009-12-17	4487	4502	4518	4470	4475	4491	4	3610	18676
2009-12-18	4491	4444	4480	4444	4469	4464	-27	1352	18338
2009-12-21	4464	4394	4495	4394	4494	4479	15	3884	20260
2009-12-22	4479	4494	4519	4484	4484	4506	27	7824	24136
2009-12-23	4506	4480	4509	4473	4490	4499	-7	2570	24310
2009-12-24	4499	4500	4543	4496	4538	4521	22	5364	26898
2009-12-25	4521	4526	4547	4520	4544	4538	17	3874	28216
2009-12-28	4538	4575	4589	4532	4581	4570	32	6958	29762
2009-12-29	4570	4588	4596	4552	4564	4574	4	5178	29780
2009-12-30	4574	4570	4575	4552	4558	4562	-12	5034	28974
2009-12-31	4562	4558	4586	4558	4578	4573	11	3834	28690
2010-01-04	4573	4582	4654	4582	4630	4631	58	13120	33522
2010-01-05	4631	4651	4655	4628	4647	4646	15	7376	35586
2010-01-06	4646	4647	4685	4643	4674	4671	25	7004	38332
2010-01-07	4671	4681	4696	4439	4545	4605	-66	9562	38180
2010-01-08	4605	4570	4570	4483	4530	4517	-88	9928	37370
2010-01-11	4517	4534	4582	4534	4582	4566	49	3490	37070
2010-01-12	4566	4578	4590	4503	4570	4562	-4	1944	36922
2010-01-13	4562	4530	4627	4424	4474	4481	-81	4258	36532
2010-01-14	4481	4558	4558	4492	4498	4510	29	3384	36864
2010-01-15	4510	4486	4499	4431	4442	4461	-49	4788	36412
2010-01-18	4461	4420	4465	4395	4457	4440	-21	3892	36442
2010-01-19	4440	4457	4479	4431	4445	4454	14	2236	36492
2010-01-20	4454	4445	4457	4412	4427	4426	-28	2656	35902
2010-01-21	4426	4401	4425	4391	4414	4406	-20	2550	35258
2010-01-22	4406	4395	4399	4320	4346	4358	-48	3106	34884
2010-01-25	4358	4346	4356	4329	4336	4340	-18	2946	35244
2010-01-26	4340	4353	4356	4320	4329	4331	-9	2838	35246
2010-01-27	4331	4330	4382	4330	4374	4360	29	4266	36226
2010-01-28	4360	4345	4373	4324	4356	4354	-6	3766	36778
2010-01-29	4354	4344	4370	4343	4359	4360	6	3266	36662
2010-02-01	4360	4569	4569	4345	4355	4363	3	3020	36168
2010-02-02	4363	4375	4379	4201	4238	4279	-84	10398	35588
2010-02-03	4279	4243	4275	4220	4258	4248	-31	4372	35844
2010-02-04	4248	4245	4248	4156	4191	4205	-43	2220	35742
2010-02-05	4205	4170	4185	4141	4179	4164	-41	2012	34830
2010-02-08	4164	4177	4209	4175	4190	4192	28	1446	34818
2010-02-09	4192	4132	4234	4132	4222	4211	19	1742	34824
2010-02-10	4211	4226	4282	4225	4280	4258	47	3880	35228
2010-02-11	4258	4301	4306	4231	4293	4281	23	2914	35878
2010-02-12	4281	4302	4360	4302	4355	4334	53	4560	36696
2010-02-22	4334	4400	4474	4312	4328	4371	37	6790	37580
2010-02-23	4371	4300	4372	4300	4362	4357	-14	5672	39316
2010-02-24	4357	4230	4360	4230	4323	4324	-33	6522	41222
2010-02-25	4324	4336	4338	4278	4290	4314	-10	6006	41948
2010-02-26	4314	4290	4310	4251	4295	4274	-40	5362	41422
2010-03-01	4274	4312	4329	4288	4303	4306	32	6598	42034
2010-03-02	4306	4299	4299	4250	4251	4268	-38	6234	40518
2010-03-03	4268	4272	4278	4240	4249	4253	-15	5350	42044
2010-03-04	4253	4260	4262	4230	4230	4246	-7	5852	42034
2010-03-05	4246	4237	4262	4221	4262	4248	2	4216	42038
2010-03-08	4248	4261	4299	4257	4295	4287	39	7312	43486
2010-03-09	4287	4295	4301	4281	4299	4295	8	5698	44414
2010-03-10	4295	4340	4340	4301	4312	4315	20	8480	45506
2010-03-11	4315	4308	4320	4283	4316	4304	-11	10790	47512
2010-03-12	4304	4370	4370	4311	4315	4320	16	5504	48264
2010-03-15	4320	4321	4335	4313	4333	4325	5	8190	49196
2010-03-16	4325	4333	4460	4333	4446	4410	85	23718	52410
2010-03-17	4410	4458	4495	4425	4434	4459	49	16288	52834
2010-03-18	4459	4441	4443	4401	4403	4421	-38	12740	51346
2010-03-19	4421	4405	4436	4398	4431	4423	2	6752	51412
2010-03-22	4423	4423	4477	4423	4441	4457	34	11214	51164
2010-03-23	4457	4450	4468	4434	4436	4448	-9	7838	51554
2010-03-24	4448	4432	4478	4432	4476	4461	13	10674	49264
2010-03-25	4461	4479	4512	4469	4495	4487	26	7468	48390
2010-03-26	4487	4494	4535	4486	4499	4509	22	11854	47274
2010-03-29	4509	4515	4536	4499	4509	4513	4	10236	45790
2010-03-30	4513	4519	4535	4470	4475	4491	-22	7770	45306
2010-03-31	4491	4475	4482	4456	4460	4468	-23	8024	43322
2010-04-01	4468	4460	4481	4435	4469	4465	-3	7508	43094
2010-04-02	4465	4487	4487	4465	4480	4475	10	4688	42390
2010-04-06	4475	4485	4501	4485	4497	4494	19	5954	40798
2010-04-07	4494	4507	4522	4499	4520	4514	20	5990	39556
2010-04-09	4501	4492	4518	4485	4518	4503	2	5348	40272
2010-04-12	4503	4538	4550	4520	4548	4536	33	11066	39024
2010-04-13	4536	4545	4605	4545	4591	4576	40	19428	39316
2010-04-14	4576	4595	4626	4593	4610	4611	35	19882	39664
2010-04-15	4611	4608	4610	4558	4563	4580	-31	14290	37752
2010-04-16	4580	4552	4577	4538	4571	4557	-23	10972	38624
2010-04-19	4557	4549	4550	4509	4518	4531	-26	15566	37012
2010-04-20	4531	4530	4541	4516	4531	4528	-3	6892	37750
2010-04-21	4528	4527	4531	4507	4527	4519	-9	8988	38424
2010-04-22	4519	4534	4534	4513	4514	4523	4	6230	39102
2010-04-23	4523	4507	4515	4492	4501	4501	-22	7684	37704
2010-04-26	4501	4510	4516	4475	4481	4490	-11	7380	36690
2010-04-27	4490	4488	4488	4423	4426	4441	-49	11812	31158
2010-04-28	4441	4410	4410	4346	4353	4377	-64	9714	28678
2010-04-29	4377	4368	4388	4349	4350	4366	-11	5702	27614
2010-04-30	4366	4351	4387	4345	4381	4363	-3	6366	26966
2010-05-04	4363	4366	4399	4361	4395	4382	19	5332	26032
2010-05-05	4382	4370	4377	4351	4373	4366	-16	3390	26270
2010-05-06	4366	4373	4390	4352	4352	4370	4	3616	26026
2010-05-07	4370	4331	4339	4286	4292	4299	-71	3366	25548
2010-05-10	4299	4319	4320	4248	4273	4272	-27	3442	24694
2010-05-11	4272	4290	4290	4226	4231	4249	-23	4864	22390
2010-05-12	4249	4220	4233	4143	4149	4175	-74	8446	20758
2010-05-13	4175	4160	4160	4115	4140	4137	-38	4202	19710
2010-05-14	4137	4110	4143	4103	4115	4127	-10	3940	18306
2010-05-17	4127	4088	4088	3957	3972	4006	-121	6374	16096
2010-05-18	4006	3950	3999	3932	3984	3954	-52	3050	15746
2010-05-19	3954	3939	4027	3936	4020	3968	14	3634	13686
2010-05-20	3968	4023	4074	4011	4030	4049	81	1594	12768
2010-05-21	4049	4016	4047	3976	4025	4024	-25	2914	12302
2010-05-24	4024	4047	4097	4045	4091	4064	40	1332	11698
2010-05-25	4064	4070	4093	4066	4067	4075	11	648	11668
2010-05-26	4075	4055	4085	4055	4073	4072	-3	1670	11148
2010-05-27	4072	4060	4070	4036	4066	4053	-19	1264	10124
2010-05-28	4053	4071	4110	4050	4050	4066	13	1266	9426
2010-05-31	4066	4080	4080	3966	3989	4026	-40	3222	7440
2010-06-01	4026	4013	4013	3975	3975	3993	-33	1140	7020
2010-06-02	3993	4007	4007	3975	3975	3988	-5	1080	6180
2010-06-03	3988	3986	4008	3986	4008	3998	10	300	6000
2010-06-04	3998	3998	3998	3998	3998	3998	0	120	5940
2010-06-07	3998	3975	3975	3921	3935	3939	-59	1500	5160
2010-06-08	3939	3930	3931	3927	3928	3929	-10	600	4680
2010-06-09	3929	3930	3940	3921	3940	3932	3	2460	4080
2010-06-10	3932	3925	3925	3920	3920	3921	-11	240	3960
2010-06-11	3921	3935	3940	3926	3930	3933	12	360	3840
2010-06-17	3933	4008	4018	3978	3978	3996	63	360	3780
