2009-03-27	?	3556	3660	3521	3620	3631	?	330	256
2009-03-30	3631	3542	3631	3542	3631	3595	-36	10	252
2009-03-31	3595	3629	3631	3615	3615	3623	28	32	236
2009-04-01	3623	3631	3669	3610	3640	3638	15	72	228
2009-04-02	3638	3581	3600	3555	3585	3578	-60	106	268
2009-04-03	3578	3560	3597	3462	3560	3555	-23	188	268
2009-04-07	3555	3560	3600	3560	3590	3591	36	46	304
2009-04-08	3591	?	?	?	3588	3588	-3	?	304
2009-04-09	3588	?	?	?	3586	3586	-2	?	304
2009-04-10	3586	3589	3599	3580	3599	3595	9	36	294
2009-04-13	3595	3526	3590	3526	3580	3564	-31	92	338
2009-04-14	3564	3580	3678	3580	3668	3645	81	142	360
2009-04-15	3645	3670	3733	3670	3720	3696	51	86	420
2009-04-16	3696	3720	3780	3720	3760	3754	58	48	432
2009-04-17	3754	3768	3800	3730	3775	3775	21	168	496
2009-04-20	3775	3765	3825	3761	3761	3778	3	164	570
2009-04-21	3778	3713	3740	3589	3662	3675	-103	128	540
2009-04-22	3675	3719	3727	3632	3674	3694	19	28	546
2009-04-23	3694	3640	3690	3632	3660	3649	-45	36	544
2009-04-24	3649	3660	3660	3636	3655	3651	2	24	534
2009-04-27	3651	3636	3636	3633	3633	3634	-17	8	532
2009-04-28	3634	?	?	?	3634	3634	0	?	532
2009-04-29	3634	3634	3657	3634	3650	3642	8	20	544
2009-04-30	3642	3657	3722	3601	3667	3649	7	54	560
2009-05-04	3649	3690	3750	3690	3750	3726	77	64	580
2009-05-05	3726	3700	3700	3680	3682	3686	-40	16	570
2009-05-06	3686	3680	3700	3680	3700	3694	8	14	570
2009-05-07	3694	3700	3730	3691	3708	3708	14	26	570
2009-05-08	3708	3700	3705	3700	3705	3702	-6	24	578
2009-05-11	3702	3710	3733	3689	3695	3714	12	286	650
2009-05-12	3714	3685	3714	3685	3714	3706	-8	8	644
2009-05-13	3706	3711	3711	3696	3696	3700	-6	8	640
2009-05-14	3700	3665	3685	3665	3685	3672	-28	20	640
2009-05-15	3672	3683	3685	3683	3685	3684	12	8	644
2009-05-18	3684	3675	3700	3671	3680	3681	-3	8	644
2009-05-19	3681	3715	3718	3702	3718	3712	31	38	646
2009-05-20	3712	3700	3717	3673	3717	3709	-3	24	662
2009-05-21	3709	3729	3729	3690	3710	3705	-4	62	692
2009-05-22	3705	3693	3694	3684	3694	3689	-16	22	694
2009-05-25	3689	3679	3709	3679	3693	3688	-1	26	690
2009-05-26	3688	3709	3709	3700	3700	3705	17	10	692
2009-05-27	3705	?	?	?	3705	3705	0	?	692
2009-06-01	3705	3700	3750	3700	3711	3727	22	8	690
2009-06-02	3727	3730	3740	3730	3731	3732	5	28	666
2009-06-03	3732	3730	3750	3730	3750	3743	11	22	652
2009-06-04	3743	3730	3780	3730	3765	3764	21	22	664
2009-06-05	3764	3780	3839	3780	3818	3809	45	86	628
2009-06-08	3809	3829	3840	3820	3835	3827	18	186	608
2009-06-09	3827	3812	3845	3812	3845	3834	7	128	616
2009-06-10	3834	3845	3961	3845	3886	3887	53	96	652
2009-06-11	3887	3867	3962	3867	3954	3942	55	58	662
2009-06-12	3942	4036	4036	3915	3925	3959	17	124	654
2009-06-15	3959	3912	3940	3912	3920	3932	-27	168	714
2009-06-16	3932	3935	3953	3932	3940	3944	12	46	730
2009-06-17	3944	3940	3940	3922	3922	3931	-13	52	732
2009-06-18	3931	3930	3944	3920	3930	3928	-3	38	742
2009-06-19	3928	3955	3978	3950	3970	3959	31	16	738
2009-06-22	3959	3960	3987	3941	3977	3972	13	108	762
2009-06-23	3972	3930	3950	3908	3950	3927	-45	120	750
2009-06-24	3927	3921	3954	3850	3942	3933	6	84	746
2009-06-25	3933	3940	3940	3926	3930	3936	3	28	770
2009-06-26	3936	3939	3944	3906	3913	3924	-12	58	782
2009-06-29	3924	3902	3924	3892	3892	3908	-16	92	782
2009-06-30	3908	3910	3910	3873	3873	3893	-15	62	806
2009-07-01	3893	3896	3896	3890	3890	3890	-3	94	828
2009-07-02	3890	3890	3915	3890	3899	3897	7	356	1088
2009-07-03	3897	3890	3898	3890	3890	3891	-6	24	1096
2009-07-06	3891	3945	3962	3885	3890	3896	5	148	1210
2009-07-07	3896	3896	3900	3883	3883	3895	-1	130	1326
2009-07-08	3895	3874	3879	3860	3865	3868	-27	610	1682
2009-07-09	3868	3864	3872	3860	3872	3865	-3	2006	3312
2009-07-10	3865	3886	3905	3873	3900	3894	29	2274	4914
2009-07-13	3894	3910	3920	3829	3913	3912	18	1704	6106
2009-07-14	3912	3930	3930	3918	3925	3925	13	968	6902
2009-07-15	3925	3932	4000	3932	4000	3969	44	7524	13306
2009-07-16	3969	4010	4039	4000	4029	4025	56	4474	16096
2009-07-17	4025	4026	4034	4002	4011	4011	-14	1008	16554
2009-07-20	4011	4002	4035	4002	4034	4025	14	3728	19192
2009-07-21	4025	4050	4051	4028	4044	4042	17	3354	21268
2009-07-22	4042	4050	4088	4045	4075	4072	30	3740	22436
2009-07-23	4072	4096	4126	4083	4125	4111	39	7440	25798
2009-07-24	4111	4140	4189	4124	4180	4169	58	5784	27188
2009-07-27	4169	4190	4250	4162	4230	4216	47	9152	27770
2009-07-28	4216	4230	4330	4211	4329	4264	48	5654	28552
2009-07-29	4264	4301	4405	4301	4385	4359	95	19032	26790
2009-07-30	4359	4386	4436	4358	4433	4395	36	7910	26786
2009-07-31	4395	4460	4614	4460	4614	4556	161	12328	29436
2009-08-03	4556	4874	4874	4669	4874	4826	270	22342	29068
2009-08-04	4826	4998	4998	4811	4846	4869	43	25222	29718
2009-08-05	4869	4850	4940	4818	4863	4861	-8	28108	30610
2009-08-06	4861	4850	4887	4814	4847	4850	-11	25920	29834
2009-08-07	4850	4837	4844	4630	4641	4729	-121	55828	35620
2009-08-10	4729	4653	4718	4558	4645	4624	-105	54268	44628
2009-08-11	4624	4635	4688	4610	4670	4652	28	45094	53606
2009-08-12	4652	4670	4670	4578	4595	4611	-41	49354	57688
2009-08-13	4611	4612	4680	4610	4622	4639	28	55470	60514
2009-08-14	4639	4650	4650	4472	4518	4521	-118	85426	71358
2009-08-17	4521	4480	4549	4377	4445	4455	-66	128756	82958
2009-08-18	4455	4473	4491	4401	4414	4440	-15	109132	104320
2009-08-19	4440	4418	4418	4218	4218	4301	-139	152018	139242
2009-08-20	4301	4218	4295	4130	4270	4217	-84	304106	173526
2009-08-21	4217	4245	4408	4231	4315	4325	108	332976	171642
2009-08-24	4325	4439	4450	4300	4312	4347	22	339838	222452
2009-08-25	4347	4263	4280	4185	4235	4222	-125	354972	251696
2009-08-26	4222	4202	4297	4200	4269	4249	27	424738	267068
2009-08-27	4249	4251	4309	4220	4277	4274	25	565676	300842
2009-08-28	4274	4300	4350	4260	4278	4306	32	1035618	359694
2009-08-31	4306	4280	4291	4103	4120	4173	-133	1533870	478138
2009-09-01	4173	4098	4127	4054	4075	4093	-80	2298522	565666
2009-09-02	4093	4020	4079	4011	4032	4045	-48	2495062	655448
2009-09-03	4045	4041	4075	4003	4049	4038	-7	2692972	785996
2009-09-04	4038	4055	4068	4015	4031	4044	6	2149974	743134
2009-09-07	4044	4018	4018	3908	3919	3960	-84	2319506	813362
2009-09-08	3960	3898	3959	3880	3944	3927	-33	2940662	856186
2009-09-09	3927	3960	4048	3955	4044	4002	75	3511382	822244
2009-09-10	4002	4060	4078	4003	4007	4045	43	3042352	820362
2009-09-11	4045	4000	4025	3957	3972	3997	-48	2300404	771010
2009-09-14	3997	3927	3975	3900	3973	3937	-60	2204152	826866
2009-09-15	3937	3993	3996	3951	3967	3972	35	2442764	851042
2009-09-16	3972	3985	4040	3966	4036	4008	36	2972124	945416
2009-09-17	4008	4050	4065	3990	3990	4033	25	2894650	845812
2009-09-18	4033	3981	3997	3937	3973	3967	-66	2542940	809736
2009-09-21	3967	3970	4007	3961	3989	3988	21	2124888	792970
2009-09-22	3988	3977	3989	3953	3956	3967	-21	1579692	796146
2009-09-23	3967	3958	3964	3890	3891	3917	-50	1982280	763850
2009-09-24	3917	3881	3882	3813	3854	3840	-77	1994462	654936
2009-09-25	3840	3830	3847	3811	3825	3827	-13	1428766	575450
2009-09-28	3827	3812	3815	3637	3659	3711	-116	1576644	464788
2009-09-29	3711	3667	3709	3627	3694	3676	-35	955326	389472
2009-09-30	3676	3699	3725	3670	3690	3690	14	502604	348808
2009-10-09	3690	3738	3740	3640	3644	3671	-19	389490	353624
2009-10-12	3671	3580	3641	3580	3637	3616	-55	381316	339190
2009-10-13	3616	3627	3646	3608	3609	3621	5	202426	320340
2009-10-14	3621	3603	3629	3603	3620	3618	-3	107786	305298
2009-10-15	3618	3631	3675	3620	3672	3656	38	182998	271406
2009-10-16	3656	3690	3745	3672	3742	3703	47	154896	237952
2009-10-19	3703	3749	3869	3742	3781	3803	100	232586	198246
2009-10-20	3803	3801	3811	3726	3756	3763	-40	125426	185810
2009-10-21	3763	3747	3797	3744	3790	3769	6	86110	180476
2009-10-22	3769	3810	3840	3765	3765	3807	38	62138	165660
2009-10-23	3807	3765	3802	3765	3777	3781	-26	46482	161898
2009-10-26	3781	3798	3837	3785	3835	3820	39	78086	145660
2009-10-27	3820	3830	3842	3799	3807	3815	-5	53110	131996
2009-10-28	3815	3799	3808	3717	3720	3758	-57	29350	121876
2009-10-29	3758	3699	3705	3671	3704	3688	-70	25510	110976
2009-10-30	3688	3788	3788	3711	3735	3734	46	31442	102828
2009-11-02	3734	3710	3760	3704	3756	3732	-2	17516	100580
2009-11-03	3732	3765	3788	3750	3751	3768	36	30614	87852
2009-11-04	3768	3758	3834	3728	3743	3752	-16	12844	83576
2009-11-05	3752	3745	3747	3733	3739	3741	-11	10636	78362
2009-11-06	3741	3739	3748	3727	3741	3735	-6	9654	73666
2009-11-09	3735	3740	3777	3740	3770	3753	18	17856	62494
2009-11-10	3753	3779	3785	3757	3771	3768	15	9670	57686
2009-11-11	3768	3788	3788	3758	3763	3771	3	6442	54682
2009-11-12	3771	3765	3771	3733	3738	3749	-22	3896	53144
2009-11-13	3749	3730	3745	3713	3744	3726	-23	4036	50798
2009-11-16	3726	3745	3746	3729	3732	3737	11	3428	49698
2009-11-17	3737	3746	3746	3722	3723	3731	-6	4542	46290
2009-11-18	3731	3745	3745	3713	3715	3717	-14	2524	45026
2009-11-19	3717	3712	3749	3712	3742	3736	19	4356	42742
2009-11-20	3736	3744	3752	3735	3738	3744	8	3154	41244
2009-11-23	3744	3753	3765	3738	3758	3747	3	9566	40600
2009-11-24	3747	3756	3756	3717	3723	3739	-8	11342	37592
2009-11-25	3739	3730	3740	3720	3728	3729	-10	8720	35658
2009-11-26	3729	3735	3748	3711	3718	3730	1	5282	31532
2009-11-27	3730	3712	3712	3641	3642	3683	-47	6816	26628
2009-11-30	3683	3650	3683	3631	3638	3663	-20	6722	21720
2009-12-01	3663	3630	3649	3622	3645	3634	-29	1500	21780
2009-12-02	3634	3739	3740	3641	3660	3668	34	1080	21420
2009-12-03	3668	3654	3675	3654	3672	3666	-2	1560	20580
2009-12-04	3666	3652	3692	3652	3692	3682	16	4140	17760
2009-12-07	3682	3675	3685	3669	3675	3675	-7	3060	17040
2009-12-08	3675	3656	3671	3655	3660	3664	-11	2580	15360
2009-12-09	3664	3651	3676	3641	3676	3666	2	1860	14400
2009-12-10	3666	3681	3690	3661	3678	3671	5	2280	12900
2009-12-11	3671	3670	3685	3670	3685	3674	3	420	12780
2009-12-14	3674	3681	3730	3681	3701	3703	29	840	12180
2009-12-15	3703	3682	3723	3675	3703	3702	-1	1260	11340
