2012-03-16					4341	4341	0		
2012-03-19	4341				4341	4341	0		
2012-03-20	4341				4346	4346	5		
2012-03-21	4346				4338	4338	-8		
2012-03-22	4338				4331	4331	-7		
2012-03-23	4331				4337	4337	6		
2012-03-26	4337				4345	4345	8		
2012-03-27	4345				4371	4371	26		
2012-03-28	4371				4338	4338	-33		
2012-03-29	4338				4324	4324	-14		
2012-03-30	4324				4306	4306	-18		
2012-04-05	4306				4325	4325	19		
2012-04-06	4325				4325	4325	0		
2012-04-09	4325				4325	4325	0		
2012-04-10	4325				4325	4325	0		
2012-04-11	4325				4327	4327	2		
2012-04-12	4327	4327	4416	4327	4340	4362	35	12	4
2012-04-13	4362				4362	4362	0		4
2012-04-16	4362	4369	4369	4357	4357	4363	1	4	4
2012-04-17	4363	4339	4339	4334	4334	4336	-27	8	10
2012-04-18	4336	4334	4338	4329	4332	4333	-3	22	18
2012-04-19	4333	4327	4327	4318	4318	4323	-10	10	24
2012-04-20	4323	4319	4319	4306	4310	4311	-12	12	30
2012-04-23	4311				4297	4297	-14		30
2012-04-24	4297				4281	4281	-16		30
2012-04-25	4281	4260	4260	4260	4260	4260	-21	6	36
2012-04-26	4260				4255	4255	-5		36
2012-04-27	4255				4271	4271	16		36
2012-05-02	4271	4260	4260	4256	4256	4258	-13	4	38
2012-05-03	4258				4258	4258	0		38
2012-05-04	4258	4254	4254	4254	4254	4254	-4	6	38
2012-05-07	4254	4236	4236	4236	4236	4236	-18	2	38
2012-05-08	4236	4237	4237	4237	4237	4237	1	2	40
2012-05-09	4237				4237	4237	0		40
2012-05-10	4237				4226	4226	-11		40
2012-05-11	4226	4185	4185	4185	4185	4185	-41	4	40
2012-05-14	4185	4145	4166	4145	4166	4155	-30	4	38
2012-05-15	4155	4110	4110	4076	4076	4093	-62	4	40
2012-05-16	4093	4084	4084	4084	4084	4084	-9	2	40
2012-05-17	4084	4060	4099	4060	4099	4079	-5	4	40
2012-05-18	4079	4081	4081	4081	4081	4081	2	4	44
2012-05-21	4081				4091	4091	10		44
2012-05-22	4091				4091	4091	0		44
2012-05-23	4091	4060	4060	4060	4060	4060	-31	2	44
2012-05-24	4060	4052	4062	4052	4062	4057	-3	4	44
2012-05-28	4068	4082	4104	4082	4104	4091	23	6	36
2012-05-29	4091	4098	4101	4098	4101	4099	8	4	34
2012-05-30	4099				4099	4099	0		34
2012-05-31	4099				4110	4110	11		34
2012-06-01	4110	4105	4105	4103	4103	4104	-6	4	32
2012-06-04	4104	4047	4047	4047	4047	4047	-57	2	32
2012-06-05	4047	4068	4068	4068	4068	4068	21	2	30
2012-06-06	4068				4068	4068	0		30
2012-06-07	4068				4079	4079	11		30
2012-06-08	4079				4092	4092	13		30
2012-06-11	4092				4109	4109	17		30
2012-06-12	4109				4109	4109	0		30
2012-06-13	4109				4109	4109	0		30
2012-06-14	4109				4106	4106	-3		30
2012-06-15	4106				4107	4107	1		30
2012-06-18	4107				4102	4102	-5		30
2012-06-19	4102	4121	4121	4121	4121	4121	19	2	28
2012-06-20	4121	4127	4128	4127	4128	4127	6	4	26
2012-06-21	4127				4111	4111	-16		26
2012-06-25	4111				4094	4094	-17		26
2012-06-26	4094				4075	4075	-19		26
2012-06-27	4075				4051	4051	-24		26
2012-06-28	4051	4075	4075	4075	4075	4075	24	2	28
2012-06-29	4075				4065	4065	-10		28
2012-07-02	4065	4072	4072	4059	4060	4062	-3	14	40
2012-07-03	4062	4048	4078	4048	4078	4058	-4	6	38
2012-07-04	4058	4089	4089	4089	4089	4089	31	2	38
2012-07-05	4089	4071	4071	4071	4071	4071	-18	4	42
2012-07-06	4071				4073	4073	2		42
2012-07-09	4073	4073	4073	4073	4073	4073	0	4	42
2012-07-10	4073	4051	4051	4027	4027	4036	-37	8	44
2012-07-11	4036	3988	3988	3988	3988	3988	-48	8	52
2012-07-12	3988	3948	3969	3948	3969	3953	-35	8	54
2012-07-13	3953	3976	3976	3956	3976	3969	16	8	50
2012-07-16	3969	3960	3960	3940	3953	3954	-15	10	56
2012-07-17	3954	3891	3940	3889	3920	3916	-38	32	56
2012-07-18	3916	3919	3919	3919	3919	3919	3	2	54
2012-07-19	3919	3867	3867	3867	3867	3867	-52	2	54
2012-07-20	3867	3863	3863	3817	3838	3839	-28	18	58
2012-07-23	3839	3757	3757	3757	3757	3757	-82	2	56
2012-07-24	3757				3757	3757	0		56
2012-07-25	3757	3771	3771	3771	3771	3771	14	2	56
2012-07-26	3771	3794	3794	3715	3731	3721	-50	578	422
2012-07-27	3721	3743	3765	3738	3765	3748	27	6	422
2012-07-30	3748	3762	3771	3762	3768	3766	18	12	422
2012-07-31	3766	3766	3795	3764	3764	3776	10	44	422
2012-08-01	3776	3725	3730	3725	3728	3725	-51	264	190
2012-08-02	3725	3690	3690	3690	3690	3690	-35	20	170
2012-08-03	3690				3690	3690	0		170
2012-08-06	3690	3701	3719	3700	3700	3709	19	82	172
2012-08-07	3709				3709	3709	0		172
2012-08-08	3709	3708	3708	3704	3704	3707	-2	12	170
2012-08-09	3707	3746	3746	3746	3746	3746	39	2	172
2012-08-10	3746	3726	3740	3720	3740	3728	-18	38	188
2012-08-13	3728	3731	3742	3725	3725	3733	5	66	238
2012-08-14	3733	3721	3721	3695	3703	3696	-37	80	182
2012-08-15	3696	3695	3711	3695	3711	3697	1	14	182
2012-08-16	3697				3697	3697	0		182
2012-08-17	3697	3687	3687	3665	3673	3684	-13	130	186
2012-08-20	3684	3665	3677	3665	3671	3672	-12	32	200
2012-08-21	3672	3657	3660	3657	3660	3658	-14	8	198
2012-08-22	3658	3662	3662	3621	3624	3636	-22	16	190
2012-08-23	3636	3625	3626	3600	3602	3610	-26	26	198
2012-08-24	3610	3599	3599	3570	3570	3589	-21	38	212
2012-08-27	3589	3577	3582	3576	3582	3579	-10	12	210
2012-08-28	3579	3562	3562	3463	3517	3517	-62	52	198
2012-08-29	3517	3496	3645	3398	3491	3473	-44	74	208
2012-08-30	3473	3505	3524	3450	3505	3502	29	44	204
2012-08-31	3502	3507	3509	3499	3499	3506	4	20	212
2012-09-03	3506	3458	3460	3451	3451	3455	-51	24	218
2012-09-04	3455	3400	3412	3361	3375	3381	-74	30	214
2012-09-05	3381	3272	3344	3272	3316	3328	-53	30	228
2012-09-06	3328	3280	3352	3280	3352	3296	-32	102	224
2012-09-07	3296	3360	3460	3360	3460	3437	141	118	202
2012-09-10	3437	3542	3550	3481	3550	3519	82	136	236
2012-09-11	3519	3524	3549	3510	3522	3533	14	50	230
2012-09-12	3533	3531	3550	3511	3530	3537	4	46	238
2012-09-13	3537	3517	3518	3517	3518	3517	-20	16	234
2012-09-14	3517	3550	3692	3550	3638	3595	78	246	242
2012-09-17	3595	3581	3622	3564	3622	3589	-6	32	236
2012-09-18	3589	3409	3630	3409	3617	3614	25	102	272
2012-09-19	3614	3658	3675	3623	3643	3646	32	172	284
2012-09-20	3646	3658	3667	3529	3529	3605	-41	80	268
2012-09-21	3605	3489	3522	3480	3508	3495	-110	36	254
2012-09-24	3495	3500	3568	3499	3568	3554	59	100	294
2012-09-25	3554	3581	3598	3557	3557	3576	22	18	290
2012-09-26	3576	3571	3586	3501	3501	3555	-21	36	302
2012-09-27	3555	3551	3620	3522	3560	3556	1	34	302
2012-09-28	3556	3565	3605	3537	3572	3564	8	48	296
2012-10-08	3564	3607	3628	3605	3612	3612	48	64	294
2012-10-10	3634	3634	3684	3634	3658	3662	28	26	294
2012-10-11	3662	3703	3703	3600	3622	3623	-39	54	294
2012-10-12	3623	3645	3645	3615	3615	3630	7	4	294
2012-10-15	3630	3602	3603	3570	3580	3589	-41	60	316
2012-10-16	3589	3569	3592	3558	3592	3576	-13	34	318
2012-10-17	3576	3586	3651	3586	3633	3629	53	54	298
2012-10-18	3629	3631	3655	3631	3640	3641	12	20	294
2012-10-19	3641	3641	3643	3620	3623	3627	-14	50	306
2012-10-22	3627	3629	3675	3629	3675	3648	21	66	290
2012-10-23	3648	3653	3673	3612	3618	3648	0	36	288
2012-10-24	3648	3621	3636	3621	3624	3626	-22	22	286
2012-10-25	3626	3620	3635	3615	3634	3626	0	30	294
2012-10-26	3626	3633	3633	3633	3633	3633	7	6	294
2012-10-29	3633	3651	3658	3610	3611	3624	-9	74	284
2012-10-30	3624	3625	3625	3610	3610	3614	-10	14	288
2012-10-31	3614	3590	3623	3562	3622	3592	-22	358	362
2012-11-01	3592	3637	3655	3623	3653	3638	46	42	352
2012-11-02	3638	3645	3657	3628	3651	3648	10	78	364
