2010-06-18		4348	4378	4336	4360	4362	0	134	98
2010-06-21	4362	4372	4428	4346	4428	4386	24	108	124
2010-06-22	4386	4418	4418	4384	4386	4394	8	32	122
2010-06-23	4394	4386	4386	4341	4368	4358	-36	48	124
2010-06-24	4358	4395	4395	4370	4377	4376	18	28	128
2010-06-25	4376	4375	4375	4351	4372	4359	-17	76	120
2010-06-28	4359	4400	4400	4331	4352	4366	7	26	128
2010-06-29	4366	4352	4352	4285	4315	4309	-57	48	150
2010-06-30	4309	4290	4304	4290	4302	4294	-15	62	158
2010-07-01	4294	4291	4307	4289	4307	4302	8	54	166
2010-07-02	4302	4302	4314	4280	4314	4302	0	72	200
2010-07-05	4302	4230	4328	4230	4325	4309	7	30	202
2010-07-06	4309	4310	4329	4310	4319	4322	13	98	246
2010-07-07	4322	4302	4320	4302	4311	4307	-15	102	276
2010-07-08	4307	4339	4339	4291	4295	4300	-7	116	310
2010-07-09	4300	4290	4310	4285	4306	4297	-3	100	374
2010-07-12	4297	4306	4330	4306	4328	4320	23	118	438
2010-07-13	4320	4327	4327	4290	4300	4306	-14	88	452
2010-07-14	4306	4301	4322	4276	4288	4293	-13	334	474
2010-07-15	4293	4296	4296	4264	4274	4279	-14	118	502
2010-07-16	4279	4276	4281	4256	4280	4272	-7	74	504
2010-07-19	4272	4298	4321	4281	4321	4311	39	32	514
2010-07-20	4311	4312	4383	4312	4363	4350	39	106	574
2010-07-21	4350	4355	4368	4355	4360	4362	12	38	604
2010-07-22	4362	4352	4371	4348	4358	4357	-5	16	604
2010-07-23	4357	4388	4481	4385	4389	4401	44	24	610
2010-07-26	4401	4406	4406	4389	4390	4393	-8	230	612
2010-07-27	4393	4370	4381	4335	4335	4346	-47	124	544
2010-07-28	4346	4365	4393	4358	4390	4375	29	62	578
2010-07-29	4375	4393	4396	4375	4396	4387	12	24	578
2010-07-30	4387	4423	4460	4415	4460	4443	56	30	572
2010-08-02	4443	4503	4526	4503	4522	4517	74	62	558
2010-08-03	4517	4508	4508	4474	4482	4488	-29	82	578
2010-08-04	4488	4463	4499	4462	4491	4481	-7	44	582
2010-08-05	4481	4508	4510	4466	4481	4491	10	40	596
2010-08-06	4491	4476	4502	4476	4501	4489	-2	76	606
2010-08-09	4489	4500	4580	4500	4580	4533	44	104	598
2010-08-10	4533	4558	4563	4535	4535	4546	13	22	598
2010-08-11	4546	4569	4595	4532	4532	4579	33	66	596
2010-08-12	4579	4527	4527	4485	4485	4507	-72	82	558
2010-08-13	4507	4500	4510	4476	4509	4496	-11	48	582
2010-08-16	4496	4493	4555	4493	4547	4530	34	42	588
2010-08-17	4530	4549	4549	4504	4548	4532	2	72	574
2010-08-18	4532	4556	4563	4532	4532	4549	17	24	562
2010-08-19	4549	4515	4544	4515	4528	4528	-21	14	562
2010-08-20	4528	4502	4508	4482	4482	4496	-32	70	536
2010-08-23	4496	4466	4471	4425	4439	4451	-45	32	542
2010-08-24	4451	4420	4445	4407	4408	4420	-31	32	554
2010-08-25	4420	4472	4472	4385	4385	4412	-8	38	544
2010-08-26	4412	4410	4440	4405	4423	4422	10	2214	762
2010-08-27	4422	4420	4434	4411	4425	4423	1	1228	568
2010-08-30	4423	4471	4491	4441	4491	4454	31	2642	594
2010-08-31	4454	4472	4511	4472	4476	4490	36	34	590
2010-09-01	4490	4411	4532	4411	4505	4506	16	254	694
2010-09-02	4506	4551	4551	4534	4547	4544	38	6	694
2010-09-03	4544	4535	4538	4516	4516	4523	-21	18	700
2010-09-06	4523	4582	4749	4582	4681	4651	128	296	762
2010-09-07	4651	4634	4650	4633	4648	4637	-14	88	760
2010-09-08	4637	4618	4630	4615	4628	4617	-20	114	814
2010-09-09	4617	4617	4617	4509	4510	4540	-77	36	818
2010-09-10	4540	4543	4555	4526	4555	4542	2	196	818
2010-09-13	4542	4535	4570	4535	4549	4554	12	16	822
2010-09-14	4554	4534	4549	4476	4476	4521	-33	20	830
2010-09-15	4521	4471	4485	4471	4478	4478	-43	30	830
2010-09-16	4478	4465	4465	4350	4415	4430	-48	106	826
2010-09-17	4430	4415	4430	4350	4430	4392	-38	78	810
2010-09-20	4392	4440	4465	4433	4438	4447	55	44	806
2010-09-21	4447	4410	4419	4400	4401	4403	-44	44	804
2010-09-27	4403	4393	4395	4365	4368	4375	-28	20	806
2010-09-28	4375	4375	4399	4369	4369	4375	0	20	812
2010-09-29	4375	4387	4403	4367	4370	4381	6	24	810
2010-09-30	4381	4331	4398	4331	4371	4374	-7	132	902
2010-10-08	4374	4407	4440	4391	4424	4428	54	58	914
2010-10-11	4428	4480	4533	4480	4517	4514	86	122	888
2010-10-12	4514	4558	4558	4462	4462	4484	-30	158	874
2010-10-13	4484	4495	4545	4469	4510	4498	14	126	924
2010-10-14	4498	4548	4548	4426	4492	4497	-1	40	940
2010-10-15	4497	4461	4499	4443	4499	4465	-32	166	980
2010-10-18	4465	4490	4590	4490	4532	4528	63	180	984
2010-10-19	4528	4577	4577	4450	4500	4504	-24	2230	1142
2010-10-20	4504	4400	4455	4399	4430	4430	-74	124	1138
2010-10-21	4430	4470	4470	4423	4438	4449	19	122	1152
2010-10-22	4449	4404	4455	4404	4434	4431	-18	378	1128
2010-10-25	4431	4449	4519	4443	4502	4487	56	178	1156
2010-10-26	4487	4529	4529	4482	4487	4501	14	346	1138
2010-10-27	4501	4512	4536	4487	4500	4513	12	318	1162
2010-10-28	4513	4519	4528	4504	4517	4519	6	126	1182
2010-10-29	4519	4515	4532	4490	4523	4508	-11	82	1192
2010-11-01	4508	4540	4579	4540	4560	4560	52	36	1196
2010-11-02	4560	4552	4562	4548	4550	4554	-6	38	1194
2010-11-03	4554	4578	4590	4550	4560	4572	18	102	1190
2010-11-04	4572	4740	4740	4562	4608	4610	38	90	1192
2010-11-05	4610	4561	4727	4561	4722	4700	90	374	1240
2010-11-08	4700	4728	4729	4621	4700	4696	-4	190	1210
2010-11-09	4696	4738	4884	4738	4835	4808	112	256	1228
2010-11-10	4808	4741	4880	4741	4755	4822	14	256	1262
2010-11-11	4822	4802	4849	4727	4808	4797	-25	250	1302
2010-11-12	4797	4728	4777	4600	4620	4643	-154	1034	1354
2010-11-15	4643	4521	4744	4521	4682	4666	23	202	1338
2010-11-16	4666	4670	4690	4650	4656	4674	8	168	1394
2010-11-17	4674	4556	4662	4453	4568	4561	-113	230	1376
2010-11-18	4561	4645	4658	4575	4613	4607	46	294	1390
2010-11-19	4607	4671	4672	4601	4657	4629	22	262	1548
2010-11-22	4629	4643	4668	4640	4645	4648	19	198	1552
2010-11-23	4648	4662	4662	4589	4616	4619	-29	280	1414
2010-11-24	4619	4624	4734	4624	4696	4671	52	158	1418
2010-11-25	4671	4712	4783	4681	4696	4712	41	470	1372
2010-11-26	4712	4685	4719	4645	4645	4668	-44	114	1394
2010-11-29	4668	4730	4730	4642	4674	4668	0	104	1410
2010-11-30	4668	4649	4658	4624	4650	4639	-29	170	1396
2010-12-01	4639	4577	4685	4577	4675	4669	30	204	1542
2010-12-02	4669	4778	4778	4670	4691	4699	30	86	1550
2010-12-03	4699	4705	4730	4705	4724	4715	16	446	1478
2010-12-06	4715	4662	4739	4662	4718	4712	-3	114	1462
2010-12-07	4712	4719	4765	4706	4761	4732	20	160	1418
2010-12-08	4732	4736	4752	4713	4713	4741	9	256	1368
2010-12-09	4741	4731	4740	4712	4718	4727	-14	56	1358
2010-12-10	4727	4724	4734	4716	4719	4724	-3	24	1362
2010-12-13	4724	4767	4798	4754	4772	4782	58	116	1368
2010-12-14	4782	4768	4778	4768	4778	4771	-11	6	1366
2010-12-15	4771	4773	4821	4758	4771	4793	22	56	1372
2010-12-16	4793	4764	4780	4760	4762	4768	-25	176	1286
2010-12-17	4768	4809	4809	4767	4779	4779	11	114	1242
2010-12-20	4779	4804	4809	4755	4786	4790	11	232	1210
2010-12-21	4790	4807	4817	4791	4802	4807	17	94	1140
2010-12-22	4807	4816	4816	4764	4776	4790	-17	328	1332
2010-12-23	4790	4754	4787	4754	4768	4772	-18	60	1330
2010-12-24	4772	4760	4765	4741	4756	4752	-20	136	1324
2010-12-27	4752	4750	4762	4705	4728	4748	-4	398	1322
2010-12-28	4748	4728	4751	4728	4739	4741	-7	96	1308
2010-12-29	4741	4733	4773	4704	4764	4746	5	60	1308
2010-12-30	4746	4746	4778	4746	4778	4764	18	36	1290
2010-12-31	4764	4794	4799	4789	4799	4795	31	38	1280
2011-01-04	4795	4834	4834	4805	4823	4820	25	280	1366
2011-01-05	4820	4846	4846	4795	4795	4807	-13	74	1388
2011-01-06	4807	4826	4826	4810	4822	4821	14	46	1362
2011-01-07	4821	4789	4820	4789	4789	4804	-17	80	1432
2011-01-10	4804	4849	4849	4815	4833	4832	28	32	1426
2011-01-11	4832	4830	4848	4828	4842	4831	-1	76	1424
2011-01-12	4831	4856	4859	4831	4841	4849	18	44	1432
2011-01-13	4849	4847	4860	4838	4860	4839	-10	128	1366
2011-01-14	4839	4888	4910	4852	4905	4893	54	146	1276
2011-01-17	4893	4885	4945	4885	4912	4916	23	104	1254
2011-01-18	4916	4906	4912	4865	4909	4906	-10	142	1202
2011-01-19	4906	4951	4951	4649	4928	4913	7	98	1172
2011-01-20	4913				4913	4913	0		1172
2011-01-21	4913	4900	4945	4900	4945	4922	9	70	1158
2011-01-24	4922	4960	4971	4955	4967	4967	45	52	1170
2011-01-25	4967	4967	4967	4958	4958	4966	-1	28	1170
2011-01-26	4966				4950	4950	-16		1170
2011-01-27	4950	4927	4955	4927	4955	4941	-9	4	1170
2011-01-28	4941	4937	4941	4937	4941	4939	-2	4	1166
2011-01-31	4939	4970	5021	4970	5000	4995	56	120	1188
2011-02-01	4995	4990	5023	4990	5023	5009	14	130	1134
2011-02-09	5009	5009	5009	5009	5009	5009	0	2	1132
2011-02-10	5009	5011	5060	5011	5060	5039	30	58	1120
2011-02-11	5039	5050	5089	5050	5058	5077	38	36	1132
2011-02-14	5077	5047	5065	5047	5056	5055	-22	32	1132
2011-02-15	5055	5085	5099	5071	5071	5077	22	78	1142
2011-02-16	5077	5052	5059	5010	5030	5034	-43	34	1142
2011-02-17	5034	5005	5011	4912	4957	4970	-64	82	1150
2011-02-18	4970	4999	4999	4950	4950	4951	-19	88	1078
2011-02-21	4951	4925	4960	4920	4950	4946	-5	22	1066
2011-02-22	4946	4980	4980	4912	4978	4964	18	32	1058
2011-02-23	4964	4953	4953	4925	4925	4934	-30	6	1054
2011-02-24	4934	4885	4895	4875	4887	4885	-49	20	1042
2011-02-25	4885	4863	4898	4800	4866	4846	-39	90	1020
2011-02-28	4846	4840	4886	4840	4875	4861	15	26	1016
2011-03-01	4861	4880	4880	4821	4821	4835	-26	58	984
2011-03-02	4835	4803	4838	4803	4838	4827	-8	8	984
2011-03-03	4827	4793	4877	4793	4836	4838	11	342	968
2011-03-04	4838	4842	4842	4791	4832	4820	-18	30	976
2011-03-07	4820	4848	4848	4828	4830	4836	16	40	982
2011-03-08	4836	4820	4848	4771	4816	4806	-30	108	936
2011-03-09	4806	4799	4799	4768	4786	4780	-26	36	930
2011-03-10	4780	4740	4740	4665	4698	4699	-81	52	910
2011-03-11	4699	4654	4685	4654	4663	4674	-25	134	962
2011-03-14	4674	4721	4769	4673	4708	4688	14	48	940
2011-03-15	4688	4765	4765	4697	4731	4727	39	236	892
2011-03-16	4727	4790	4819	4735	4819	4781	54	496	890
2011-03-17	4781	4791	4823	4781	4787	4789	8	62	880
2011-03-18	4789	4795	4795	4710	4730	4758	-31	148	904
2011-03-21	4758	4759	4768	4662	4674	4705	-53	222	918
2011-03-22	4705	4652	4686	4652	4658	4664	-41	74	900
2011-03-23	4664	4676	4730	4674	4730	4691	27	70	866
2011-03-24	4691	4706	4743	4683	4720	4709	18	84	868
2011-03-25	4709	4711	4716	4702	4712	4707	-2	246	694
2011-03-28	4707	4764	4771	4721	4721	4747	40	110	676
2011-03-29	4747	4728	4804	4728	4761	4755	8	60	684
2011-03-30	4755	4769	4817	4754	4760	4776	21	84	666
2011-03-31	4776	4729	4774	4729	4769	4757	-19	30	672
2011-04-01	4757	4743	4765	4732	4765	4752	-5	52	670
2011-04-06	4752	4786	4815	4784	4815	4794	42	126	698
2011-04-07	4794	4826	4873	4800	4800	4822	28	226	678
2011-04-08	4822	4800	4851	4800	4851	4828	6	22	668
2011-04-11	4828	4897	4897	4838	4838	4870	42	20	666
2011-04-12	4870	4831	4859	4826	4840	4838	-32	24	658
2011-04-13	4838	4815	4848	4811	4848	4827	-11	54	624
2011-04-14	4827	4831	4855	4831	4840	4832	5	280	354
2011-04-15	4832	4878	4879	4795	4796	4804	-28	62	350
2011-04-18	4804				4804	4804	0		350
2011-04-19	4804	4770	4770	4750	4750	4756	-48	82	350
2011-04-20	4756	4801	4822	4801	4820	4808	52	26	346
2011-04-21	4808	4854	4863	4842	4850	4854	46	90	316
2011-04-22	4854	4884	4884	4834	4869	4855	1	60	304
2011-04-25	4855	4854	4878	4848	4848	4859	4	66	282
2011-04-26	4859	4859	4886	4859	4886	4875	16	18	272
2011-04-27	4875	4892	4904	4861	4875	4888	13	48	256
2011-04-28	4888	4960	4960	4899	4903	4911	23	46	246
2011-04-29	4911	4889	4935	4885	4935	4907	-4	18	244
2011-05-03	4907	4964	4965	4925	4930	4938	31	16	238
2011-05-04	4938	4975	4975	4936	4948	4950	12	62	250
2011-05-05	4950	4974	4974	4905	4912	4925	-25	62	230
2011-05-06	4925	4840	4909	4840	4850	4880	-45	70	212
2011-05-09	4880	4887	4887	4842	4882	4870	-10	80	198
2011-05-10	4870	4888	4898	4880	4898	4891	21	16	192
2011-05-11	4891				4891	4891	0		192
2011-05-12	4891	4857	4857	4846	4857	4851	-40	42	190
2011-05-13	4851	4939	4939	4911	4928	4925	74	52	166
2011-05-16	4925	4911	4913	4911	4913	4912	-13	18	166
2011-05-17	4912	4880	4880	4880	4880	4880	-32	20	146
2011-05-18	4880	4870	4960	4870	4900	4906	26	18	136
2011-05-19	4906	4866	4950	4866	4950	4911	5	28	138
2011-05-20	4911	4947	4956	4931	4941	4942	31	52	114
2011-05-23	4942	4950	4954	4950	4952	4951	9	14	112
2011-05-24	4951	4949	4978	4948	4978	4953	2	22	92
2011-05-25	4953	4971	4996	4965	4996	4975	22	18	92
2011-05-26	4975	4986	4986	4985	4985	4985	10	28	64
2011-05-27	4985	4954	5000	4954	5000	4981	-4	8	56
2011-05-30	4981	5178	5178	5042	5042	5068	87	12	54
2011-05-31	5068	4984	5147	4771	5039	4988	-80	96	
2011-06-01	4988				5039	4988	0		
2011-06-02	4988				5039	4988	0		
2011-06-03	4988				5039	4988	0		
2011-06-07	4988				5039	4988	0		
2011-06-08	4988				5039	4988	0		
2011-06-09	4988				5039	4988	0		
2011-06-10	4988				5039	4988	0		
2011-06-13	4988				5039	4988	0		
2011-06-14	4988				5039	4988	0		
2011-06-15	4988				5039	4988	0		
