2012-01-16					4195	4195	0		
2012-01-17	4195	4311	4311	4224	4262	4281	86	16	10
2012-01-18	4281	4309	4340	4295	4322	4321	40	14	18
2012-01-19	4321	4321	4321	4321	4321	4321	0	2	18
2012-01-20	4321	4351	4351	4350	4350	4350	29	4	20
2012-01-30	4350	4351	4450	4351	4354	4374	24	22	22
2012-01-31	4374	4334	4343	4330	4337	4335	-39	20	22
2012-02-01	4335	4316	4337	4316	4318	4324	-11	16	24
2012-02-02	4324	4336	4343	4324	4343	4335	11	12	26
2012-02-03	4335	4335	4356	4335	4356	4349	14	14	32
2012-02-06	4349	4352	4352	4339	4339	4346	-3	8	30
2012-02-07	4346	4355	4361	4310	4310	4337	-9	20	42
2012-02-08	4337	4382	4382	4300	4347	4334	-3	20	50
2012-02-09	4334	4359	4359	4330	4330	4340	6	8	56
2012-02-10	4340	4334	4334	4321	4321	4327	-13	8	58
2012-02-13	4327	4295	4302	4288	4302	4295	-32	40	82
2012-02-14	4295	4299	4304	4290	4294	4297	2	16	86
2012-02-15	4297	4280	4288	4253	4272	4274	-23	46	104
2012-02-16	4274	4242	4242	4205	4205	4222	-52	68	138
2012-02-17	4222	4249	4249	4185	4194	4208	-14	90	200
2012-02-20	4208	4205	4220	4205	4215	4214	6	26	206
2012-02-21	4214	4215	4244	4215	4244	4230	16	100	242
2012-02-22	4230	4262	4262	4245	4252	4255	25	136	296
2012-02-23	4255	4254	4260	4233	4238	4248	-7	196	394
2012-02-24	4248	4220	4239	4220	4238	4234	-14	98	416
2012-02-27	4234	4240	4298	4240	4291	4276	42	168	442
2012-02-28	4276	4280	4300	4280	4300	4291	15	66	454
2012-02-29	4291	4291	4310	4285	4310	4299	8	74	462
2012-03-01	4299	4298	4315	4286	4291	4299	0	126	514
2012-03-02	4299	4300	4310	4295	4303	4303	4	518	800
2012-03-05	4303	4304	4304	4264	4271	4278	-25	124	858
2012-03-06	4278	4265	4288	4265	4280	4278	0	124	858
2012-03-07	4278	4269	4269	4249	4258	4259	-19	166	968
2012-03-08	4259	4269	4293	4267	4283	4281	22	294	1014
2012-03-09	4281	4300	4326	4293	4320	4312	31	186	1060
2012-03-12	4312	4330	4339	4318	4339	4328	16	258	1106
2012-03-13	4328	4331	4348	4331	4341	4342	14	146	1140
2012-03-14	4342	4351	4355	4318	4331	4337	-5	238	1156
2012-03-15	4337	4320	4346	4320	4343	4336	-1	166	1178
2012-03-16	4336	4347	4350	4326	4334	4339	3	102	1194
2012-03-19	4339	4339	4347	4332	4347	4341	2	36	1200
2012-03-20	4341	4350	4356	4338	4344	4346	5	86	1224
2012-03-21	4346	4341	4350	4331	4340	4338	-8	2240	3002
2012-03-22	4338	4338	4344	4325	4328	4331	-7	2140	4710
2012-03-23	4331	4321	4330	4318	4325	4323	-8	456	4900
2012-03-26	4323	4330	4339	4320	4320	4328	5	1554	6080
2012-03-27	4328	4329	4335	4318	4320	4323	-5	5380	10348
2012-03-28	4323	4319	4323	4305	4305	4312	-11	1352	10636
2012-03-29	4312	4318	4318	4275	4280	4285	-27	1468	11338
2012-03-30	4285	4281	4291	4281	4286	4286	1	2212	12882
2012-04-05	4286	4285	4327	4272	4322	4313	27	4714	15818
2012-04-06	4313	4322	4351	4322	4348	4335	22	3670	17454
2012-04-09	4335	4348	4356	4339	4340	4348	13	7144	21794
2012-04-10	4348	4330	4360	4327	4350	4347	-1	3698	23472
2012-04-11	4347	4323	4348	4322	4348	4340	-7	3290	23830
2012-04-12	4340	4348	4365	4341	4360	4357	17	5466	26270
2012-04-13	4357	4370	4375	4340	4340	4351	-6	2850	27524
2012-04-16	4351	4330	4331	4302	4302	4322	-29	5026	29512
2012-04-17	4322	4310	4317	4287	4290	4297	-25	6576	32578
2012-04-18	4297	4298	4309	4286	4304	4296	-1	4974	34948
2012-04-19	4296	4304	4345	4271	4277	4290	-6	7610	38116
2012-04-20	4290	4280	4289	4265	4276	4278	-12	6728	40560
2012-04-23	4278	4272	4280	4251	4256	4264	-14	5530	41320
2012-04-24	4264	4257	4262	4238	4247	4248	-16	6102	40940
2012-04-25	4248	4250	4250	4226	4245	4235	-13	7006	43370
2012-04-26	4235	4246	4258	4240	4258	4250	15	2502	43628
2012-04-27	4250	4260	4265	4247	4249	4255	5	2808	43518
2012-05-02	4255	4262	4262	4224	4224	4241	-14	7374	46018
2012-05-03	4241	4220	4230	4215	4222	4223	-18	5634	48264
2012-05-04	4223	4219	4236	4218	4233	4229	6	2140	48202
2012-05-07	4229	4218	4224	4203	4209	4209	-20	3460	48520
2012-05-08	4209	4209	4216	4189	4195	4199	-10	8890	51512
2012-05-09	4199	4190	4190	4159	4169	4170	-29	6638	52630
2012-05-10	4170	4170	4179	4165	4175	4171	1	3088	52754
2012-05-11	4171	4178	4179	4126	4127	4148	-23	15586	60346
2012-05-14	4148	4140	4143	4101	4106	4124	-24	18898	67740
2012-05-15	4124	4097	4098	4044	4064	4065	-59	20498	69672
2012-05-16	4065	4045	4069	4027	4027	4048	-17	11418	72380
2012-05-17	4048	4035	4063	4032	4060	4052	4	14610	76828
2012-05-18	4052	4051	4051	4030	4044	4041	-11	24848	88312
2012-05-21	4041	4041	4077	4038	4064	4056	15	32614	78036
2012-05-22	4056	4067	4086	4046	4061	4063	7	27562	75500
2012-05-23	4063	4032	4045	4000	4016	4019	-44	44050	76488
2012-05-24	4019	4011	4024	4005	4024	4011	-8	18576	75044
2012-05-28	4021	4045	4103	4035	4094	4076	55	33808	82530
2012-05-29	4076	4080	4111	4075	4108	4096	20	42278	90608
2012-05-30	4096	4102	4103	4083	4094	4093	-3	28846	95896
2012-05-31	4093	4060	4099	4055	4089	4086	-7	27378	99788
2012-06-01	4086	4083	4099	4076	4086	4084	-2	27534	101574
2012-06-04	4084	4062	4067	4004	4012	4025	-59	63124	91790
2012-06-05	4025	4045	4080	4027	4063	4052	27	31858	89864
2012-06-06	4052	4070	4090	4061	4068	4074	22	31534	91964
2012-06-07	4074	4082	4096	4065	4072	4083	9	40344	104580
2012-06-08	4083	4078	4090	4068	4079	4081	-2	47146	113890
2012-06-11	4081	4096	4109	4085	4091	4098	17	42348	118696
2012-06-12	4098	4079	4082	4057	4069	4066	-32	31862	124982
2012-06-13	4066	4070	4082	4068	4075	4075	9	23104	124930
2012-06-14	4075	4062	4093	4062	4083	4080	5	27280	123614
2012-06-15	4080	4090	4099	4086	4095	4092	12	27414	126620
2012-06-18	4092	4102	4112	4094	4108	4104	12	35782	130444
2012-06-19	4104	4101	4110	4097	4107	4105	1	24186	132906
2012-06-20	4105	4111	4129	4110	4126	4122	17	44484	141910
2012-06-21	4122	4108	4119	4098	4103	4106	-16	41326	143480
2012-06-25	4106	4095	4101	4080	4082	4089	-17	39108	150666
2012-06-26	4089	4082	4088	4059	4060	4070	-19	61684	163726
2012-06-27	4070	4065	4065	4040	4041	4050	-20	47774	168280
2012-06-28	4050	4054	4062	4040	4059	4050	0	50554	182940
2012-06-29	4050	4055	4055	4022	4035	4041	-9	120328	224842
2012-07-02	4041	4055	4069	3986	4006	4010	-31	300270	313502
2012-07-03	4010	4002	4059	3996	4049	4039	29	245572	296478
2012-07-04	4039	4055	4070	4043	4057	4054	15	231928	298706
2012-07-05	4054	4055	4072	4045	4066	4059	5	213152	302394
2012-07-06	4059	4070	4074	4050	4057	4061	2	155832	321152
2012-07-09	4061	4045	4045	4002	4013	4020	-41	315772	413740
2012-07-10	4020	4017	4018	3938	3940	3973	-47	842736	604116
2012-07-11	3973	3929	3949	3906	3928	3923	-50	884786	680042
2012-07-12	3923	3930	3939	3896	3919	3916	-7	736684	713406
2012-07-13	3916	3920	3943	3902	3941	3925	9	630962	675720
2012-07-16	3925	3939	3941	3882	3889	3906	-19	986768	825206
2012-07-17	3906	3885	3888	3846	3861	3862	-44	752682	837088
2012-07-18	3862	3852	3874	3843	3864	3863	1	835022	822178
2012-07-19	3863	3860	3869	3819	3825	3836	-27	968184	886826
2012-07-20	3836	3822	3824	3747	3750	3782	-54	1159334	991670
2012-07-23	3782	3700	3721	3652	3694	3695	-87	1227760	899612
2012-07-24	3695	3695	3730	3678	3709	3699	4	1260600	967980
2012-07-25	3699	3685	3737	3683	3703	3713	14	1405498	933194
2012-07-26	3713	3713	3730	3697	3719	3714	1	989854	925746
2012-07-27	3714	3726	3768	3719	3762	3743	29	1037448	925732
2012-07-30	3743	3769	3776	3733	3757	3757	14	1012648	944776
2012-07-31	3757	3763	3782	3760	3772	3771	14	821244	916736
2012-08-01	3771	3765	3765	3698	3703	3731	-40	1678160	1031552
2012-08-02	3731	3696	3698	3663	3670	3677	-54	1234526	1070120
2012-08-03	3677	3641	3687	3631	3672	3666	-11	1244096	1046092
2012-08-06	3666	3675	3699	3650	3682	3673	7	1390930	1110756
2012-08-07	3673	3679	3688	3666	3687	3679	6	732526	1110332
2012-08-08	3679	3690	3691	3663	3667	3676	-3	765114	1138444
2012-08-09	3676	3666	3692	3666	3691	3680	4	767376	1116080
2012-08-10	3680	3685	3727	3682	3721	3712	32	1400090	1108132
2012-08-13	3712	3720	3733	3679	3683	3711	-1	1078680	1128142
2012-08-14	3711	3685	3696	3656	3666	3671	-40	1374224	1104328
2012-08-15	3671	3659	3688	3646	3669	3666	-5	1266004	1125980
2012-08-16	3666	3666	3673	3655	3659	3664	-2	728748	1169666
2012-08-17	3664	3664	3670	3614	3626	3632	-32	1588862	1316468
2012-08-20	3632	3625	3628	3599	3607	3612	-20	1009572	1329060
2012-08-21	3612	3597	3603	3578	3591	3590	-22	1006330	1331784
2012-08-22	3590	3590	3611	3555	3557	3583	-7	1195010	1366848
2012-08-23	3583	3559	3568	3519	3542	3541	-42	1742896	1412890
2012-08-24	3541	3527	3533	3507	3509	3516	-25	1144222	1407854
2012-08-27	3516	3506	3524	3492	3513	3512	-4	1389552	1404416
2012-08-28	3512	3499	3499	3455	3455	3474	-38	1588554	1503702
2012-08-29	3474	3450	3453	3327	3443	3400	-74	4248630	1414494
2012-08-30	3400	3434	3452	3381	3437	3421	21	3642486	1501790
2012-08-31	3421	3417	3433	3403	3411	3416	-5	1434984	1483790
2012-09-03	3416	3390	3390	3350	3351	3369	-47	2325202	1570730
2012-09-04	3369	3331	3340	3276	3282	3303	-66	3096626	1624078
2012-09-05	3303	3270	3303	3218	3228	3252	-51	3465662	1730492
2012-09-06	3252	3217	3287	3206	3271	3244	-8	4560416	1694804
2012-09-07	3244	3269	3406	3263	3406	3346	102	5904994	1364242
2012-09-10	3346	3433	3508	3407	3497	3452	106	6013514	1379270
2012-09-11	3452	3492	3496	3436	3461	3461	9	5094204	1310058
2012-09-12	3461	3451	3506	3433	3457	3466	5	5648582	1339758
2012-09-13	3466	3450	3478	3433	3455	3458	-8	3291088	1247188
2012-09-14	3458	3520	3623	3516	3561	3552	94	3939892	1216626
2012-09-17	3552	3538	3571	3508	3554	3542	-10	4057076	1315204
2012-09-18	3542	3530	3598	3530	3582	3570	28	3381252	1246998
2012-09-19	3570	3590	3638	3584	3638	3607	37	3454768	1369624
2012-09-20	3607	3620	3637	3478	3483	3550	-57	5945784	1489836
2012-09-21	3550	3496	3503	3436	3477	3469	-81	5590522	1432492
2012-09-24	3469	3472	3560	3457	3543	3502	33	4451502	1314338
2012-09-25	3502	3558	3587	3530	3547	3558	56	4346548	1235604
2012-09-26	3558	3531	3570	3503	3527	3536	-22	3972964	1110218
2012-09-27	3536	3516	3643	3512	3568	3550	14	2635030	974894
2012-09-28	3550	3578	3599	3549	3597	3575	25	1570792	875432
2012-10-08	3575	3625	3668	3616	3656	3647	72	2233666	927702
2012-10-10	3663	3657	3699	3640	3682	3677	14	2433162	1034882
2012-10-11	3677	3662	3675	3611	3634	3643	-34	2350360	1063166
2012-10-12	3643	3638	3671	3616	3639	3647	4	1924836	1010092
2012-10-15	3647	3602	3631	3568	3582	3594	-53	1898218	983264
2012-10-16	3594	3585	3614	3563	3611	3589	-5	1401176	898022
2012-10-17	3589	3615	3650	3598	3638	3627	38	1319502	879232
2012-10-18	3627	3648	3665	3638	3646	3649	22	735628	859442
2012-10-19	3649	3644	3651	3623	3644	3634	-15	682734	779378
2012-10-22	3634	3644	3680	3629	3679	3657	23	578494	723570
2012-10-23	3657	3687	3689	3635	3637	3664	7	420302	667574
2012-10-24	3664	3640	3660	3637	3652	3647	-17	277036	630488
2012-10-25	3647	3654	3660	3620	3649	3635	-12	337604	593764
2012-10-26	3635	3646	3657	3630	3653	3643	8	238350	565392
2012-10-29	3643	3660	3668	3621	3626	3639	-4	242860	530198
2012-10-30	3639	3620	3632	3609	3621	3621	-18	156540	509792
2012-10-31	3621	3621	3630	3595	3626	3611	-10	161692	471498
2012-11-01	3611	3625	3670	3618	3663	3648	37	155170	439666
2012-11-02	3648	3658	3676	3647	3666	3662	14	98364	425070
