2010-05-18	?	4432	4570	4432	4541	4510	?	684	474
2010-05-19	4510	4541	4549	4506	4534	4527	17	1226	1372
2010-05-20	4527	4547	4593	4547	4555	4571	44	550	1622
2010-05-21	4571	4531	4539	4501	4533	4516	-55	526	1746
2010-05-24	4516	4540	4619	4533	4615	4582	66	700	2010
2010-05-25	4582	4615	4615	4566	4566	4589	7	868	2346
2010-05-26	4589	4589	4595	4558	4563	4578	-11	378	2424
2010-05-27	4578	4560	4590	4525	4575	4556	-22	868	2664
2010-05-28	4556	4599	4610	4558	4558	4586	30	832	2488
2010-05-31	4586	4535	4565	4513	4534	4548	-38	674	2834
2010-06-01	4548	4515	4530	4497	4497	4508	-40	906	3054
2010-06-02	4508	4494	4510	4457	4490	4484	-24	1166	3276
2010-06-03	4484	4500	4520	4483	4493	4499	15	442	3288
2010-06-04	4499	4480	4488	4455	4483	4480	-19	498	3322
2010-06-07	4480	4450	4450	4261	4308	4308	-172	1746	3540
2010-06-08	4308	4310	4317	4283	4310	4300	-8	1148	4056
2010-06-09	4300	4343	4343	4123	4320	4310	10	1366	4358
2010-06-10	4310	4325	4325	4294	4308	4307	-3	476	4502
2010-06-11	4307	4327	4344	4320	4334	4337	30	298	4528
2010-06-17	4337	4384	4384	4325	4332	4348	11	330	4536
2010-06-18	4348	4318	4367	4318	4341	4350	2	664	4694
2010-06-21	4350	4346	4417	4330	4402	4371	21	880	4930
2010-06-22	4371	4376	4398	4376	4379	4383	12	2086	6326
2010-06-23	4383	4339	4363	4319	4340	4341	-42	1844	5724
2010-06-24	4341	4364	4365	4343	4343	4360	19	498	5774
2010-06-25	4360	4343	4358	4335	4345	4345	-15	1434	5570
2010-06-28	4345	4357	4366	4306	4312	4338	-7	1346	6066
2010-06-29	4338	4312	4317	4272	4282	4293	-45	1764	6672
2010-06-30	4293	4267	4289	4260	4285	4269	-24	1028	6988
2010-07-01	4269	4263	4291	4263	4277	4277	8	1772	7090
2010-07-02	4277	4260	4297	4252	4292	4275	-2	1402	7592
2010-07-05	4275	4298	4314	4281	4306	4299	24	1192	7908
2010-07-06	4299	4290	4315	4290	4302	4306	7	1212	8458
2010-07-07	4306	4299	4306	4290	4294	4296	-10	480	8320
2010-07-08	4296	4300	4315	4280	4286	4291	-5	930	8714
2010-07-09	4291	4282	4308	4270	4303	4287	-4	646	8744
2010-07-12	4287	4314	4324	4295	4315	4314	27	3346	9626
2010-07-13	4314	4314	4314	4275	4278	4290	-24	2414	11056
2010-07-14	4290	4286	4305	4250	4261	4270	-20	2938	12150
2010-07-15	4270	4263	4273	4243	4249	4255	-15	1520	12388
2010-07-16	4255	4255	4267	4250	4259	4255	0	1076	12398
2010-07-19	4255	4243	4305	4102	4302	4285	30	7472	16638
2010-07-20	4285	4302	4349	4302	4349	4334	49	8670	20898
2010-07-21	4334	4342	4358	4333	4348	4347	13	2338	21630
2010-07-22	4347	4340	4351	4336	4345	4343	-4	1564	22220
2010-07-23	4343	4350	4392	4216	4379	4361	18	9000	27692
2010-07-26	4361	4372	4389	4364	4378	4379	18	3228	28876
2010-07-27	4379	4378	4381	4320	4334	4341	-38	5270	29112
2010-07-28	4341	4334	4380	4292	4375	4358	17	10318	33484
2010-07-29	4358	4374	4391	4292	4373	4367	9	6682	36548
2010-07-30	4367	4373	4444	4360	4441	4407	40	9864	40598
2010-08-02	4407	4445	4504	4445	4485	4490	83	9716	40966
2010-08-03	4490	4486	4503	4458	4461	4475	-15	5882	41088
2010-08-04	4475	4451	4482	4441	4480	4461	-14	5730	41932
2010-08-05	4461	4486	4501	4449	4460	4471	10	8834	42472
2010-08-06	4471	4450	4490	4443	4483	4471	0	8482	44962
2010-08-09	4471	4490	4544	4485	4544	4522	51	10758	46908
2010-08-10	4522	4541	4549	4518	4525	4530	8	6478	46666
2010-08-11	4530	4530	4571	4519	4528	4550	20	10838	47560
2010-08-12	4550	4530	4530	4460	4463	4486	-64	8114	47544
2010-08-13	4486	4470	4503	4462	4503	4482	-4	8138	48862
2010-08-16	4482	4488	4543	4485	4532	4516	34	12480	51668
2010-08-17	4516	4535	4553	4518	4535	4538	22	11936	52560
2010-08-18	4538	4544	4558	4519	4521	4538	0	14494	52646
2010-08-19	4538	4521	4536	4501	4523	4521	-17	10172	52856
2010-08-20	4521	4509	4510	4471	4479	4491	-30	11434	52216
2010-08-23	4491	4478	4482	4414	4416	4429	-62	19126	56254
2010-08-24	4429	4415	4434	4389	4390	4416	-13	28256	63316
2010-08-25	4416	4381	4399	4368	4380	4383	-33	14956	63466
2010-08-26	4383	4386	4433	4386	4413	4405	22	23538	64850
2010-08-27	4405	4415	4429	4402	4420	4414	9	20736	69368
2010-08-30	4414	4444	4489	4420	4488	4462	48	23620	71966
2010-08-31	4462	4463	4503	4460	4476	4484	22	28968	71792
2010-09-01	4484	4481	4523	4476	4505	4503	19	30194	73780
2010-09-02	4503	4528	4544	4512	4525	4529	26	25034	81012
2010-09-03	4529	4531	4538	4488	4490	4510	-19	22012	85558
2010-09-06	4510	4551	4735	4551	4671	4655	145	159986	148816
2010-09-07	4655	4683	4683	4631	4645	4649	-6	118118	175808
2010-09-08	4649	4640	4649	4610	4618	4624	-25	72812	182122
2010-09-09	4624	4630	4635	4422	4514	4538	-86	109600	185742
2010-09-10	4538	4535	4561	4511	4554	4543	5	112402	213948
2010-09-13	4543	4581	4594	4542	4544	4558	15	112850	223502
2010-09-14	4558	4554	4554	4466	4481	4513	-45	109022	233270
2010-09-15	4513	4490	4490	4461	4472	4476	-37	108466	249030
2010-09-16	4476	4478	4490	4415	4423	4447	-29	140452	249954
2010-09-17	4447	4438	4442	4419	4430	4432	-15	114478	266394
2010-09-20	4432	4438	4469	4425	4443	4452	20	165846	272084
2010-09-21	4452	4446	4446	4395	4399	4415	-37	145148	246100
2010-09-27	4415	4419	4426	4357	4362	4376	-39	172080	263030
2010-09-28	4376	4340	4385	4339	4366	4369	-7	164832	275304
2010-09-29	4369	4375	4397	4345	4361	4369	0	214594	280550
2010-09-30	4369	4361	4375	4315	4373	4339	-30	234724	298638
2010-10-08	4339	4361	4432	4355	4417	4407	68	414464	379182
2010-10-11	4407	4461	4526	4460	4510	4504	97	1286526	620682
2010-10-12	4504	4485	4496	4446	4459	4474	-30	1320094	690944
2010-10-13	4474	4475	4519	4462	4504	4491	17	1970662	864790
2010-10-14	4491	4515	4525	4464	4474	4486	-5	1792046	882978
2010-10-15	4486	4450	4506	4431	4498	4460	-26	1753840	912814
2010-10-18	4460	4478	4554	4472	4520	4527	67	2626080	1041522
2010-10-19	4527	4550	4553	4465	4488	4503	-24	2125438	973342
2010-10-20	4503	4410	4448	4377	4421	4421	-82	1837350	893744
2010-10-21	4421	4438	4459	4414	4427	4437	16	1943500	921992
2010-10-22	4437	4420	4431	4403	4413	4419	-18	1104678	863446
2010-10-25	4419	4430	4516	4422	4510	4479	60	2565054	1076484
2010-10-26	4479	4519	4525	4470	4477	4494	15	2136466	1005426
2010-10-27	4494	4494	4540	4471	4486	4507	13	3459542	1014438
2010-10-28	4507	4499	4525	4490	4504	4508	1	1680382	1008602
2010-10-29	4508	4500	4515	4475	4505	4495	-13	1531558	941652
2010-11-01	4495	4520	4562	4519	4553	4541	46	1697620	1100574
2010-11-02	4541	4558	4567	4535	4542	4545	4	1159876	1007590
2010-11-03	4545	4565	4588	4541	4551	4568	23	1720450	1002842
2010-11-04	4568	4575	4610	4563	4606	4582	14	1534004	1216284
2010-11-05	4582	4650	4733	4644	4708	4699	117	2644480	1190582
2010-11-08	4699	4730	4730	4679	4709	4700	1	1628332	1125614
2010-11-09	4700	4720	4906	4710	4854	4814	114	2925024	1202140
2010-11-10	4814	4842	4886	4730	4770	4815	1	2664716	1026544
2010-11-11	4815	4785	4852	4743	4793	4805	-10	2438760	1046018
2010-11-12	4805	4795	4795	4571	4637	4657	-148	4421772	879838
2010-11-15	4657	4590	4694	4590	4667	4652	-5	2758176	871004
2010-11-16	4652	4678	4687	4632	4646	4659	7	1799372	849250
2010-11-17	4659	4529	4574	4491	4550	4544	-115	2693604	772888
2010-11-18	4544	4589	4621	4563	4611	4594	50	1649710	747278
2010-11-19	4594	4644	4666	4584	4643	4632	38	1853112	694868
2010-11-22	4632	4632	4671	4622	4644	4649	17	1375458	707436
2010-11-23	4649	4630	4645	4589	4607	4612	-37	1595554	690430
2010-11-24	4612	4615	4699	4598	4695	4640	28	1586012	788806
2010-11-25	4640	4701	4738	4680	4683	4711	71	1677462	758480
2010-11-26	4711	4684	4697	4630	4650	4656	-55	1482902	713490
2010-11-29	4656	4660	4680	4635	4668	4660	4	921840	699648
2010-11-30	4660	4659	4666	4612	4634	4632	-28	945702	635964
2010-12-01	4632	4632	4688	4626	4678	4658	26	777228	635332
2010-12-02	4658	4708	4724	4675	4685	4697	39	786242	641072
2010-12-03	4697	4693	4745	4685	4728	4719	22	1185750	724502
2010-12-06	4719	4737	4744	4705	4719	4718	-1	675060	695742
2010-12-07	4718	4723	4771	4710	4760	4744	26	873766	751160
2010-12-08	4744	4740	4758	4711	4712	4737	-7	631582	678242
2010-12-09	4737	4735	4743	4712	4715	4727	-10	599348	639992
2010-12-10	4727	4708	4732	4693	4727	4715	-12	488184	630880
2010-12-13	4715	4730	4789	4728	4779	4768	53	699028	644824
2010-12-14	4768	4770	4791	4760	4782	4774	6	441076	631422
2010-12-15	4774	4778	4814	4751	4772	4783	9	756702	634042
2010-12-16	4783	4765	4787	4757	4767	4772	-11	389226	625876
2010-12-17	4772	4767	4794	4767	4791	4784	12	406692	625434
2010-12-20	4784	4810	4827	4770	4801	4800	16	574278	629708
2010-12-21	4800	4811	4832	4803	4822	4817	17	482152	686696
2010-12-22	4817	4830	4831	4783	4794	4804	-13	463988	636140
2010-12-23	4804	4798	4799	4763	4774	4778	-26	387802	632388
2010-12-24	4778	4776	4784	4743	4762	4760	-18	377644	621460
2010-12-27	4760	4736	4770	4720	4734	4748	-12	407238	615062
2010-12-28	4748	4738	4755	4737	4744	4745	-3	261366	598940
2010-12-29	4745	4747	4778	4721	4770	4754	9	496128	608974
2010-12-30	4754	4766	4792	4752	4791	4773	19	322462	574712
2010-12-31	4773	4778	4814	4778	4812	4803	30	279364	568186
2011-01-04	4803	4830	4843	4805	4822	4823	20	275428	576934
2011-01-05	4823	4800	4817	4789	4793	4807	-16	214902	561420
2011-01-06	4807	4806	4825	4802	4809	4816	9	186136	557852
2011-01-07	4816	4800	4828	4777	4793	4799	-17	369032	553694
2011-01-10	4799	4801	4851	4801	4834	4835	36	436038	549690
2011-01-11	4835	4834	4844	4828	4843	4835	0	183264	535096
2011-01-12	4835	4860	4866	4833	4847	4850	15	223236	543014
2011-01-13	4850	4860	4865	4843	4861	4855	5	168582	528286
2011-01-14	4855	4866	4918	4852	4903	4891	36	354032	544148
2011-01-17	4891	4905	4933	4898	4919	4915	24	252814	531762
2011-01-18	4915	4916	4929	4887	4913	4909	-6	208070	518064
2011-01-19	4909	4923	4941	4911	4931	4926	17	179098	500434
2011-01-20	4926	4921	4931	4913	4918	4921	-5	143046	486856
2011-01-21	4921	4902	4956	4897	4950	4929	8	236038	476296
2011-01-24	4929	4959	4976	4950	4965	4966	37	163504	462662
2011-01-25	4966	4959	4978	4953	4967	4966	0	111670	454316
2011-01-26	4966	4956	4962	4920	4949	4945	-21	105288	441722
2011-01-27	4945	4954	4958	4893	4930	4920	-25	167810	405718
2011-01-28	4920	4920	4943	4919	4936	4935	15	50848	386380
2011-01-31	4935	4936	5000	4936	4996	4982	47	80326	357876
2011-02-01	4982	5001	5023	4985	5022	5005	23	57202	342150
2011-02-09	5005	5003	5028	4998	5013	5013	8	57602	319272
2011-02-10	5013	5017	5068	5011	5061	5048	35	62324	310398
2011-02-11	5048	5064	5110	5052	5068	5083	35	87332	279212
2011-02-14	5083	5074	5078	5037	5057	5061	-22	41080	269244
2011-02-15	5061	5078	5084	5061	5062	5074	13	38672	253224
2011-02-16	5074	5041	5058	4993	5017	5021	-53	64186	234520
2011-02-17	5021	5020	5029	4927	4936	4967	-54	63120	219796
2011-02-18	4967	4964	4964	4918	4919	4934	-33	36854	209830
2011-02-21	4934	4932	4965	4910	4950	4935	1	53590	196848
2011-02-22	4935	4958	4986	4904	4952	4958	23	42054	183680
2011-02-23	4958	4900	4930	4900	4920	4917	-41	38250	167812
2011-02-24	4917	4925	4936	4878	4881	4893	-24	42556	151066
2011-02-25	4893	4888	4898	4858	4867	4874	-19	24086	142560
2011-02-28	4874	4874	4903	4860	4899	4891	17	15682	137712
2011-03-01	4891	4902	4914	4830	4835	4860	-31	31468	127676
2011-03-02	4860	4830	4866	4815	4864	4836	-24	15296	123202
2011-03-03	4836	4865	4883	4826	4841	4853	17	17388	120220
2011-03-04	4853	4842	4852	4818	4842	4830	-23	15876	115258
2011-03-07	4830	4835	4854	4829	4848	4839	9	13252	113192
2011-03-08	4839	4832	4849	4790	4807	4820	-19	18492	108108
2011-03-09	4820	4808	4820	4785	4800	4799	-21	8692	103854
2011-03-10	4799	4785	4790	4693	4693	4727	-72	22686	91514
2011-03-11	4727	4699	4699	4655	4659	4674	-53	17250	83204
2011-03-14	4674	4651	4775	4640	4711	4684	10	24136	75034
2011-03-15	4684	4711	4771	4710	4757	4734	50	22128	64768
2011-03-16	4734	4751	4825	4751	4815	4794	60	21332	56174
2011-03-17	4794	4794	4836	4793	4820	4818	24	15820	54714
2011-03-18	4818	4832	4843	4700	4755	4788	-30	18674	46720
2011-03-21	4788	4755	4755	4660	4661	4695	-93	13598	43244
2011-03-22	4695	4646	4690	4641	4679	4669	-26	9736	41324
2011-03-23	4669	4671	4736	4671	4729	4707	38	10690	36284
2011-03-24	4707	4738	4761	4699	4732	4739	32	5490	34752
2011-03-25	4739	4740	4743	4717	4735	4727	-12	4680	32380
2011-03-28	4727	4729	4776	4729	4760	4761	34	10608	27296
2011-03-29	4761	4760	4793	4743	4768	4766	5	10236	24520
2011-03-30	4766	4789	4791	4744	4760	4771	5	3562	22622
2011-03-31	4771	4758	4779	4751	4757	4761	-10	7026	17280
2011-04-01	4761	4769	4769	4740	4753	4752	-9	2970	15696
2011-04-06	4752	4735	4805	4735	4800	4788	36	5554	13876
2011-04-07	4788	4810	4823	4804	4819	4816	28	4434	11566
2011-04-08	4816	4833	4859	4819	4857	4839	23	2690	10524
2011-04-11	4839	4866	4872	4838	4848	4854	15	1920	9868
2011-04-12	4854	4834	4864	4831	4844	4847	-7	2176	9284
2011-04-13	4847	4830	4861	4814	4861	4843	-4	1310	8772
2011-04-14	4843	4854	4875	4842	4856	4856	13	1082	8412
2011-04-15	4856	4870	4870	4650	4792	4794	-62	2278	8220
2011-04-18	4794	4783	4819	4763	4810	4804	10	1132	7760
2011-04-19	4804	4772	4812	4760	4772	4777	-27	1456	7752
2011-04-20	4777	4795	4809	4780	4809	4798	21	1416	7232
2011-04-21	4798	4821	4829	4805	4812	4816	18	2872	6508
2011-04-22	4816	4796	4825	4795	4818	4807	-9	1444	6036
2011-04-25	4807	4831	4831	4810	4816	4819	12	1494	6072
2011-04-26	4819	4819	4857	4782	4856	4836	17	1816	5704
2011-04-27	4836	4839	4880	4839	4865	4869	33	860	5314
2011-04-28	4869	4865	4910	4865	4896	4893	24	794	4770
2011-04-29	4893	4896	5050	4871	4901	4914	21	766	4262
2011-05-03	4914	4900	4975	4900	4975	4940	26	362	4080
2011-05-04	4940				4940	4940	0		4080
2011-05-05	4940	4998	5085	4998	5070	5030	90	660	3540
2011-05-06	5030	4980	4980	4980	4980	4980	-50	120	3540
2011-05-09	4980	4920	4920	4920	4920	4920	-60	240	3300
2011-05-10	4920	5080	5080	5080	5080	5080	160	60	3240
2011-05-11	5080	5099	5100	4826	4826	4947	-133	540	3000
2011-05-12	4947	5039	5039	5039	5039	5039	92	60	2940
2011-05-13	5039				5039	5039	0		2940
2011-05-16	5039				5039	5039	0		2940
