2011-09-16					4804	4804	0		
2011-09-19	4804				4803	4804	0		
2011-09-20	4804	4640	4685	4640	4685	4662	-142	4	
2011-09-21	4662				4662	4662	0		
2011-09-22	4662				4662	4662	0		
2011-09-23	4662	4500	4676	4480	4480	4582	-80	10	2
2011-09-26	4582				4519	4519	-63		2
2011-09-27	4519				4519	4519	0		2
2011-09-28	4519				4519	4519	0		2
2011-09-29	4519				4423	4423	-96		2
2011-09-30	4423				4423	4423	0		2
2011-10-10	4423	4423	4423	4423	4423	4423	0	2	4
2011-10-11	4423	4327	4327	4327	4327	4327	-96	4	6
2011-10-12	4327				4327	4327	0		6
2011-10-13	4327	4394	4394	4308	4383	4361	34	6	6
2011-10-14	4361	4432	4432	4432	4432	4432	71	2	6
2011-10-17	4432	4300	4300	4300	4300	4300	-132	6	10
2011-10-18	4300	4260	4260	4212	4212	4243	-57	84	62
2011-10-19	4243	4150	4168	4108	4119	4148	-95	94	60
2011-10-20	4148	4004	4010	3970	4010	3995	-153	96	126
2011-10-21	3995	3995	4026	3988	4026	4005	10	28	136
2011-10-24	4005	4032	4133	4005	4133	4073	68	58	136
2011-10-25	4073	4106	4215	4087	4110	4120	47	64	130
2011-10-26	4120	4073	4103	4044	4103	4077	-43	42	136
2011-10-27	4077	4104	4114	4104	4114	4109	32	4	132
2011-10-28	4109	4110	4219	4110	4208	4145	36	100	150
2011-10-31	4145	4185	4213	4123	4150	4171	26	52	166
2011-11-01	4171	4180	4180	4100	4100	4142	-29	48	156
2011-11-02	4142	4081	4108	4030	4044	4063	-79	22	154
2011-11-03	4063	4104	4118	4060	4060	4087	24	44	162
2011-11-04	4087	4140	4165	4118	4153	4139	52	54	164
2011-11-07	4139	4166	4169	4148	4148	4158	19	18	166
2011-11-08	4158	4167	4204	4146	4180	4179	21	50	168
2011-11-09	4179	4200	4228	4192	4194	4202	23	28	174
2011-11-10	4202	4105	4139	4085	4104	4111	-91	166	226
2011-11-11	4111	4135	4178	4133	4156	4154	43	72	224
2011-11-14	4154	4210	4210	4191	4192	4198	44	16	220
2011-11-15	4198	4178	4185	4170	4175	4177	-21	46	214
2011-11-16	4177	4200	4200	4150	4155	4163	-14	30	220
2011-11-17	4163	4140	4185	4140	4184	4175	12	58	214
2011-11-18	4175	4151	4174	4149	4155	4160	-15	40	218
2011-11-21	4160	4152	4152	4050	4110	4115	-45	62	212
2011-11-22	4115	4086	4100	4081	4100	4090	-25	14	218
2011-11-23	4090	4121	4121	4066	4066	4102	12	42	224
2011-11-24	4102	4068	4090	4021	4085	4068	-34	36	220
2011-11-25	4068	4068	4078	4030	4067	4057	-11	32	230
2011-11-28	4057	4071	4112	4071	4099	4096	39	24	230
2011-11-29	4096	4122	4139	4122	4128	4132	36	78	230
2011-11-30	4132	4139	4157	4089	4099	4118	-14	26	226
2011-12-01	4118	4218	4218	4169	4183	4185	67	44	216
2011-12-02	4185	4153	4170	4147	4157	4158	-27	34	218
2011-12-05	4158	4161	4185	4157	4159	4166	8	202	258
2011-12-06	4166	4134	4134	4134	4134	4134	-32	2	256
2011-12-07	4134	4151	4164	4146	4164	4152	18	44	242
2011-12-08	4152	4146	4155	4141	4155	4147	-5	26	240
2011-12-09	4147	4146	4166	4146	4151	4154	7	6	240
2011-12-12	4154	4136	4136	4136	4136	4136	-18	2	242
2011-12-13	4136	4109	4168	4109	4144	4139	3	80	240
2011-12-14	4139	4131	4155	4130	4146	4140	1	46	240
2011-12-15	4140	4100	4132	4100	4129	4117	-23	136	274
2011-12-16	4117	4144	4173	4140	4173	4153	36	8	274
2011-12-19	4153	4156	4180	4156	4179	4165	12	88	302
2011-12-20	4165	4186	4191	4171	4186	4186	21	46	314
2011-12-21	4186	4193	4203	4183	4186	4189	3	30	308
2011-12-22	4189	4192	4201	4183	4189	4193	4	18	302
2011-12-23	4193	4209	4228	4200	4205	4210	17	258	328
2011-12-26	4210	4209	4462	4209	4224	4232	22	64	326
2011-12-27	4232	4332	4332	4224	4236	4243	11	72	318
2011-12-28	4243	4276	4276	4216	4230	4226	-17	94	312
2011-12-29	4226	4224	4227	4151	4185	4198	-28	184	324
2011-12-30	4198	4195	4195	4171	4184	4180	-18	100	312
2012-01-04	4180	4208	4208	4154	4154	4169	-11	200	330
2012-01-05	4169	4153	4175	4148	4170	4162	-7	72	324
2012-01-06	4162	4185	4185	4167	4173	4171	9	74	312
2012-01-09	4171	4199	4199	4165	4180	4177	6	58	302
2012-01-10	4177	4161	4204	4161	4204	4189	12	94	288
2012-01-11	4189	4205	4225	4193	4216	4209	20	156	292
2012-01-12	4209	4215	4217	4195	4209	4207	-2	98	284
2012-01-13	4207	4208	4223	4200	4215	4215	8	60	304
2012-01-16	4215	4220	4237	4173	4232	4218	3	188	298
2012-01-17	4218	4227	4292	4227	4288	4249	31	188	250
2012-01-18	4249	4280	4323	4276	4309	4303	54	98	256
2012-01-19	4303	4302	4323	4294	4314	4305	2	66	238
2012-01-20	4305	4312	4383	4307	4383	4330	25	68	238
2012-01-30	4330	4335	4371	4324	4324	4346	16	50	234
2012-01-31	4346	4309	4317	4301	4315	4312	-34	104	220
2012-02-01	4312	4312	4321	4307	4311	4313	1	52	234
2012-02-02	4313	4310	4333	4301	4333	4311	-2	180	244
2012-02-03	4311	4316	4366	4316	4366	4343	32	126	220
2012-02-06	4343	4367	4404	4340	4345	4358	15	68	212
2012-02-07	4358	4349	4350	4280	4280	4323	-35	120	208
2012-02-08	4323	4307	4350	4307	4339	4325	2	80	200
2012-02-09	4325	4325	4353	4311	4313	4330	5	74	190
2012-02-10	4330	4329	4329	4300	4303	4312	-18	124	206
2012-02-13	4312	4279	4290	4261	4282	4275	-37	136	230
2012-02-14	4275	4270	4280	4270	4272	4273	-2	52	224
2012-02-15	4273	4281	4281	4226	4239	4251	-22	236	242
2012-02-16	4251	4227	4227	4170	4199	4196	-55	292	270
2012-02-17	4196	4190	4214	4161	4171	4189	-7	626	328
2012-02-20	4189	4295	4295	4186	4218	4214	25	326	408
2012-02-21	4214	4236	4246	4204	4245	4234	20	306	550
2012-02-22	4234	4245	4263	4240	4245	4246	12	198	512
2012-02-23	4246	4246	4252	4225	4226	4237	-9	202	514
2012-02-24	4237	4209	4263	4206	4263	4232	-5	398	676
2012-02-27	4232	4262	4318	4252	4316	4295	63	610	932
2012-02-28	4295	4325	4325	4296	4314	4307	12	498	986
2012-02-29	4307	4312	4316	4292	4304	4304	-3	292	992
2012-03-01	4304	4280	4320	4280	4292	4301	-3	228	1004
2012-03-02	4301	4298	4325	4295	4305	4306	5	314	1054
2012-03-05	4306	4312	4312	4263	4282	4277	-29	642	1040
2012-03-06	4277	4268	4285	4268	4278	4277	0	546	1012
2012-03-07	4277	4253	4272	4241	4263	4253	-24	100	1012
2012-03-08	4253	4274	4295	4274	4285	4285	32	432	1024
2012-03-09	4285	4308	4324	4302	4322	4316	31	300	972
2012-03-12	4316	4330	4338	4320	4328	4328	12	220	994
2012-03-13	4328	4337	4345	4327	4336	4338	10	284	976
2012-03-14	4338	4342	4350	4308	4320	4325	-13	252	974
2012-03-15	4325	4323	4333	4310	4328	4321	-4	126	956
2012-03-16	4321	4335	4340	4317	4329	4329	8	262	1016
2012-03-19	4329	4322	4331	4310	4328	4319	-10	264	964
2012-03-20	4319	4343	4343	4314	4325	4327	8	72	958
2012-03-21	4327	4325	4355	4311	4343	4337	10	410	1046
2012-03-22	4337	4357	4357	4335	4338	4345	8	370	1050
2012-03-23	4345	4328	4333	4321	4330	4328	-17	116	1044
2012-03-26	4328	4348	4350	4326	4342	4342	14	426	1214
2012-03-27	4342	4362	4369	4345	4355	4363	21	808	1540
2012-03-28	4363	4360	4360	4337	4337	4346	-17	82	1524
2012-03-29	4346	4343	4343	4300	4315	4315	-31	182	1510
2012-03-30	4315	4322	4324	4306	4310	4317	2	136	1482
2012-04-05	4317	4302	4355	4284	4336	4315	-2	250	1454
2012-04-06	4315	4343	4373	4341	4362	4353	38	594	1484
2012-04-09	4353	4367	4379	4341	4362	4367	14	368	1524
2012-04-10	4367	4361	4370	4355	4363	4364	-3	140	1524
2012-04-11	4364	4350	4369	4340	4356	4351	-13	318	1502
2012-04-12	4351	4384	4385	4353	4384	4378	27	208	1512
2012-04-13	4378	4410	4410	4355	4371	4380	2	310	1456
2012-04-16	4380	4350	4359	4300	4317	4335	-45	416	1408
2012-04-17	4335	4320	4336	4305	4305	4318	-17	196	1380
2012-04-18	4318	4318	4339	4311	4339	4319	1	106	1384
2012-04-19	4319	4338	4338	4302	4305	4314	-5	626	1400
2012-04-20	4314	4302	4322	4295	4309	4312	-2	270	1396
2012-04-23	4312	4311	4311	4281	4288	4295	-17	172	1398
2012-04-24	4295	4277	4291	4228	4279	4274	-21	2484	1500
2012-04-25	4274	4274	4278	4256	4278	4261	-13	834	1726
2012-04-26	4261	4280	4295	4279	4290	4289	28	1630	1694
2012-04-27	4289	4292	4302	4275	4284	4289	0	520	1724
2012-05-02	4289	4272	4291	4255	4268	4275	-14	732	1852
2012-05-03	4275	4265	4270	4250	4251	4261	-14	2492	2340
2012-05-04	4261	4246	4273	4246	4273	4264	3	534	2348
2012-05-07	4264	4245	4249	4238	4238	4244	-20	262	2284
2012-05-08	4244	4244	4255	4236	4238	4245	1	150	2234
2012-05-09	4245	4225	4234	4203	4222	4216	-29	222	2188
2012-05-10	4216	4220	4224	4215	4224	4218	2	80	2172
2012-05-11	4218	4213	4216	4184	4188	4198	-20	320	2118
2012-05-14	4198	4201	4212	4176	4180	4193	-5	160	2098
2012-05-15	4193	4141	4150	4117	4142	4133	-60	290	1982
2012-05-16	4133	4117	4144	4091	4091	4113	-20	162	1962
2012-05-17	4113	4110	4140	4093	4140	4120	7	176	1968
2012-05-18	4120	4116	4140	4062	4135	4101	-19	746	1974
2012-05-21	4101	4120	4144	4120	4134	4132	31	140	1962
2012-05-22	4132	4145	4149	4085	4107	4109	-23	652	2188
2012-05-23	4109	4094	4094	4048	4051	4072	-37	626	1774
2012-05-24	4072	4050	4078	4050	4078	4062	-10	288	1790
2012-05-28	4070	4085	4129	4080	4118	4099	29	156	1772
2012-05-29	4099	4126	4160	4093	4160	4131	32	250	1784
2012-05-30	4131	4104	4140	4104	4125	4114	-17	628	1968
2012-05-31	4114	4080	4152	4080	4132	4125	11	708	1888
2012-06-01	4125	4125	4145	4105	4121	4127	2	640	1854
2012-06-04	4127	4121	4121	4075	4087	4086	-41	520	1800
2012-06-05	4086	4086	4144	4086	4123	4117	31	182	1750
2012-06-06	4117	4130	4152	4124	4131	4138	21	132	1722
2012-06-07	4138	4164	4176	4116	4138	4148	10	254	1722
2012-06-08	4148	4123	4157	4123	4140	4144	-4	328	1648
2012-06-11	4144	4174	4174	4132	4141	4150	6	120	1630
2012-06-12	4150	4152	4152	4104	4123	4119	-31	128	1642
2012-06-13	4119	4118	4132	4118	4126	4129	10	92	1596
2012-06-14	4129	4128	4147	4128	4132	4134	5	22	1590
2012-06-15	4134	4154	4168	4138	4168	4146	12	124	1560
2012-06-18	4146	4186	4186	4142	4142	4153	7	54	1554
2012-06-19	4153	4151	4153	4145	4145	4150	-3	8	1554
2012-06-20	4150	4159	4176	4159	4165	4168	18	130	1612
2012-06-21	4168	4143	4159	4139	4139	4142	-26	22	1614
2012-06-25	4142	4131	4138	4114	4125	4127	-15	150	1520
2012-06-26	4127	4122	4122	4113	4113	4117	-10	124	1456
2012-06-27	4117	4111	4121	4109	4109	4111	-6	102	1406
2012-06-28	4111	4113	4130	4113	4130	4120	9	10	1404
2012-06-29	4120	4106	4146	4104	4134	4116	-4	124	1382
2012-07-02	4116	4122	4136	4075	4078	4099	-17	400	1284
2012-07-03	4099	4096	4131	4070	4111	4094	-5	148	1268
2012-07-04	4094	4135	4135	4101	4123	4118	24	86	1276
2012-07-05	4118	4118	4128	4112	4128	4124	6	14	1274
2012-07-06	4124	4120	4134	4111	4128	4122	-2	22	1272
2012-07-09	4122	4100	4100	4071	4071	4083	-39	30	1280
2012-07-10	4083	4104	4104	4035	4040	4060	-23	578	1240
2012-07-11	4060	3990	4064	3990	4028	4045	-15	846	1210
2012-07-12	4045	4032	4032	4008	4026	4018	-27	36	1204
2012-07-13	4018	3999	4034	3999	4015	4019	1	46	1226
2012-07-16	4019	4056	4060	3939	3959	4005	-14	80	1198
2012-07-17	4005	3938	3964	3903	3922	3933	-72	46	1184
2012-07-18	3933	3929	3929	3905	3905	3921	-12	20	1178
2012-07-19	3921	3892	3909	3883	3883	3898	-23	24	1178
2012-07-20	3898	3845	3914	3834	3834	3849	-49	60	1172
2012-07-23	3849	3781	3825	3768	3810	3791	-58	334	1154
2012-07-24	3791	3811	3846	3811	3819	3830	39	208	1178
2012-07-25	3830	3819	3842	3803	3810	3828	-2	78	1192
2012-07-26	3828	3827	3829	3827	3828	3828	0	8	1192
2012-07-27	3828	3818	3841	3818	3835	3829	1	74	1184
2012-07-30	3829	3843	3843	3828	3828	3840	11	10	1182
2012-07-31	3840	3825	3849	3790	3790	3808	-32	122	1156
2012-08-01	3808	3792	3792	3741	3741	3758	-50	72	1090
2012-08-02	3758	3717	3739	3711	3711	3714	-44	24	1070
2012-08-03	3714	3691	3691	3681	3681	3688	-26	62	1056
2012-08-06	3688	3682	3715	3663	3670	3675	-13	78	990
2012-08-07	3675	3713	3714	3656	3662	3668	-7	204	922
2012-08-08	3668	3657	3657	3645	3651	3651	-17	130	852
2012-08-09	3651	3642	3648	3640	3647	3643	-8	58	820
2012-08-10	3643	3660	3668	3655	3668	3663	20	90	820
2012-08-13	3663	3668	3668	3651	3653	3654	-9	256	636
2012-08-14	3654	3652	3658	3648	3648	3650	-4	240	438
2012-08-15	3650	3650	3650	3646	3650	3648	-2	132	366
2012-08-16	3648	3648	3714	3639	3639	3656	8	58	332
2012-08-17	3656	3641	3693	3626	3632	3635	-21	54	302
2012-08-20	3635				3635	3635	0		302
2012-08-21	3635	3543	3624	3543	3624	3583	-52	4	302
2012-08-22	3583	3553	3637	3553	3594	3599	16	40	288
2012-08-23	3599				3600	3600	1		288
2012-08-24	3600	3584	3584	3579	3579	3581	-19	6	284
2012-08-27	3581	3572	3572	3560	3560	3570	-11	132	304
2012-08-28	3570	3470	3567	3459	3460	3492	-78	58	300
2012-08-29	3492	3460	3460	3460	3460	3460	-32	4	300
2012-08-30	3460	3459	3460	3459	3460	3459	-1	18	300
2012-08-31	3459	3460	3483	3360	3483	3458	-1	64	240
2012-09-03	3458				3458	3458	0		240
2012-09-04	3458	3401	3401	3401	3401	3401	-57	60	240
2012-09-05	3401	3351	3351	3351	3351	3351	-50	60	240
2012-09-06	3351	3400	3400	3400	3400	3400	49	120	240
2012-09-07	3400				3400	3400	0		240
2012-09-10	3400				3400	3400	0		240
2012-09-11	3400				3400	3400	0		240
2012-09-12	3400				3400	3400	0		240
2012-09-13	3400				3400	3400	0		240
2012-09-14	3400				3400	3400	0		240
2012-09-17	3400				3400	3400	0		240
