2010-12-31									
2011-01-04									
2011-01-05									
2011-01-06									
2011-01-07									
2011-01-10									
2011-01-11									
2011-01-12									
2011-01-13									
2011-01-14									
2011-01-17									
2011-01-18		5040	5070	5040	5070	5057	0	12	8
2011-01-19	5057	5058	5082	5058	5082	5070	13	4	10
2011-01-20	5070				5070	5070	0		10
2011-01-21	5070	5107	5107	5061	5061	5084	14	4	10
2011-01-24	5084	5061	5106	5061	5091	5088	4	18	20
2011-01-25	5088	5100	5139	5100	5134	5128	40	146	154
2011-01-26	5128	5084	5118	5084	5095	5100	-28	12	160
2011-01-27	5100	5062	5159	5038	5079	5084	-16	50	180
2011-01-28	5084				5084	5084	0		180
2011-01-31	5084	5129	5168	5129	5160	5152	68	64	228
2011-02-01	5152	5145	5154	5145	5154	5148	-4	6	228
2011-02-09	5148	5152	5183	5152	5170	5170	22	22	236
2011-02-10	5170	5173	5250	5166	5250	5227	57	292	472
2011-02-11	5227	5246	5283	5217	5238	5256	29	148	528
2011-02-14	5256	5230	5247	5207	5210	5222	-34	74	544
2011-02-15	5222	5220	5249	5217	5217	5226	4	46	562
2011-02-16	5226	5207	5207	5135	5152	5162	-64	114	588
2011-02-17	5162	5136	5176	5073	5095	5122	-40	148	612
2011-02-18	5122	5090	5097	5040	5070	5072	-50	44	598
2011-02-21	5072	5060	5087	5035	5072	5064	-8	44	608
2011-02-22	5064	5138	5138	5033	5069	5079	15	108	626
2011-02-23	5079	5030	5030	4982	5002	5007	-72	92	654
2011-02-24	5007	5007	5007	4937	4947	4965	-42	134	684
2011-02-25	4965	4927	4969	4910	4927	4926	-39	346	846
2011-02-28	4926	4950	4960	4939	4959	4950	24	232	968
2011-03-01	4950	4946	4954	4871	4882	4901	-49	378	1174
2011-03-02	4901	4900	4903	4827	4899	4868	-33	454	1368
2011-03-03	4868	4882	4917	4850	4862	4877	9	364	1454
2011-03-04	4877	4860	4870	4822	4868	4840	-37	782	1992
2011-03-07	4840	4848	4897	4848	4888	4874	34	404	2148
2011-03-08	4874	4870	4899	4826	4836	4862	-12	430	2378
2011-03-09	4862	4842	4850	4816	4845	4837	-25	236	2446
2011-03-10	4837	4801	4815	4750	4751	4772	-65	504	2658
2011-03-11	4772	4742	4761	4720	4727	4744	-28	640	2976
2011-03-14	4744	4730	4828	4730	4818	4762	18	810	3444
2011-03-15	4762	4816	4864	4800	4856	4825	63	778	3728
2011-03-16	4825	4860	4924	4841	4917	4877	52	1178	4224
2011-03-17	4877	4898	4934	4884	4910	4912	35	1198	4474
2011-03-18	4912	4925	4944	4842	4852	4884	-28	990	4880
2011-03-21	4884	4832	4839	4750	4750	4784	-100	1186	5162
2011-03-22	4784	4750	4770	4730	4740	4747	-37	1174	5542
2011-03-23	4747	4747	4818	4742	4817	4780	33	888	5532
2011-03-24	4780	4830	4848	4770	4791	4805	25	1060	5424
2011-03-25	4805	4805	4816	4779	4783	4798	-7	622	5382
2011-03-28	4798	4811	4868	4811	4850	4848	50	1180	5636
2011-03-29	4848	4868	4885	4840	4866	4868	20	2130	6464
2011-03-30	4868	4891	4891	4845	4850	4861	-7	744	6644
2011-03-31	4861	4852	4878	4831	4852	4857	-4	734	6624
2011-04-01	4857	4869	4869	4824	4846	4837	-20	756	6652
2011-04-06	4837	4868	4925	4864	4923	4895	58	4892	6998
2011-04-07	4895	4930	4933	4903	4930	4918	23	1860	7734
2011-04-08	4918	4935	4958	4908	4946	4945	27	2390	8178
2011-04-11	4945	4931	4976	4931	4958	4959	14	2766	9402
2011-04-12	4959	4947	4960	4929	4950	4946	-13	1008	9472
2011-04-13	4946	4932	4962	4915	4959	4935	-11	1348	9836
2011-04-14	4935	4956	4971	4945	4950	4959	24	802	9806
2011-04-15	4959	4932	4960	4881	4882	4900	-59	2472	9446
2011-04-18	4900	4863	4909	4852	4904	4887	-13	1360	9408
2011-04-19	4887	4890	4898	4830	4835	4847	-40	2170	9452
2011-04-20	4847	4846	4878	4846	4874	4866	19	818	9420
2011-04-21	4866	4893	4924	4893	4911	4913	47	1640	9366
2011-04-22	4913	4913	4934	4894	4928	4917	4	962	9346
2011-04-25	4917	4928	4956	4918	4929	4928	11	796	9256
2011-04-26	4928	4900	4948	4896	4938	4928	0	1616	9616
2011-04-27	4928	4959	4962	4928	4936	4945	17	1096	9820
2011-04-28	4945	4945	4973	4932	4959	4959	14	2314	10246
2011-04-29	4959	4945	4965	4915	4955	4946	-13	1544	10536
2011-05-03	4946	4970	4998	4962	4989	4985	39	4104	12050
2011-05-04	4985	4992	4992	4953	4972	4971	-14	2052	12506
2011-05-05	4971	4962	4963	4920	4951	4939	-32	3386	12806
2011-05-06	4939	4881	4896	4852	4852	4868	-71	4410	12100
2011-05-09	4868	4844	4876	4841	4864	4854	-14	2702	12766
2011-05-10	4854	4873	4890	4854	4878	4873	19	2410	12884
2011-05-11	4873	4878	4897	4856	4856	4881	8	2746	13274
2011-05-12	4881	4820	4844	4809	4819	4824	-57	4064	14338
2011-05-13	4824	4847	4887	4835	4887	4865	41	4694	15614
2011-05-16	4865	4867	4889	4850	4852	4869	4	2294	15470
2011-05-17	4869	4856	4868	4832	4856	4850	-19	1770	15412
2011-05-18	4850	4866	4881	4842	4846	4860	10	1678	15916
2011-05-19	4860	4869	4884	4853	4862	4864	4	2288	16928
2011-05-20	4864	4855	4870	4850	4862	4861	-3	1270	16770
2011-05-23	4861	4866	4901	4818	4818	4836	-25	3076	17422
2011-05-24	4836	4818	4850	4811	4850	4837	1	2964	17494
2011-05-25	4837	4845	4870	4836	4865	4861	24	1314	17846
2011-05-26	4861	4880	4899	4862	4877	4878	17	1918	18134
2011-05-27	4878	4877	4890	4865	4888	4879	1	2178	18520
2011-05-30	4879	4888	4937	4888	4935	4924	45	6346	21136
2011-05-31	4924	4930	4946	4920	4936	4933	9	4782	22550
2011-06-01	4933	4936	4946	4928	4928	4934	1	2104	23580
2011-06-02	4934	4909	4921	4900	4918	4908	-26	2994	24178
2011-06-03	4908	4931	4932	4913	4928	4925	17	3918	25476
2011-06-07	4925	4920	4920	4908	4919	4913	-12	3200	26706
2011-06-08	4913	4920	4939	4894	4921	4915	2	6018	27760
2011-06-09	4915	4925	4929	4900	4901	4913	-2	2940	28896
2011-06-10	4913	4918	4920	4901	4901	4908	-5	2818	29682
2011-06-13	4908	4881	4891	4850	4859	4867	-41	8286	31660
2011-06-14	4867	4859	4879	4841	4865	4864	-3	2696	32132
2011-06-15	4864	4879	4879	4853	4855	4868	4	5884	34272
2011-06-16	4868	4846	4854	4820	4828	4836	-32	8574	37804
2011-06-17	4836	4828	4828	4771	4780	4797	-39	17816	42208
2011-06-20	4797	4759	4775	4722	4724	4746	-51	12258	45796
2011-06-21	4746	4728	4737	4680	4716	4709	-37	31466	54840
2011-06-22	4709	4702	4721	4683	4697	4699	-10	20242	59300
2011-06-23	4699	4685	4736	4682	4719	4714	15	25570	64462
2011-06-24	4714	4717	4743	4707	4726	4723	9	15314	62518
2011-06-27	4723	4702	4723	4683	4687	4705	-18	16240	65008
2011-06-28	4705	4691	4705	4685	4703	4696	-9	15972	65316
2011-06-29	4696	4713	4722	4700	4719	4710	14	16178	66038
2011-06-30	4710	4727	4741	4720	4735	4731	21	20026	66102
2011-07-01	4731	4732	4735	4710	4719	4721	-10	14360	69136
2011-07-04	4721	4726	4810	4722	4808	4784	63	48216	84216
2011-07-05	4784	4807	4826	4796	4804	4808	24	20960	88912
2011-07-06	4808	4810	4842	4798	4836	4823	15	45546	110992
2011-07-07	4823	4825	4849	4825	4833	4837	14	26216	115700
2011-07-08	4837	4854	4859	4828	4831	4842	5	31806	126028
2011-07-11	4842	4830	4884	4822	4882	4863	21	51820	127910
2011-07-12	4863	4877	4888	4849	4863	4869	6	62858	135508
2011-07-13	4869	4883	4895	4871	4883	4883	14	43716	142300
2011-07-14	4883	4888	4890	4861	4863	4873	-10	34302	141688
2011-07-15	4873	4849	4873	4845	4855	4856	-17	44400	148208
2011-07-18	4856	4861	4902	4860	4879	4886	30	67688	153468
2011-07-19	4886	4888	4910	4866	4909	4888	2	72660	162378
2011-07-20	4888	4915	4941	4915	4922	4928	40	110012	195322
2011-07-21	4928	4920	4923	4898	4901	4910	-18	73852	214194
2011-07-22	4910	4900	4929	4900	4918	4919	9	92954	221590
2011-07-25	4919	4914	4916	4852	4853	4882	-37	167062	238678
2011-07-26	4882	4860	4893	4855	4891	4876	-6	165916	243444
2011-07-27	4876	4892	4921	4891	4915	4911	35	166058	266552
2011-07-28	4911	4902	4945	4881	4927	4912	1	292798	291630
2011-07-29	4912	4944	4944	4915	4919	4925	13	151894	284074
2011-08-01	4925	4933	4968	4929	4950	4954	29	308976	329602
2011-08-02	4954	4949	4956	4940	4945	4947	-7	192216	338820
2011-08-03	4947	4942	4966	4936	4942	4950	3	247144	361182
2011-08-04	4950	4940	4943	4922	4924	4931	-19	204352	377476
2011-08-05	4931	4884	4887	4803	4807	4834	-97	451590	345060
2011-08-08	4834	4773	4805	4758	4782	4783	-51	442792	331082
2011-08-09	4783	4700	4780	4558	4765	4710	-73	714626	330744
2011-08-10	4710	4791	4819	4765	4790	4788	78	315144	338218
2011-08-11	4788	4740	4809	4730	4799	4784	-4	405052	350220
2011-08-12	4784	4815	4829	4802	4809	4815	31	265628	345042
2011-08-15	4815	4823	4855	4822	4854	4841	26	292272	342508
2011-08-16	4841	4865	4870	4821	4833	4846	5	355402	367796
2011-08-17	4846	4831	4865	4831	4863	4848	2	277946	345084
2011-08-18	4848	4871	4874	4826	4830	4845	-3	312972	361206
2011-08-19	4845	4797	4818	4790	4814	4806	-39	289870	366976
2011-08-22	4806	4818	4845	4808	4816	4826	20	257766	345502
2011-08-23	4826	4828	4836	4808	4821	4823	-3	236868	350814
2011-08-24	4823	4830	4843	4821	4822	4831	8	167130	347002
2011-08-25	4831	4821	4827	4788	4816	4812	-19	341162	371032
2011-08-26	4812	4820	4822	4788	4800	4803	-9	272536	374306
2011-08-29	4803	4800	4801	4762	4768	4775	-28	420624	450478
2011-08-30	4775	4774	4818	4772	4810	4801	26	410528	387580
2011-08-31	4801	4813	4838	4812	4831	4827	26	273296	352384
2011-09-01	4827	4834	4842	4821	4829	4831	4	220308	350956
2011-09-02	4831	4825	4833	4812	4832	4820	-11	194100	351100
2011-09-05	4820	4828	4839	4780	4800	4812	-8	316342	353730
2011-09-06	4812	4797	4800	4783	4794	4791	-21	291110	379026
2011-09-07	4791	4802	4836	4802	4825	4818	27	233728	335348
2011-09-08	4818	4838	4838	4801	4803	4820	2	173872	328512
2011-09-09	4820	4799	4812	4788	4791	4797	-23	302432	372096
2011-09-13	4797	4775	4798	4767	4783	4781	-16	251742	373752
2011-09-14	4781	4790	4796	4743	4760	4769	-12	365870	403682
2011-09-15	4769	4764	4769	4738	4744	4752	-17	318196	443436
2011-09-16	4752	4752	4759	4721	4732	4737	-15	326688	462024
2011-09-19	4737	4700	4709	4614	4622	4651	-86	560730	576692
2011-09-20	4651	4622	4624	4585	4611	4603	-48	458478	587802
2011-09-21	4603	4602	4650	4598	4633	4625	22	514054	555024
2011-09-22	4625	4590	4603	4555	4568	4581	-44	479962	576086
2011-09-23	4581	4480	4549	4455	4514	4498	-83	787892	529596
2011-09-26	4498	4500	4522	4366	4398	4449	-49	767490	551898
2011-09-27	4449	4490	4490	4420	4448	4455	6	684634	501436
2011-09-28	4455	4460	4469	4387	4403	4426	-29	567204	510834
2011-09-29	4426	4293	4348	4282	4298	4314	-112	588950	492928
2011-09-30	4314	4315	4352	4290	4339	4316	2	575992	490908
2011-10-10	4316	4370	4373	4308	4317	4337	21	365708	506172
2011-10-11	4337	4340	4390	4316	4322	4352	15	649940	523834
2011-10-12	4352	4305	4354	4255	4350	4313	-39	755110	512508
2011-10-13	4313	4347	4350	4302	4318	4319	6	580694	539522
2011-10-14	4319	4300	4340	4288	4314	4312	-7	644312	546878
2011-10-17	4312	4312	4325	4172	4178	4243	-69	1498592	761038
2011-10-18	4243	4153	4164	4088	4089	4130	-113	1387200	668088
2011-10-19	4130	4120	4123	4015	4047	4074	-56	1508846	687726
2011-10-20	4074	4000	4000	3838	3922	3908	-166	2327782	667820
2011-10-21	3908	3920	3981	3916	3957	3948	40	1442362	639122
2011-10-24	3948	3996	4116	3955	4066	4026	78	1527180	590576
2011-10-25	4026	4090	4129	4015	4021	4058	32	2134430	637882
2011-10-26	4058	3990	4043	3978	4039	4017	-41	1412636	579486
2011-10-27	4017	4050	4069	4026	4040	4047	30	876566	555452
2011-10-28	4047	4099	4146	4048	4123	4102	55	1811052	582662
2011-10-31	4102	4133	4159	4070	4123	4118	16	1214182	564216
2011-11-01	4118	4130	4132	4052	4055	4090	-28	1146696	543542
2011-11-02	4090	4020	4065	3965	4065	4011	-79	896308	443858
2011-11-03	4011	4041	4086	4032	4051	4058	47	502426	406086
2011-11-04	4058	4080	4144	4073	4136	4108	50	343630	334892
2011-11-07	4108	4126	4154	4120	4142	4135	27	182342	313528
2011-11-08	4135	4155	4205	4154	4195	4178	43	242220	279506
2011-11-09	4178	4201	4255	4201	4255	4234	56	233276	241248
2011-11-10	4234	4220	4225	4138	4167	4175	-59	348790	201546
2011-11-11	4175	4185	4282	4184	4260	4242	67	236628	190538
2011-11-14	4242	4280	4306	4260	4278	4284	42	143484	171598
2011-11-15	4284	4265	4274	4225	4240	4244	-40	102380	165198
2011-11-16	4244	4242	4288	4232	4243	4252	8	71950	158298
2011-11-17	4252	4250	4284	4241	4278	4264	12	42592	151452
2011-11-18	4264	4230	4271	4211	4263	4254	-10	41588	142628
2011-11-21	4254	4250	4260	4185	4201	4213	-41	57516	135942
2011-11-22	4213	4172	4220	4172	4218	4202	-11	25832	127736
2011-11-23	4202	4217	4231	4190	4195	4210	8	19688	126536
2011-11-24	4210	4165	4223	4120	4221	4175	-35	45404	119954
2011-11-25	4175	4201	4244	4198	4238	4226	51	38188	110740
2011-11-28	4226	4248	4301	4242	4283	4280	54	30208	97788
2011-11-29	4280	4280	4312	4280	4308	4303	23	22184	90196
2011-11-30	4303	4305	4340	4290	4301	4317	14	36910	72652
2011-12-01	4317	4361	4438	4348	4364	4370	53	19994	62616
2011-12-02	4370	4358	4364	4336	4359	4354	-16	7028	59802
2011-12-05	4354	4359	4369	4350	4351	4356	2	7316	55820
2011-12-06	4356	4345	4357	4330	4350	4341	-15	6408	52082
2011-12-07	4341	4355	4363	4346	4357	4353	12	4170	50012
2011-12-08	4353	4354	4365	4345	4360	4355	2	3114	48408
2011-12-09	4355	4341	4366	4322	4360	4357	2	4890	44968
2011-12-12	4357	4370	4370	4356	4363	4361	4	4310	42128
2011-12-13	4361	4358	4361	4346	4361	4354	-7	4720	39422
2011-12-14	4354	4361	4375	4352	4374	4365	11	6400	35526
2011-12-15	4365	4349	4372	4340	4372	4360	-5	3918	33368
2011-12-16	4360	4372	4412	4370	4410	4393	33	5356	29826
2011-12-19	4393	4410	4412	4390	4405	4405	12	4164	26266
2011-12-20	4405	4405	4413	4403	4413	4409	4	3846	23410
2011-12-21	4409	4419	4422	4413	4419	4418	9	2372	21512
2011-12-22	4418	4417	4435	4416	4434	4425	7	3856	18406
2011-12-23	4425	4438	4445	4424	4445	4439	14	2652	16180
2011-12-26	4439	4445	4453	4443	4445	4446	7	3324	13900
2011-12-27	4446	4446	4465	4444	4465	4449	3	1964	12312
2011-12-28	4449	4460	4500	4460	4498	4491	42	4126	9708
2011-12-29	4491	4480	4480	4366	4383	4430	-61	4692	8072
2011-12-30	4430	4383	4398	4301	4331	4344	-86	1952	7262
2012-01-04	4344	4331	4354	4276	4276	4314	-30	1562	5760
2012-01-05	4314	4222	4245	4156	4230	4206	-108	1560	5100
2012-01-06	4206	4221	4221	4220	4220	4220	14	120	5100
2012-01-09	4220	4250	4300	4250	4300	4279	59	600	4560
2012-01-10	4279	4300	4450	4300	4420	4387	108	1380	3180
2012-01-11	4387	4420	4450	4415	4415	4435	48	540	2640
2012-01-12	4435	4400	4415	4400	4415	4404	-31	360	2280
2012-01-13	4404				4404	4404	0		2280
