2009-03-27	?	3566	3689	3520	3631	3641	?	516	244
2009-03-30	3641	3571	3679	3571	3630	3632	-9	30	244
2009-03-31	3632	3648	3769	3631	3645	3662	30	92	222
2009-04-01	3662	?	?	?	3662	3662	0	?	222
2009-04-02	3662	3645	3658	3602	3635	3626	-36	96	240
2009-04-03	3626	3634	3634	3597	3597	3605	-21	62	252
2009-04-07	3605	3610	3649	3601	3649	3619	14	152	276
2009-04-08	3619	3608	3616	3585	3585	3606	-13	54	296
2009-04-09	3606	3606	3606	3588	3588	3596	-10	24	308
2009-04-10	3596	3615	3620	3599	3620	3614	18	120	372
2009-04-13	3614	3600	3619	3596	3619	3601	-13	132	426
2009-04-14	3601	3562	3686	3562	3686	3662	61	114	450
2009-04-15	3662	3680	3710	3680	3710	3702	40	26	442
2009-04-16	3702	3710	3750	3710	3741	3740	38	12	446
2009-04-17	3740	3731	3888	3731	3859	3822	82	298	550
2009-04-20	3822	3806	3849	3806	3810	3832	10	24	562
2009-04-21	3832	3723	3750	3708	3720	3736	-96	38	572
2009-04-22	3736	3886	3886	3714	3734	3760	24	22	584
2009-04-23	3760	3710	3749	3650	3718	3711	-49	16	588
2009-04-24	3711	3691	3707	3691	3707	3705	-6	24	582
2009-04-27	3705	3652	3652	3621	3652	3650	-55	48	576
2009-04-28	3650	3651	3654	3651	3653	3652	2	12	576
2009-04-29	3652	3631	3656	3631	3647	3645	-7	44	554
2009-04-30	3645	3679	3698	3679	3681	3688	43	34	548
2009-05-04	3688	3642	3786	3642	3777	3752	64	42	562
2009-05-05	3752	3752	3752	3732	3732	3740	-12	20	558
2009-05-06	3740	3716	3758	3716	3749	3743	3	8	558
2009-05-07	3743	3844	3844	3738	3750	3766	23	18	562
2009-05-08	3766	3720	3750	3720	3749	3739	-27	6	562
2009-05-11	3739	3749	3778	3611	3740	3731	-8	60	568
2009-05-12	3731	3732	3734	3731	3734	3732	1	48	570
2009-05-13	3732	3730	3756	3730	3748	3745	13	76	570
2009-05-14	3745	3705	3740	3705	3740	3728	-17	20	570
2009-05-15	3728	3732	3735	3730	3734	3731	3	18	582
2009-05-18	3731	3711	3740	3709	3738	3728	-3	44	572
2009-05-19	3728	3775	3776	3756	3756	3771	43	18	568
2009-05-20	3771	3735	3770	3623	3744	3728	-43	66	572
2009-05-21	3728	3738	3738	3724	3724	3730	2	66	636
2009-05-22	3730	3713	3733	3713	3725	3720	-10	76	672
2009-05-25	3720	3729	3729	3729	3729	3729	9	4	672
2009-05-26	3729	?	?	?	3729	3729	0	?	672
2009-05-27	3729	3730	3731	3730	3731	3730	1	4	668
2009-06-01	3730	3750	3760	3737	3760	3751	21	44	664
2009-06-02	3751	3765	3790	3746	3779	3770	19	60	664
2009-06-03	3770	3759	3780	3758	3780	3765	-5	6	664
2009-06-04	3765	3730	3819	3730	3791	3788	23	114	668
2009-06-05	3788	3813	3863	3810	3840	3844	56	144	664
2009-06-08	3844	3851	3875	3851	3870	3863	19	30	678
2009-06-09	3863	3888	3888	3828	3880	3862	-1	186	690
2009-06-10	3862	3899	3920	3885	3920	3913	51	210	622
2009-06-11	3913	3948	4100	3900	3985	3988	75	174	660
2009-06-12	3988	4087	4087	3971	3990	4011	23	272	652
2009-06-15	4011	3970	4006	3916	3968	3955	-56	94	678
2009-06-16	3955	3902	3995	3902	3988	3985	30	272	662
2009-06-17	3985	3978	3992	3953	3953	3974	-11	60	650
2009-06-18	3974	?	?	?	3966	3966	-8	?	650
2009-06-19	3966	3978	4018	3945	3999	3993	27	76	692
2009-06-22	3993	3999	4175	3900	3985	4014	21	234	752
2009-06-23	4014	3985	3990	3938	3982	3976	-38	96	736
2009-06-24	3976	3952	3977	3926	3926	3959	-17	98	772
2009-06-25	3959	3973	3973	3938	3948	3953	-6	18	768
2009-06-26	3953	3922	3950	3922	3942	3936	-17	122	786
2009-06-29	3936	3921	3942	3843	3930	3916	-20	122	804
2009-06-30	3916	3930	3933	3881	3895	3910	-6	126	814
2009-07-01	3910	3933	3933	3900	3906	3911	1	86	814
2009-07-02	3911	3920	3951	3916	3930	3939	28	460	1096
2009-07-03	3939	3901	3949	3901	3904	3926	-13	76	1082
2009-07-06	3926	3900	3929	3883	3911	3911	-15	64	1090
2009-07-07	3911	3896	3925	3891	3909	3899	-12	684	1348
2009-07-08	3899	3897	3900	3883	3893	3895	-4	342	1314
2009-07-09	3895	3890	3893	3875	3886	3884	-11	384	1466
2009-07-10	3884	3885	3911	3885	3907	3904	20	368	1446
2009-07-13	3904	3918	3940	3905	3908	3927	23	232	1346
2009-07-14	3927	3929	3949	3929	3938	3937	10	162	1402
2009-07-15	3937	3956	4008	3948	4005	3975	38	258	1470
2009-07-16	3975	4048	4070	4019	4029	4041	66	372	1546
2009-07-17	4041	4033	4035	4009	4027	4024	-17	166	1538
2009-07-20	4024	4033	4057	4024	4046	4041	17	184	1592
2009-07-21	4041	4056	4085	4052	4064	4063	22	806	1772
2009-07-22	4063	4080	4145	4064	4102	4089	26	382	1776
2009-07-23	4089	4112	4135	4102	4130	4120	31	646	1860
2009-07-24	4120	4132	4268	4132	4176	4180	60	448	2004
2009-07-27	4180	4208	4250	4180	4247	4230	50	938	2138
2009-07-28	4230	4238	4330	4220	4330	4277	47	1142	2220
2009-07-29	4277	4330	4418	4302	4414	4364	87	2024	2272
2009-07-30	4364	4398	4420	4345	4416	4382	18	786	2348
2009-07-31	4382	4450	4601	4442	4601	4527	145	1326	2702
2009-08-03	4527	4800	4843	4733	4843	4812	285	3320	3552
2009-08-04	4812	4997	4997	4812	4832	4868	56	2254	3736
2009-08-05	4868	4871	4928	4806	4863	4863	-5	3018	4118
2009-08-06	4863	4860	4881	4803	4841	4852	-11	2292	3802
2009-08-07	4852	4801	4830	4628	4638	4714	-138	2976	3188
2009-08-10	4714	4712	4712	4561	4635	4629	-85	3378	3406
2009-08-11	4629	4600	4685	4600	4673	4661	32	1440	3310
2009-08-12	4661	4679	4679	4582	4599	4619	-42	1764	3112
2009-08-13	4619	4700	4700	4620	4645	4656	37	1780	3388
2009-08-14	4656	4644	4645	4493	4532	4541	-115	2758	3876
2009-08-17	4541	4467	4540	4375	4450	4457	-84	4178	3622
2009-08-18	4457	4455	4489	4400	4414	4439	-18	4412	5116
2009-08-19	4439	4425	4425	4217	4217	4297	-142	6672	6006
2009-08-20	4297	4257	4290	4135	4269	4210	-87	11494	8606
2009-08-21	4210	4297	4400	4237	4313	4319	109	8862	8754
2009-08-24	4319	4360	4427	4310	4328	4357	38	7700	10378
2009-08-25	4357	4310	4310	4200	4255	4240	-117	7270	11426
2009-08-26	4240	4224	4309	4222	4283	4264	24	5450	11778
2009-08-27	4264	4278	4316	4237	4291	4283	19	8088	10908
2009-08-28	4283	4314	4360	4280	4297	4324	41	8316	11938
2009-08-31	4324	4302	4302	4127	4141	4194	-130	12430	13910
2009-09-01	4194	4136	4145	4070	4095	4108	-86	17900	16922
2009-09-02	4108	4011	4095	4011	4051	4063	-45	17316	20294
2009-09-03	4063	4052	4090	4020	4059	4058	-5	18074	23420
2009-09-04	4058	4061	4074	4031	4051	4058	0	14322	26354
2009-09-07	4058	4048	4048	3931	3945	3994	-64	26552	34102
2009-09-08	3994	3939	3966	3902	3961	3939	-55	43174	45472
2009-09-09	3939	3985	4068	3978	4055	4024	85	42976	49448
2009-09-10	4024	4065	4099	4037	4041	4072	48	45680	57532
2009-09-11	4072	4029	4052	4000	4018	4031	-41	38444	62942
2009-09-14	4031	3983	4014	3941	4009	3977	-54	30700	64890
2009-09-15	3977	4028	4048	4005	4025	4029	52	56228	72494
2009-09-16	4029	4055	4085	4033	4085	4063	34	79968	81358
2009-09-17	4063	4100	4116	4036	4038	4083	20	123620	95288
2009-09-18	4083	4020	4045	3988	4022	4018	-65	131976	103622
2009-09-21	4018	4021	4086	4003	4079	4065	47	236446	141636
2009-09-22	4065	4079	4088	4025	4027	4055	-10	209596	149998
2009-09-23	4055	4025	4038	3950	3951	3985	-70	314468	169838
2009-09-24	3985	3939	3939	3863	3908	3893	-92	520382	217136
2009-09-25	3893	3885	3904	3842	3848	3878	-15	671056	261680
2009-09-28	3878	3830	3838	3684	3685	3745	-133	980856	311890
2009-09-29	3745	3690	3757	3666	3749	3723	-22	1295222	342684
2009-09-30	3723	3749	3772	3709	3735	3729	6	1001550	322192
2009-10-09	3729	3760	3795	3673	3674	3710	-19	1369966	477142
2009-10-12	3710	3634	3700	3610	3695	3664	-46	2780278	846648
2009-10-13	3664	3690	3707	3657	3665	3679	15	3021334	957126
2009-10-14	3679	3655	3693	3652	3678	3678	-1	1978512	933878
2009-10-15	3678	3679	3758	3678	3756	3728	50	3455848	1030266
2009-10-16	3728	3761	3829	3760	3829	3783	55	3382296	1021444
2009-10-19	3783	3830	3961	3830	3865	3886	103	4873370	928462
2009-10-20	3886	3880	3899	3810	3842	3847	-39	4400712	956600
2009-10-21	3847	3838	3894	3826	3887	3857	10	4327680	1074998
2009-10-22	3857	3920	3940	3854	3855	3894	37	3798008	941386
2009-10-23	3894	3860	3912	3855	3891	3884	-10	3262858	962532
2009-10-26	3884	3898	4005	3898	4001	3959	75	3803970	986416
2009-10-27	3959	3988	4014	3952	3971	3978	19	4219748	933452
2009-10-28	3978	3968	3968	3858	3865	3913	-65	3985220	974492
2009-10-29	3913	3820	3854	3787	3835	3821	-92	3560734	947758
2009-10-30	3821	3879	3895	3845	3875	3866	45	3493144	889906
2009-11-02	3866	3843	3916	3828	3910	3872	6	3874360	978936
2009-11-03	3872	3910	3940	3876	3881	3912	40	3823694	912700
2009-11-04	3912	3886	3903	3866	3889	3886	-26	2265846	839078
2009-11-05	3886	3880	3895	3878	3885	3886	0	1028068	672212
2009-11-06	3886	3890	3896	3876	3890	3887	1	500226	500580
2009-11-09	3887	3890	3945	3888	3927	3909	22	432474	396412
2009-11-10	3909	3937	3961	3920	3921	3933	24	283938	314806
2009-11-11	3933	3930	3935	3898	3904	3917	-16	119048	288358
2009-11-12	3917	3910	3919	3876	3890	3893	-24	85840	262810
2009-11-13	3893	3880	3900	3853	3898	3873	-20	79646	241398
2009-11-16	3873	3898	3908	3883	3889	3898	25	52272	227458
2009-11-17	3898	3905	3910	3880	3883	3890	-8	44150	208328
2009-11-18	3890	3888	3888	3873	3880	3879	-11	27914	192980
2009-11-19	3879	3876	3945	3874	3934	3923	44	71118	179336
2009-11-20	3923	3940	3966	3907	3919	3933	10	34654	175408
2009-11-23	3933	3924	3967	3924	3962	3952	19	44834	170790
2009-11-24	3952	3960	3969	3892	3915	3944	-8	43316	159620
2009-11-25	3944	3920	3925	3901	3912	3912	-32	19088	156336
2009-11-26	3912	3930	3935	3871	3885	3895	-17	29624	143052
2009-11-27	3895	3874	3874	3763	3776	3810	-85	65820	101216
2009-11-30	3810	3800	3849	3790	3800	3809	-1	18656	92352
2009-12-01	3809	3812	3816	3760	3768	3769	-40	15660	86326
2009-12-02	3769	3780	3790	3758	3766	3767	-2	11504	82498
2009-12-03	3767	3769	3780	3761	3774	3771	4	10920	80508
2009-12-04	3771	3768	3787	3761	3784	3775	4	12744	75688
2009-12-07	3775	3771	3789	3767	3775	3779	4	7724	72696
2009-12-08	3779	3780	3780	3712	3726	3730	-49	15476	62580
2009-12-09	3730	3724	3724	3706	3718	3713	-17	7286	57312
2009-12-10	3713	3725	3746	3715	3742	3730	17	8746	53290
2009-12-11	3730	3755	3774	3754	3765	3760	30	5262	50666
2009-12-14	3760	3770	3783	3745	3783	3764	4	10132	46426
2009-12-15	3764	3783	3783	3765	3770	3770	6	3676	44672
2009-12-16	3770	3769	3777	3761	3769	3771	1	7172	39082
2009-12-17	3771	3774	3791	3771	3780	3781	10	4488	35380
2009-12-18	3781	3769	3778	3763	3776	3771	-10	5532	31184
2009-12-21	3771	3771	3798	3771	3798	3782	11	2488	29740
2009-12-22	3782	3798	3841	3797	3837	3817	35	2658	28328
2009-12-23	3817	3916	3916	3811	3851	3863	46	5114	27526
2009-12-24	3863	3841	3875	3835	3871	3859	-4	2484	26138
2009-12-25	3859	3875	3891	3860	3883	3882	23	2040	25446
2009-12-28	3882	3861	3916	3861	3916	3902	20	1728	24694
2009-12-29	3902	3910	3920	3893	3899	3908	6	1340	24594
2009-12-30	3908	3896	3898	3882	3886	3889	-19	5108	23774
2009-12-31	3889	3881	3940	3881	3901	3896	7	2458	22262
2010-01-04	3896	3899	3965	3899	3965	3942	46	3062	19500
2010-01-05	3942	3775	3975	3775	3975	3958	16	1620	18300
2010-01-06	3958	3990	4020	3990	4006	4003	45	3840	15840
2010-01-07	4003	4040	4055	3901	3975	4013	10	3000	13320
2010-01-08	4013	3961	4037	3951	3975	3968	-45	2700	11580
2010-01-11	3968	3961	4020	3961	4020	4006	38	300	11400
2010-01-12	4006	3981	4019	3981	4019	3998	-8	600	11220
2010-01-13	3998	4000	4000	3980	3987	3995	-3	3240	9660
2010-01-14	3995	3990	4000	3981	3981	3993	-2	1200	9060
2010-01-15	3993	3985	3985	3955	3975	3969	-24	1140	8400
