2008-03-17	4558	-	-	-	4558	4558	0	0	0
2008-03-18	4558	4447	4447	4194	4194	4204	-354	146	132
2008-03-19	4204	4288	4369	4037	4242	4254	50	506	146
2008-03-20	4254	4110	4180	4084	4100	4110	-144	342	112
2008-03-21	4110	4061	4146	4061	4091	4110	0	108	98
2008-03-24	4110	4100	4168	4100	4158	4118	8	160	140
2008-03-25	4118	4246	4317	4223	4285	4270	152	202	190
2008-03-26	4270	4360	4360	4290	4292	4311	41	110	216
2008-03-27	4311	4298	4305	4250	4250	4291	-20	158	186
2008-03-28	4291	4180	4303	4180	4260	4269	-22	152	126
2008-03-31	4269	4205	4234	4163	4170	4204	-65	106	130
2008-04-01	4204	3994	3994	3994	3994	3994	-210	8	128
2008-04-02	3994	4048	4048	3945	3946	3985	-9	194	100
2008-04-03	3985	3977	4077	3924	3965	3966	-19	44	96
2008-04-07	3966	3970	4064	3950	4064	4006	40	44	98
2008-04-08	4006	3980	4028	3970	3989	3996	-10	50	108
2008-04-09	3996	3999	4040	3976	3986	3998	2	74	116
2008-04-10	3998	4090	4090	4030	4044	4054	56	122	134
2008-04-11	4054	4002	4019	3984	3996	4004	-50	46	138
2008-04-14	4004	3990	4182	3962	4182	4050	46	108	150
2008-04-15	4050	4178	4251	4168	4235	4199	149	288	230
2008-04-16	4199	4235	4235	4202	4226	4217	18	80	216
2008-04-17	4217	4210	4235	4189	4211	4210	-7	72	214
2008-04-18	4210	4245	4285	4245	4260	4261	51	96	228
2008-04-21	4261	4230	4247	4100	4150	4135	-126	208	340
2008-04-22	4135	4115	4195	4100	4165	4164	29	104	352
2008-04-23	4164	4260	4359	4160	4260	4242	78	204	352
2008-04-24	4242	4200	4230	4200	4218	4224	-18	32	362
2008-04-25	4224	4218	4218	4161	4168	4178	-46	30	344
2008-04-28	4178	4102	4194	4101	4178	4175	-3	100	358
2008-04-29	4175	4138	4138	4063	4096	4118	-57	280	262
2008-04-30	4118	4081	4122	4081	4113	4098	-20	110	264
2008-05-05	4098	4116	4184	4116	4160	4153	55	152	244
2008-05-06	4153	4177	4220	4170	4210	4190	37	80	258
2008-05-07	4190	4180	4220	4173	4173	4187	-3	36	282
2008-05-08	4187	4239	4246	4201	4246	4225	38	62	310
2008-05-09	4225	4221	4248	4218	4248	4231	6	128	410
2008-05-12	4231	4333	4442	4333	4442	4424	193	220	408
2008-05-13	4424	4450	4520	4450	4463	4469	45	158	404
2008-05-14	4469	4518	4549	4505	4539	4531	62	130	418
2008-05-15	4531	4498	4524	4456	4495	4489	-42	130	414
2008-05-16	4489	4380	4535	4380	4535	4508	19	90	430
2008-05-19	4508	4515	4540	4500	4500	4507	-1	120	456
2008-05-20	4507	4476	4489	4450	4489	4465	-42	102	462
2008-05-21	4465	4489	4520	4450	4456	4476	11	64	456
2008-05-22	4476	4510	4543	4510	4535	4527	51	154	514
2008-05-23	4527	4494	4515	4479	4515	4499	-28	120	482
2008-05-26	4499	4550	4615	4550	4592	4592	93	122	486
2008-05-27	4592	4585	4630	4585	4622	4615	23	124	494
2008-05-28	4615	4588	4596	4574	4585	4587	-28	50	490
2008-05-29	4587	4520	4592	4500	4592	4563	-24	118	488
2008-05-30	4563	4529	4529	4455	4476	4488	-75	120	448
2008-06-02	4488	4520	4538	4502	4502	4524	36	38	458
2008-06-03	4524	4510	4552	4503	4552	4523	-1	60	468
2008-06-04	4523	4520	4577	4520	4539	4555	32	104	492
2008-06-05	4555	4612	4655	4601	4644	4632	77	460	714
2008-06-06	4632	4801	4863	4738	4835	4832	200	1024	1338
2008-06-10	4832	4855	4929	4855	4925	4898	66	172	1368
2008-06-11	4898	4925	4946	4900	4939	4922	24	166	1366
2008-06-12	4922	5140	5140	4992	5004	5031	109	556	1380
2008-06-13	5031	4982	5016	4955	4975	4987	-44	178	1364
2008-06-16	4987	5063	5088	5033	5070	5064	77	386	1604
2008-06-17	5064	5018	5087	4973	4984	4996	-68	376	1620
2008-06-18	4996	5039	5068	5020	5020	5044	48	478	1850
2008-06-19	5044	5027	5027	4950	4950	4966	-78	772	2452
2008-06-20	4966	4900	4925	4881	4894	4906	-60	604	2298
2008-06-23	4906	4858	4892	4850	4890	4875	-31	282	2334
2008-06-24	4875	4888	4935	4888	4920	4918	43	304	2344
2008-06-25	4918	4865	5008	4865	4999	4931	13	298	2204
2008-06-26	4931	5049	5070	5031	5048	5049	118	414	1978
2008-06-27	5049	5100	5129	5099	5115	5109	60	276	1924
2008-06-30	5109	5098	5129	5096	5096	5105	-4	112	1896
2008-07-01	5105	5110	5110	5090	5097	5101	-4	274	2000
2008-07-02	5101	5160	5186	5148	5185	5174	73	208	2028
2008-07-03	5174	5192	5192	4975	5021	5111	-63	182	1968
2008-07-04	5111	5079	5100	5062	5100	5091	-20	196	1932
2008-07-07	5091	5080	5080	4992	5000	5012	-79	266	2106
2008-07-08	5012	4875	4895	4820	4852	4871	-141	676	2554
2008-07-09	4871	4970	4970	4876	4916	4911	40	178	2604
2008-07-10	4911	4946	4946	4851	4851	4895	-16	246	2722
2008-07-11	4895	4910	4960	4900	4942	4919	24	342	2826
2008-07-14	4919	4850	4880	4850	4862	4858	-61	442	2874
2008-07-15	4858	4851	4886	4851	4879	4868	10	104	2886
2008-07-16	4868	4810	4870	4810	4823	4834	-34	114	2892
2008-07-17	4834	4878	4896	4870	4885	4887	53	68	2910
2008-07-18	4887	4800	4803	4766	4790	4786	-101	100	2894
2008-07-21	4786	4659	4680	4585	4593	4626	-160	252	2816
2008-07-22	4626	4401	4640	4401	4625	4588	-38	110	2776
2008-07-23	4588	4580	4580	4460	4516	4522	-66	276	2830
2008-07-24	4522	4500	4568	4495	4534	4525	3	836	3254
2008-07-25	4525	4552	4552	4516	4535	4527	2	28	3262
2008-07-28	4527	4620	4635	4590	4600	4610	83	94	3286
2008-07-29	4610	4576	4576	4418	4434	4501	-109	248	3264
2008-07-30	4501	4461	4500	4416	4467	4474	-27	164	3302
2008-07-31	4474	4484	4496	4480	4494	4492	18	34	3292
2008-08-01	4492	4488	4488	4355	4385	4381	-111	122	3268
2008-08-04	4381	4255	4256	4170	4208	4224	-157	1288	3508
2008-08-05	4224	4055	4059	4013	4013	4028	-196	652	3440
2008-08-06	4028	4050	4148	4050	4126	4111	83	880	3438
2008-08-07	4111	4079	4148	4079	4139	4111	0	310	3448
2008-08-08	4111	4129	4129	4089	4090	4103	-8	446	3530
2008-08-11	4103	3981	4002	3898	3898	3922	-181	1616	3618
2008-08-12	3922	3915	3976	3865	3938	3927	5	404	3588
2008-08-13	3927	3971	4120	3971	4095	4009	82	656	3568
2008-08-14	4009	4206	4206	4141	4160	4168	159	382	3550
2008-08-15	4168	4069	4079	3976	3996	4035	-133	2266	3718
2008-08-18	4035	4100	4169	4095	4138	4127	92	668	3544
2008-08-19	4127	4083	4154	4083	4141	4120	-7	314	3682
2008-08-20	4120	4214	4300	4187	4270	4233	113	618	3764
2008-08-21	4233	4234	4320	4210	4257	4280	47	446	3708
2008-08-22	4280	4310	4332	4265	4265	4303	23	370	3862
2008-08-25	4303	4321	4368	4311	4357	4343	40	322	3884
2008-08-26	4343	4300	4316	4180	4210	4249	-94	390	3812
2008-08-27	4249	4300	4330	4285	4304	4314	65	560	3986
2008-08-28	4314	4260	4294	4240	4288	4270	-44	852	4212
2008-08-29	4270	4240	4290	4240	4290	4274	4	274	4182
2008-09-01	4274	4319	4354	4317	4330	4335	61	442	4180
2008-09-02	4335	4220	4248	4212	4214	4220	-115	494	4142
2008-09-03	4220	4202	4252	4202	4220	4233	13	166	4170
2008-09-04	4233	4150	4227	4150	4216	4203	-30	600	4306
2008-09-05	4203	4154	4177	4121	4176	4160	-43	468	4408
2008-09-08	4160	4166	4210	4166	4184	4191	31	370	4324
2008-09-09	4191	4157	4163	4046	4065	4091	-100	542	4324
2008-09-10	4091	4048	4124	4046	4122	4102	11	422	4136
2008-09-11	4102	4095	4100	4040	4068	4081	-21	422	4042
2008-09-12	4081	4114	4170	4106	4170	4141	60	728	4026
2008-09-16	4141	4101	4101	3951	3989	3999	-142	1132	4194
2008-09-17	3999	3988	4015	3925	3990	3974	-25	1026	4244
2008-09-18	3974	4040	4040	3930	3951	3968	-6	1258	4208
2008-09-19	3968	3955	3978	3920	3965	3949	-19	688	4404
2008-09-22	3949	4033	4145	4033	4141	4076	127	1636	3986
2008-09-23	4076	4188	4188	4130	4130	4149	73	506	4032
2008-09-24	4149	4128	4161	4095	4152	4116	-33	588	3990
2008-09-25	4116	4100	4130	4100	4120	4113	-3	410	3880
2008-09-26	4113	4105	4152	4104	4128	4131	18	480	3922
2008-10-06	4131	3925	3925	3925	3925	3925	-206	18	3904
2008-10-07	3925	3729	3729	3729	3729	3729	-196	226	3718
2008-10-08	3729	3552	3609	3543	3543	3553	-176	5288	2730
2008-10-09	3553	3588	3589	3481	3548	3547	-6	2348	2640
2008-10-10	3547	3417	3417	3370	3370	3372	-175	486	2582
2008-10-13	3372	3355	3365	3207	3355	3302	-70	2174	2998
2008-10-14	3302	3430	3467	3371	3376	3411	109	572	3054
2008-10-15	3411	3300	3300	3241	3256	3250	-161	8356	9378
2008-10-16	3250	3088	3113	3088	3088	3095	-155	13430	18412
2008-10-17	3095	3160	3249	3150	3249	3223	128	17010	29834
2008-10-20	3223	3384	3384	3340	3384	3381	158	30454	52952
2008-10-21	3381	3398	3475	3255	3271	3325	-56	65658	84466
2008-10-22	3325	3230	3282	3159	3162	3218	-107	18638	86470
2008-10-23	3218	3088	3130	3058	3109	3080	-138	13264	87406
2008-10-24	3080	3182	3210	3080	3086	3149	69	27526	88776
2008-10-27	3149	3080	3164	3020	3068	3106	-43	25304	88810
2008-10-28	3106	3210	3256	3147	3253	3206	100	30620	83276
2008-10-29	3206	3210	3259	3181	3232	3220	14	11468	82840
2008-10-30	3220	3301	3310	3261	3285	3283	63	29508	82506
2008-10-31	3283	3240	3278	3195	3270	3247	-36	12156	83994
2008-11-03	3247	3223	3331	3223	3319	3309	62	12702	83700
2008-11-04	3309	3312	3323	3250	3270	3280	-29	9068	83674
2008-11-05	3280	3380	3380	3291	3305	3316	36	12552	84256
2008-11-06	3316	3201	3237	3195	3212	3218	-98	9934	85008
2008-11-07	3218	3218	3248	3186	3240	3225	7	6360	84566
2008-11-10	3225	3306	3306	3276	3294	3290	65	12796	84464
2008-11-11	3290	3271	3271	3221	3230	3250	-40	6264	85716
2008-11-12	3250	3201	3246	3164	3210	3201	-49	15362	84772
2008-11-13	3201	3158	3160	3093	3133	3122	-79	29878	86748
2008-11-14	3122	3143	3187	3143	3165	3165	43	17490	87496
2008-11-17	3165	3171	3180	3128	3131	3147	-18	36514	106648
2008-11-18	3147	3130	3144	3111	3130	3126	-21	36554	117650
2008-11-19	3126	3131	3217	3120	3210	3158	32	40698	122352
2008-11-20	3158	3160	3194	3144	3181	3165	7	39004	122140
2008-11-21	3165	3101	3153	3059	3138	3102	-63	42330	121584
2008-11-24	3102	3125	3156	3125	3139	3138	36	14266	124224
2008-11-25	3138	3197	3198	3122	3128	3149	11	29684	122620
2008-11-26	3149	3135	3140	3054	3072	3086	-63	68384	124912
2008-11-27	3086	3086	3093	3076	3078	3084	-2	35708	123062
2008-11-28	3084	3090	3090	3038	3048	3058	-26	26962	124446
2008-12-01	3058	3028	3055	3000	3033	3023	-35	38386	124458
2008-12-02	3023	2978	2980	2920	2928	2952	-71	60990	135444
2008-12-03	2952	2913	2934	2861	2868	2887	-65	110164	147272
2008-12-04	2887	2870	2878	2794	2808	2840	-47	161080	152720
2008-12-05	2840	2783	2793	2698	2698	2713	-127	72502	160574
2008-12-08	2713	2700	2816	2692	2790	2762	49	211362	149074
2008-12-09	2762	2795	2800	2677	2709	2721	-41	208742	165082
2008-12-10	2721	2745	2792	2715	2786	2764	43	184328	161166
2008-12-11	2764	2771	2815	2766	2789	2787	23	116414	156710
2008-12-12	2787	2820	2856	2770	2792	2819	32	139628	149904
2008-12-15	2819	2847	2917	2845	2905	2890	71	157270	133304
2008-12-16	2890	2851	2884	2835	2872	2864	-26	94802	133406
2008-12-17	2864	2917	2920	2881	2890	2896	32	91350	127876
2008-12-18	2896	2845	2920	2840	2879	2880	-16	61754	124764
2008-12-19	2880	2865	2924	2865	2900	2904	24	100136	113804
2008-12-22	2904	2920	3049	2920	3014	3004	100	210674	115814
2008-12-23	3004	2983	3013	2966	2967	2988	-16	99070	116496
2008-12-24	2988	3020	3046	3015	3031	3027	39	119942	118402
2008-12-25	3027	3040	3084	3030	3076	3056	29	137270	116664
2008-12-26	3056	3075	3107	3043	3094	3078	22	123836	122326
2008-12-29	3078	3210	3231	3171	3231	3197	119	153560	119424
2008-12-30	3197	3180	3257	3173	3234	3230	33	233892	122154
2008-12-31	3230	3231	3259	3180	3245	3224	-6	220862	124726
2009-01-05	3224	3273	3294	3240	3270	3264	40	303330	156394
2009-01-06	3264	3258	3389	3201	3331	3315	51	616028	199526
2009-01-07	3315	3374	3404	3300	3307	3347	32	609164	206000
2009-01-08	3347	3250	3336	3223	3318	3286	-61	541740	178952
2009-01-09	3286	3358	3440	3344	3372	3384	98	615032	135472
2009-01-12	3384	3420	3549	3410	3489	3499	115	651750	201878
2009-01-13	3499	3325	3416	3325	3382	3376	-123	699108	193476
2009-01-14	3376	3437	3457	3411	3443	3434	58	459676	206316
2009-01-15	3434	3405	3413	3378	3387	3395	-39	370288	210946
2009-01-16	3395	3470	3470	3435	3435	3449	54	299742	200270
2009-01-19	3449	3455	3477	3442	3464	3460	11	287470	214334
2009-01-20	3460	3470	3483	3388	3424	3427	-33	401406	230126
2009-01-21	3427	3410	3418	3379	3389	3395	-32	261516	214630
2009-01-22	3395	3435	3440	3358	3391	3391	-4	260014	188172
2009-01-23	3391	3358	3412	3354	3407	3387	-4	187180	160692
2009-02-02	3387	3355	3391	3352	3377	3376	-11	179774	170064
2009-02-03	3376	3353	3463	3351	3445	3425	49	381558	203842
2009-02-04	3425	3437	3495	3436	3464	3465	40	342630	209016
2009-02-05	3465	3460	3519	3446	3487	3482	17	397018	223238
2009-02-06	3482	3510	3558	3508	3531	3532	50	480028	230288
2009-02-09	3532	3531	3610	3530	3572	3580	48	547152	232354
2009-02-10	3580	3570	3593	3563	3571	3580	0	286242	231072
2009-02-11	3580	3531	3576	3456	3520	3541	-39	368556	239098
2009-02-12	3541	3542	3565	3520	3559	3546	5	284378	236294
2009-02-13	3546	3554	3573	3543	3552	3555	9	171114	228616
2009-02-16	3555	3550	3551	3478	3480	3510	-45	326324	257538
2009-02-17	3510	3495	3499	3447	3470	3474	-36	380168	267542
2009-02-18	3474	3381	3390	3303	3325	3343	-131	490290	285950
2009-02-19	3343	3340	3357	3306	3338	3329	-14	362068	280812
2009-02-20	3329	3329	3427	3328	3411	3386	57	444406	254078
2009-02-23	3386	3396	3497	3379	3496	3442	56	406296	248148
2009-02-24	3442	3469	3493	3423	3473	3461	19	497756	250418
2009-02-25	3461	3501	3540	3475	3480	3508	47	330802	235846
2009-02-26	3508	3500	3502	3456	3461	3472	-36	271386	229276
2009-02-27	3472	3452	3452	3340	3389	3392	-80	607810	252078
2009-03-02	3392	3400	3433	3363	3391	3397	5	393000	250194
2009-03-03	3397	3326	3400	3326	3386	3372	-25	317318	255400
2009-03-04	3372	3388	3442	3380	3438	3412	40	297912	243912
2009-03-05	3412	3460	3471	3420	3424	3443	31	251362	240952
2009-03-06	3443	3420	3460	3400	3447	3433	-10	223894	237938
2009-03-09	3433	3476	3496	3451	3455	3470	37	245212	241406
2009-03-10	3470	3456	3477	3442	3463	3463	-7	201228	235290
2009-03-11	3463	3468	3475	3413	3422	3430	-33	355382	256744
2009-03-12	3430	3416	3463	3409	3448	3445	15	288036	242710
2009-03-13	3445	3475	3478	3448	3460	3461	16	215418	223788
2009-03-16	3461	3455	3520	3449	3513	3492	31	255278	226982
2009-03-17	3492	3542	3545	3510	3512	3525	33	222068	218484
2009-03-18	3525	3520	3536	3491	3497	3508	-17	238490	218270
2009-03-19	3508	3538	3538	3510	3518	3522	14	206650	221642
2009-03-20	3522	3508	3550	3508	3541	3534	12	316162	225118
2009-03-23	3534	3578	3679	3569	3669	3634	100	636740	242690
2009-03-24	3634	3621	3638	3586	3608	3613	-21	311222	223072
2009-03-25	3613	3616	3626	3546	3564	3592	-21	231002	211862
2009-03-26	3592	3582	3595	3558	3582	3574	-18	168506	209492
2009-03-27	3574	3570	3614	3525	3528	3572	-2	290310	210008
2009-03-30	3572	3510	3540	3501	3513	3518	-54	171354	210022
2009-03-31	3518	3513	3545	3513	3522	3530	12	146412	211834
2009-04-01	3530	3551	3605	3551	3564	3579	49	240218	209364
2009-04-02	3579	3580	3596	3572	3587	3583	4	135400	209902
2009-04-03	3583	3611	3619	3555	3572	3585	2	168812	214798
2009-04-07	3585	3579	3630	3579	3618	3608	23	260118	216606
2009-04-08	3608	3599	3608	3565	3582	3585	-23	182238	207568
2009-04-09	3585	3615	3623	3592	3609	3608	23	142742	198634
2009-04-10	3608	3598	3646	3597	3612	3624	16	283076	146814
2009-04-13	3624	3610	3622	3584	3590	3601	-23	141652	140698
2009-04-14	3601	3600	3635	3592	3614	3617	16	99286	142278
2009-04-15	3617	3628	3632	3604	3619	3622	5	63348	131572
2009-04-16	3622	3622	3638	3608	3613	3622	0	50628	128586
2009-04-17	3622	3629	3635	3604	3610	3617	-5	41540	123100
2009-04-20	3617	3605	3610	3506	3513	3557	-60	80676	126464
2009-04-21	3557	3527	3537	3475	3533	3514	-43	152690	138542
2009-04-22	3514	3546	3574	3533	3544	3555	41	38936	132418
2009-04-23	3555	3544	3568	3517	3563	3548	-7	32674	127502
2009-04-24	3548	3542	3562	3520	3525	3538	-10	24000	125230
2009-04-27	3538	3484	3491	3362	3362	3393	-145	123302	114482
2009-04-28	3393	3405	3424	3391	3409	3405	12	53912	108342
2009-04-29	3405	3402	3442	3402	3439	3427	22	23542	100440
2009-04-30	3427	3494	3515	3492	3514	3499	72	22714	96918
2009-05-04	3499	3669	3669	3618	3648	3639	140	57938	94036
2009-05-05	3639	3630	3650	3601	3650	3620	-19	21892	94418
2009-05-06	3620	3660	3666	3640	3665	3653	33	16854	93976
2009-05-07	3653	3661	3698	3648	3666	3675	22	30306	96626
2009-05-08	3675	3660	3673	3652	3671	3662	-13	9430	95260
2009-05-11	3662	3656	3656	3607	3628	3631	-31	16042	94960
2009-05-12	3631	3645	3658	3639	3650	3650	19	6180	94452
2009-05-13	3650	3684	3686	3662	3670	3672	22	7868	95300
2009-05-14	3672	3658	3663	3640	3657	3650	-22	8570	97178
2009-05-15	3650	3673	3685	3660	3672	3673	23	9722	96420
2009-05-18	3673	3655	3655	3628	3641	3639	-34	6968	95708
2009-05-19	3639	3653	3671	3651	3668	3661	22	7106	95646
2009-05-20	3661	3660	3748	3660	3720	3712	51	27902	88904
2009-05-21	3712	3715	3729	3708	3712	3719	7	11178	86046
2009-05-22	3719	3720	3756	3720	3731	3738	19	14546	82958
2009-05-25	3738	3732	3754	3726	3753	3745	7	9804	79182
2009-05-26	3745	3761	3771	3754	3762	3762	17	6920	76752
2009-05-27	3762	3802	3802	3776	3790	3788	26	6716	76262
2009-06-01	3788	3800	3858	3800	3857	3843	55	9548	72534
2009-06-02	3843	3898	3898	3860	3870	3877	34	4186	72288
2009-06-03	3877	3850	3890	3850	3890	3877	0	7272	71214
2009-06-04	3877	3834	3875	3833	3875	3859	-18	6074	69748
2009-06-05	3859	3950	3950	3893	3896	3916	57	5756	69582
2009-06-08	3916	3900	3917	3873	3873	3892	-24	5502	68038
2009-06-09	3892	3879	3900	3856	3895	3880	-12	5276	66972
2009-06-10	3880	3900	3910	3880	3889	3894	14	3636	65838
2009-06-11	3894	3891	3905	3883	3888	3893	-1	4402	64226
2009-06-12	3893	3910	3920	3859	3861	3885	-8	4816	64458
2009-06-15	3885	3844	3848	3780	3808	3812	-73	9392	62620
2009-06-16	3812	3770	3802	3770	3798	3793	-19	2550	61608
2009-06-17	3793	3788	3812	3788	3812	3803	10	3000	60586
2009-06-18	3803	3802	3822	3802	3806	3813	10	5764	58900
2009-06-19	3813	3830	3830	3816	3821	3820	7	3130	58274
2009-06-22	3820	3780	3898	3771	3786	3794	-26	13918	52548
2009-06-23	3794	3760	3821	3760	3821	3789	-5	12160	46376
2009-06-24	3789	3811	3819	3786	3803	3805	16	3750	45336
2009-06-25	3805	3805	3813	3793	3807	3806	1	3198	44302
2009-06-26	3806	3807	3829	3806	3826	3816	10	10312	40472
2009-06-29	3816	3812	3834	3803	3809	3816	0	7008	43154
2009-06-30	3816	3817	3826	3813	3823	3820	4	4628	44404
2009-07-01	3820	3838	3847	3810	3814	3823	3	3442	45166
2009-07-02	3823	3817	3840	3809	3811	3816	-7	3546	45692
2009-07-03	3816	3808	3810	3762	3762	3783	-33	1414	45116
2009-07-06	3783	3750	3764	3710	3710	3736	-47	5566	44250
2009-07-07	3736	3650	3703	3650	3700	3690	-46	7224	42668
2009-07-08	3690	3640	3686	3621	3673	3650	-40	7798	42930
2009-07-09	3650	3661	3683	3652	3660	3666	16	2486	42440
2009-07-10	3666	3678	3690	3654	3657	3664	-2	1116	42010
2009-07-13	3664	3660	3673	3623	3630	3648	-16	720	41708
2009-07-14	3648	3635	3640	3600	3617	3619	-29	2774	40428
2009-07-15	3619	3620	3669	3615	3663	3646	27	2984	41036
2009-07-16	3646	3665	3665	3630	3641	3646	0	1310	41870
2009-07-17	3646	3601	3629	3601	3622	3622	-24	600	41786
2009-07-20	3622	3633	3659	3633	3659	3650	28	854	41484
2009-07-21	3650	3652	3652	3640	3640	3643	-7	370	41376
2009-07-22	3643	3638	3653	3630	3651	3640	-3	1390	40334
2009-07-23	3640	3655	3655	3636	3641	3641	1	1288	39188
2009-07-24	3641	3651	3652	3591	3598	3621	-20	2156	37378
2009-07-27	3621	3573	3606	3573	3591	3592	-29	2262	37018
2009-07-28	3592	3599	3627	3595	3620	3604	12	2770	35484
2009-07-29	3604	3620	3621	3589	3589	3614	10	1424	34132
2009-07-30	3614	3582	3616	3582	3615	3607	-7	704	33992
2009-07-31	3607	3660	3662	3633	3651	3650	43	1410	33316
2009-08-03	3650	3690	3693	3647	3666	3662	12	6612	27332
2009-08-04	3662	3680	3680	3650	3670	3671	9	13666	14720
2009-08-05	3671	3677	3689	3670	3680	3677	6	1036	14310
2009-08-06	3677	3680	3697	3676	3685	3684	7	594	14196
2009-08-07	3684	3689	3692	3678	3689	3688	4	336	14112
2009-08-10	3688	3686	3707	3683	3701	3700	12	1746	12648
2009-08-11	3700	3685	3788	3685	3785	3742	42	310	12508
2009-08-12	3742	3806	3850	3806	3823	3829	87	1240	11888
2009-08-13	3829	3850	3863	3832	3841	3841	12	316	11820
2009-08-14	3841	3821	3838	3800	3830	3821	-20	172	11680
2009-08-17	3821	3797	3816	3742	3808	3801	-20	336	11416
2009-08-18	3801	3839	3839	3800	3802	3805	4	408	11054
2009-08-19	3805	3771	3790	3680	3683	3731	-74	368	11014
2009-08-20	3731	3755	3755	3692	3700	3700	-31	144	10978
2009-08-21	3700	3601	3710	3601	3695	3698	-2	46	10958
2009-08-24	3698	3670	3760	3670	3760	3709	11	190	10880
2009-08-25	3709	3765	3765	3722	3722	3746	37	166	10814
2009-08-26	3746	3710	3745	3710	3740	3713	-33	138	10678
2009-08-27	3713	3735	3760	3735	3760	3735	22	816	9864
2009-08-28	3735	3705	3800	3705	3750	3746	11	108	9772
2009-08-31	3746	3768	3850	3760	3800	3798	52	198	9754
2009-09-01	3798	3761	3800	3760	3771	3778	-20	54	7532
2009-09-02	3778	3789	3789	3750	3770	3757	-21	3050	2840
2009-09-03	3757	3789	3789	3720	3730	3772	15	488	2624
2009-09-04	3772	3819	3819	3780	3780	3789	17	78	1624
2009-09-07	3789	3816	3816	3781	3781	3781	-8	72	388
2009-09-08	3781	3760	3760	3700	3700	3721	-60	120	396
2009-09-09	3721	3766	3766	3730	3730	3760	39	12	406
2009-09-10	3760	3790	3790	3750	3750	3758	-2	50	216
2009-09-11	3758	3735	3735	3735	3735	3735	-23	80	216
2009-09-14	3735	3680	3770	3680	3770	3758	23	10	0
