2008-05-19	4209	4011	4505	4011	4505	4192	-17	10	10
2008-05-20	4192	-	-	-	4192	4192	0	0	10
2008-05-21	4192	4291	4291	4291	4291	4291	99	2	10
2008-05-22	4291	4360	4360	4360	4360	4360	69	2	10
2008-05-23	4360	-	-	-	4360	4360	0	0	10
2008-05-26	4360	4470	4540	4450	4530	4522	162	46	40
2008-05-27	4522	4534	4558	4486	4489	4518	-4	52	44
2008-05-28	4518	4525	4525	4418	4508	4494	-24	10	50
2008-05-29	4494	4630	4685	4456	4500	4581	87	106	52
2008-05-30	4581	4435	4435	4375	4415	4407	-174	84	54
2008-06-02	4407	4409	4470	4409	4455	4441	34	14	56
2008-06-03	4441	4365	4498	4365	4420	4420	-21	10	56
2008-06-04	4420	4509	4509	4509	4509	4509	89	4	52
2008-06-05	4509	4488	4522	4488	4510	4506	-3	10	48
2008-06-06	4506	4630	4630	4630	4630	4630	124	4	46
2008-06-10	4630	4690	4740	4670	4699	4700	70	24	40
2008-06-11	4700	4750	4799	4746	4790	4771	71	30	44
2008-06-12	4771	4826	4959	4826	4899	4895	124	62	64
2008-06-13	4895	4865	4892	4800	4810	4834	-61	40	52
2008-06-16	4834	4810	4908	4810	4900	4879	45	8	52
2008-06-17	4879	4800	4840	4800	4840	4832	-47	12	52
2008-06-18	4832	4908	4908	4846	4850	4872	40	12	58
2008-06-19	4872	4884	4884	4753	4790	4814	-58	30	58
2008-06-20	4814	4735	4774	4700	4740	4739	-75	74	48
2008-06-23	4739	4640	4695	4640	4692	4683	-56	32	62
2008-06-24	4683	4720	4720	4690	4695	4701	18	14	62
2008-06-25	4701	4720	4750	4720	4750	4735	34	4	58
2008-06-26	4735	4850	4850	4722	4814	4805	70	32	54
2008-06-27	4805	4850	4901	4850	4901	4890	85	40	72
2008-06-30	4890	4980	4980	4892	4896	4910	20	24	74
2008-07-01	4910	4898	4905	4892	4905	4898	-12	6	76
2008-07-02	4898	4979	4980	4942	4975	4970	72	24	88
2008-07-03	4970	4979	5055	4810	4879	4937	-33	170	196
2008-07-04	4937	4890	4968	4885	4922	4906	-31	44	204
2008-07-07	4906	4811	4918	4811	4866	4870	-36	22	212
2008-07-08	4870	4866	4866	4708	4708	4718	-152	66	220
2008-07-09	4718	4731	4770	4703	4727	4746	28	52	222
2008-07-10	4746	4760	4780	4712	4712	4739	-7	22	224
2008-07-11	4739	4716	4790	4716	4780	4772	33	42	224
2008-07-14	4772	4730	4730	4702	4703	4716	-56	60	244
2008-07-15	4716	4712	4731	4691	4731	4713	-3	42	234
2008-07-16	4713	4696	4708	4671	4698	4689	-24	38	258
2008-07-17	4689	4720	4725	4714	4714	4718	29	30	246
2008-07-18	4718	4714	4788	4620	4657	4671	-47	128	266
2008-07-21	4671	4451	4531	4451	4462	4480	-191	116	252
2008-07-22	4480	4462	4479	4420	4474	4443	-37	82	258
2008-07-23	4443	4420	4420	4305	4332	4384	-59	36	248
2008-07-24	4384	4309	4410	4309	4375	4365	-19	40	254
2008-07-25	4365	4428	4428	4370	4399	4397	32	20	256
2008-07-28	4397	4492	4492	4434	4453	4449	52	22	250
2008-07-29	4449	4425	4425	4320	4320	4363	-86	20	246
2008-07-30	4363	4270	4346	4270	4320	4317	-46	138	236
2008-07-31	4317	4363	4363	4348	4360	4357	40	14	236
2008-08-01	4357	4252	4304	4243	4274	4271	-86	56	248
2008-08-04	4271	4159	4159	4061	4079	4118	-153	28	242
2008-08-05	4118	4050	4050	3913	3913	3980	-138	320	320
2008-08-06	3980	3910	4050	3910	4020	4011	31	138	260
2008-08-07	4011	3998	4011	3972	4011	3992	-19	30	248
2008-08-08	3992	4012	4012	3991	4000	4001	9	26	246
2008-08-11	4001	3811	3860	3801	3801	3816	-185	172	254
2008-08-12	3816	3829	3880	3805	3853	3839	23	98	226
2008-08-13	3839	3905	4020	3889	3991	3961	122	66	206
2008-08-14	3961	4152	4152	4041	4089	4091	130	90	198
2008-08-15	4091	3966	4052	3903	3925	3955	-136	48	194
2008-08-18	3955	4070	4070	4053	4070	4067	112	12	192
2008-08-19	4067	4041	4071	4041	4071	4063	-4	30	200
2008-08-20	4063	4148	4241	4125	4200	4154	91	42	180
2008-08-21	4154	4289	4289	4162	4165	4181	27	56	186
2008-08-22	4181	4299	4299	4187	4187	4209	28	60	174
2008-08-25	4209	4215	4274	4215	4256	4231	22	40	160
2008-08-26	4231	4236	4236	4125	4139	4203	-28	28	160
2008-08-27	4203	4269	4269	4220	4234	4241	38	20	154
2008-08-28	4241	4171	4238	4163	4192	4201	-40	62	152
2008-08-29	4201	4121	4230	4121	4205	4187	-14	14	150
2008-09-01	4187	4297	4297	4241	4290	4274	87	20	156
2008-09-02	4274	4163	4163	4151	4151	4154	-120	8	154
2008-09-03	4154	4210	4218	4170	4170	4192	38	8	154
2008-09-04	4192	4138	4185	4125	4140	4149	-43	84	158
2008-09-05	4149	4090	4128	4078	4128	4098	-51	32	152
2008-09-08	4098	4120	4138	4037	4119	4119	21	70	156
2008-09-09	4119	4091	4091	3972	3990	4033	-86	52	146
2008-09-10	4033	3910	4040	3910	4014	3969	-64	48	164
2008-09-11	3969	3996	4010	3951	3978	3983	14	104	160
2008-09-12	3983	4023	4047	4023	4047	4031	48	50	140
2008-09-16	4031	3954	3954	3860	3896	3891	-140	48	128
2008-09-17	3891	4085	4085	3851	3870	3917	26	64	126
2008-09-18	3917	3879	3901	3840	3864	3869	-48	52	138
2008-09-19	3869	3832	3852	3832	3852	3838	-31	12	136
2008-09-22	3838	3950	4029	3950	4029	3996	158	40	124
2008-09-23	3996	4032	4039	3959	3959	4028	32	26	122
2008-09-24	4028	4001	4027	4000	4026	4012	-16	34	114
2008-09-25	4012	4016	4022	4016	4022	4019	7	4	114
2008-09-26	4019	4039	4039	4035	4035	4036	17	6	112
2008-10-06	4036	-	-	-	4036	4036	0	0	112
2008-10-07	4036	-	-	-	4036	4036	0	0	112
2008-10-08	4036	-	-	-	4036	4036	0	46	66
2008-10-09	4036	3835	3835	3835	3835	3835	-201	8	58
2008-10-10	3835	3644	3644	3644	3644	3644	-191	2	56
2008-10-13	3644	3462	3462	3462	3462	3462	-182	16	58
2008-10-14	3462	3450	3570	3305	3410	3455	-7	292	170
2008-10-15	3455	3283	3286	3283	3285	3283	-172	50	156
2008-10-16	3283	3149	3160	3120	3121	3142	-141	102	120
2008-10-17	3142	3289	3299	3230	3299	3256	114	74	134
2008-10-20	3256	3409	3418	3344	3418	3411	155	56	170
2008-10-21	3411	3508	3508	3291	3291	3342	-69	194	136
2008-10-22	3342	3255	3284	3186	3194	3228	-114	58	128
2008-10-23	3228	3071	3150	3067	3150	3090	-138	42	126
2008-10-24	3090	3201	3201	3066	3114	3158	68	174	94
2008-10-27	3158	3169	3169	3072	3088	3109	-49	20	96
2008-10-28	3109	3180	3263	3180	3263	3238	129	20	98
2008-10-29	3238	3222	3320	3113	3260	3236	-2	12	94
2008-10-30	3236	3301	3313	3301	3313	3302	66	24	72
2008-10-31	3302	3279	3293	3220	3293	3277	-25	40	46
2008-11-03	3277	3334	3334	3329	3329	3330	53	14	44
2008-11-04	3330	-	-	-	3330	3330	0	0	44
2008-11-05	3330	3329	3345	3310	3321	3331	1	42	66
2008-11-06	3331	3247	3285	3230	3247	3257	-74	248	64
2008-11-07	3257	3279	3279	3273	3273	3277	20	10	64
2008-11-10	3277	3325	3335	3320	3335	3332	55	34	92
2008-11-11	3332	3288	3290	3266	3266	3273	-59	404	92
2008-11-12	3273	3255	3288	3224	3233	3237	-36	34	92
2008-11-13	3237	3180	3180	3140	3170	3167	-70	46	102
2008-11-14	3167	3183	3208	3183	3206	3197	30	28	114
2008-11-17	3197	3171	3198	3161	3164	3178	-19	88	152
2008-11-18	3178	3151	3151	3130	3130	3147	-31	14	164
2008-11-19	3147	3171	3178	3158	3176	3168	21	18	162
2008-11-20	3168	3089	3198	3089	3181	3161	-7	42	178
2008-11-21	3161	3099	3152	3090	3152	3104	-57	118	202
2008-11-24	3104	3149	3149	3120	3127	3137	33	76	198
2008-11-25	3137	3166	3166	3130	3130	3155	18	16	202
2008-11-26	3155	3113	3113	3091	3099	3107	-48	44	202
2008-11-27	3107	3108	3110	3102	3104	3104	-3	50	216
2008-11-28	3104	3130	3130	3070	3097	3090	-14	22	226
2008-12-01	3090	3018	3079	3011	3060	3051	-39	48	222
2008-12-02	3051	3010	3027	2968	2972	2995	-56	170	260
2008-12-03	2995	2950	2951	2899	2899	2935	-60	40	272
2008-12-04	2935	2856	2920	2790	2790	2867	-68	86	232
2008-12-05	2867	2800	2800	2724	2724	2753	-114	20	232
2008-12-08	2753	2800	2860	2800	2825	2825	72	12	228
2008-12-09	2825	2800	2800	2721	2741	2752	-73	74	260
2008-12-10	2752	2790	2834	2790	2834	2819	67	6	254
2008-12-11	2819	2820	2820	2820	2820	2820	1	2	252
2008-12-12	2820	2929	2929	2780	2816	2833	13	70	234
2008-12-15	2833	2924	2944	2894	2921	2931	98	182	220
2008-12-16	2931	2910	2917	2883	2883	2901	-30	14	218
2008-12-17	2901	2954	2954	2911	2944	2919	18	30	228
2008-12-18	2919	2892	2910	2892	2910	2902	-17	32	218
2008-12-19	2902	-	-	-	2902	2902	0	0	218
2008-12-22	2902	3021	3047	2988	3047	3010	108	50	218
2008-12-23	3010	3003	3025	3003	3006	3007	-3	62	214
2008-12-24	3007	3052	3060	3049	3060	3053	46	6	214
2008-12-25	3053	3066	3100	3066	3100	3079	26	8	216
2008-12-26	3079	3085	3115	3084	3115	3088	9	34	202
2008-12-29	3088	3200	3210	3175	3202	3199	111	14	196
2008-12-30	3199	3218	3218	3217	3217	3217	18	18	196
2008-12-31	3217	3210	3225	3196	3198	3200	-17	146	104
2009-01-05	3200	3250	3277	3216	3242	3245	45	20	102
2009-01-06	3245	3168	3329	3168	3305	3284	39	90	132
2009-01-07	3284	3308	3360	3298	3298	3338	54	62	112
2009-01-08	3338	3235	3281	3232	3281	3252	-86	92	84
2009-01-09	3252	3344	3401	3334	3340	3343	91	92	146
2009-01-12	3343	3440	3470	3390	3420	3422	79	70	150
2009-01-13	3422	3372	3372	3277	3295	3330	-92	48	154
2009-01-14	3330	3324	3380	3324	3364	3360	30	90	154
2009-01-15	3360	3369	3374	3293	3374	3338	-22	42	158
2009-01-16	3338	3400	3406	3385	3406	3395	57	16	156
2009-01-19	3395	3406	3424	3392	3400	3401	6	116	118
2009-01-20	3401	3430	3430	3331	3360	3361	-40	52	106
2009-01-21	3361	3337	3354	3325	3338	3338	-23	32	92
2009-01-22	3338	3374	3374	3297	3315	3313	-25	42	110
2009-01-23	3313	3313	3320	3313	3320	3315	2	18	100
2009-02-02	3315	3344	3344	3310	3312	3324	9	12	102
2009-02-03	3324	3314	3388	3313	3370	3360	36	64	118
2009-02-04	3360	3414	3430	3380	3405	3410	50	42	104
2009-02-05	3410	3460	3460	3388	3431	3423	13	52	94
2009-02-06	3423	3484	3500	3450	3461	3472	49	82	78
2009-02-09	3472	3572	3572	3431	3520	3516	44	58	84
2009-02-10	3516	3490	3583	3490	3528	3527	11	80	74
2009-02-11	3527	3530	3530	3475	3475	3518	-9	18	86
2009-02-12	3518	3518	3535	3491	3506	3510	-8	28	78
2009-02-13	3510	3516	3516	3505	3509	3510	0	20	70
2009-02-16	3510	3450	3465	3430	3463	3442	-68	38	66
2009-02-17	3442	3448	3465	3411	3424	3433	-9	80	60
2009-02-18	3433	3361	3361	3262	3262	3301	-132	30	72
2009-02-19	3301	3298	3328	3240	3280	3279	-22	22	70
2009-02-20	3279	3299	3361	3299	3337	3323	44	74	68
2009-02-23	3323	3347	3401	3347	3373	3375	52	44	68
2009-02-24	3375	3375	3435	3348	3373	3370	-5	44	60
2009-02-25	3370	3444	3444	3390	3403	3407	37	16	62
2009-02-26	3407	3351	3393	3351	3386	3375	-32	24	58
2009-02-27	3375	3387	3398	3216	3300	3316	-59	58	78
2009-03-02	3316	3320	3340	3256	3303	3294	-22	74	68
2009-03-03	3294	3270	3287	3270	3287	3274	-20	14	68
2009-03-04	3274	3338	3338	3303	3328	3316	42	66	72
2009-03-05	3316	3360	3360	3308	3328	3336	20	78	68
2009-03-06	3336	3263	3339	3263	3339	3323	-13	16	70
2009-03-09	3323	3328	3370	3328	3340	3353	30	32	78
2009-03-10	3353	3351	3361	3350	3353	3354	1	24	80
2009-03-11	3354	3345	3350	3317	3321	3335	-19	38	60
2009-03-12	3335	3359	3359	3319	3339	3339	4	36	58
2009-03-13	3339	3341	3395	3334	3358	3349	10	50	66
2009-03-16	3349	3362	3377	3344	3368	3364	15	60	66
2009-03-17	3364	3482	3482	3387	3387	3417	53	38	68
2009-03-18	3417	3398	3405	3380	3380	3389	-28	72	96
2009-03-19	3389	3395	3420	3395	3404	3405	16	86	84
2009-03-20	3405	3420	3465	3415	3437	3428	23	110	104
2009-03-23	3428	3437	3565	3437	3560	3507	79	98	108
2009-03-24	3507	3500	3510	3456	3487	3492	-15	84	102
2009-03-25	3492	3497	3497	3455	3455	3469	-23	94	152
2009-03-26	3469	3464	3488	3457	3488	3469	0	44	162
2009-03-27	3469	3475	3500	3423	3454	3483	14	96	212
2009-03-30	3483	3407	3418	3401	3401	3404	-79	86	240
2009-03-31	3404	3428	3428	3400	3400	3407	3	18	242
2009-04-01	3407	3485	3485	3450	3468	3462	55	116	246
2009-04-02	3462	3478	3587	3462	3587	3534	72	162	348
2009-04-03	3534	3511	3519	3470	3488	3495	-39	156	274
2009-04-07	3495	3496	3520	3495	3520	3513	18	78	248
2009-04-08	3513	3503	3514	3475	3490	3492	-21	64	244
2009-04-09	3492	3544	3544	3510	3525	3519	27	146	162
2009-04-10	3519	3530	3550	3517	3549	3537	18	150	112
2009-04-13	3537	3550	3560	3527	3536	3545	8	40	92
2009-04-14	3545	3511	3539	3511	3530	3525	-20	76	90
2009-04-15	3525	3550	3550	3531	3531	3541	16	46	86
2009-04-16	3541	3595	3595	3550	3565	3561	20	50	92
2009-04-17	3561	3585	3586	3562	3563	3571	10	36	74
2009-04-20	3571	3550	3560	3500	3500	3534	-37	52	80
2009-04-21	3534	3474	3495	3424	3490	3477	-57	66	74
2009-04-22	3477	3599	3599	3476	3515	3517	40	36	74
2009-04-23	3517	3485	3529	3485	3523	3503	-14	100	88
2009-04-24	3503	3478	3515	3478	3496	3502	-1	38	80
2009-04-27	3502	3337	3355	3327	3327	3335	-167	82	64
2009-04-28	3335	3419	3419	3306	3350	3344	9	56	68
2009-04-29	3344	3365	3388	3357	3385	3369	25	38	80
2009-04-30	3369	3513	3513	3436	3460	3448	79	54	86
2009-05-04	3448	3560	3608	3560	3600	3579	131	68	98
2009-05-05	3579	3570	3573	3546	3556	3559	-20	78	152
2009-05-06	3559	3572	3635	3560	3635	3579	20	48	172
2009-05-07	3579	3589	3600	3560	3593	3588	9	80	196
2009-05-08	3588	3599	3620	3571	3620	3586	-2	20	200
2009-05-11	3586	3580	3580	3500	3524	3509	-77	350	292
2009-05-12	3509	3550	3580	3511	3580	3552	43	204	280
2009-05-13	3552	3599	3670	3580	3588	3601	49	130	274
2009-05-14	3601	3555	3573	3540	3573	3551	-50	66	280
2009-05-15	3551	3600	3610	3566	3594	3590	39	70	268
2009-05-18	3590	3548	3548	3516	3536	3530	-60	52	268
2009-05-19	3530	3588	3588	3546	3570	3556	26	32	262
2009-05-20	3556	3589	3690	3575	3675	3640	84	64	278
2009-05-21	3640	3620	3660	3615	3654	3642	2	66	250
2009-05-22	3642	3677	3811	3621	3684	3686	44	160	230
2009-05-25	3686	3699	3720	3674	3720	3701	15	106	200
2009-05-26	3701	3707	3754	3700	3706	3714	13	48	198
2009-05-27	3714	3740	3740	3723	3728	3728	14	12	192
2009-06-01	3728	3790	3820	3780	3815	3790	62	22	190
2009-06-02	3790	3830	3830	3802	3802	3816	26	20	180
2009-06-03	3816	3801	3835	3801	3835	3808	-8	22	176
2009-06-04	3808	3799	3809	3768	3809	3786	-22	44	162
2009-06-05	3786	3860	3874	3821	3821	3839	53	54	160
2009-06-08	3839	3821	3830	3785	3785	3801	-38	30	138
2009-06-09	3801	-	-	-	3801	3801	0	0	138
2009-06-10	3801	3780	3803	3733	3755	3763	-38	36	138
2009-06-11	3763	3765	3802	3756	3790	3783	20	60	148
2009-06-12	3783	3785	3794	3720	3740	3763	-20	58	120
2009-06-15	3763	3626	3759	3626	3700	3699	-64	56	112
2009-06-16	3699	3700	3700	3671	3689	3685	-14	122	118
2009-06-17	3685	3687	3687	3687	3687	3687	2	2	118
2009-06-18	3687	3689	3689	3689	3689	3689	2	4	114
2009-06-19	3689	3682	3682	3682	3682	3682	-7	4	112
2009-06-22	3682	3640	3660	3610	3630	3639	-43	36	112
2009-06-23	3639	3605	3666	3605	3666	3637	-2	14	112
2009-06-24	3637	3657	3670	3651	3670	3663	26	60	118
2009-06-25	3663	3651	3659	3651	3659	3657	-6	10	112
2009-06-26	3657	3700	3700	3678	3700	3695	38	14	112
2009-06-29	3695	3672	3672	3660	3660	3666	-29	4	114
2009-06-30	3666	3660	3680	3660	3680	3670	4	4	112
2009-07-01	3670	3693	3693	3691	3691	3692	22	4	110
2009-07-02	3692	3701	3701	3700	3700	3700	8	4	110
2009-07-03	3700	3700	3700	3635	3647	3662	-38	40	112
2009-07-06	3662	3611	3643	3611	3623	3625	-37	6	112
2009-07-07	3625	3624	3646	3600	3646	3623	-2	10	114
2009-07-08	3623	3550	3550	3510	3510	3535	-88	14	118
2009-07-09	3535	3535	3560	3516	3535	3541	6	12	120
2009-07-10	3541	3539	3580	3539	3545	3556	15	22	118
2009-07-13	3556	3560	3580	3531	3531	3548	-8	34	126
2009-07-14	3548	3555	3555	3438	3547	3524	-24	62	118
2009-07-15	3524	3553	3606	3526	3556	3557	33	26	114
2009-07-16	3557	3550	3550	3550	3550	3550	-7	2	116
2009-07-17	3550	3539	3539	3506	3538	3534	-16	14	116
2009-07-20	3534	3540	3580	3540	3580	3560	26	20	116
2009-07-21	3560	3578	3592	3555	3571	3572	12	26	120
2009-07-22	3572	3531	3610	3531	3610	3587	15	18	122
2009-07-23	3587	3607	3607	3582	3590	3592	5	10	126
2009-07-24	3592	3565	3565	3565	3565	3565	-27	4	128
2009-07-27	3565	3583	3583	3523	3523	3563	-2	138	236
2009-07-28	3563	3560	3589	3553	3575	3574	11	98	186
2009-07-29	3574	3608	3608	3556	3587	3583	9	6	186
2009-07-30	3583	3586	3586	3570	3578	3576	-7	28	198
2009-07-31	3576	3615	3643	3571	3571	3624	48	90	162
2009-08-03	3624	3601	3725	3601	3690	3669	45	34	148
2009-08-04	3669	3566	3719	3566	3680	3677	8	24	148
2009-08-05	3677	-	-	-	3677	3677	0	0	148
2009-08-06	3677	3670	3710	3670	3704	3693	16	58	148
2009-08-07	3693	3675	3700	3675	3695	3687	-6	32	152
2009-08-10	3687	-	-	-	3687	3687	0	0	152
2009-08-11	3687	3675	3759	3675	3759	3733	46	142	142
2009-08-12	3733	3896	3897	3810	3811	3850	117	118	156
2009-08-13	3850	3708	3859	3708	3841	3796	-54	100	146
2009-08-14	3796	3760	3798	3760	3777	3774	-22	18	140
2009-08-17	3774	3703	3749	3703	3708	3720	-54	106	124
2009-08-18	3720	3749	3749	3727	3729	3732	12	10	120
2009-08-19	3732	3750	3750	3631	3690	3705	-27	18	120
2009-08-20	3705	3711	3725	3682	3710	3708	3	28	110
2009-08-21	3708	3729	3729	3695	3720	3712	4	26	108
2009-08-24	3712	3764	3766	3764	3766	3764	52	10	108
2009-08-25	3764	3779	3779	3765	3765	3775	11	18	112
2009-08-26	3775	3769	3769	3769	3769	3769	-6	2	112
2009-08-27	3769	3712	3782	3712	3756	3750	-19	6	112
2009-08-28	3750	3741	3778	3741	3778	3765	15	8	108
2009-08-31	3765	3732	3732	3732	3732	3732	-33	2	106
2009-09-01	3732	-	-	-	3732	3732	0	0	106
2009-09-02	3732	3678	3700	3555	3647	3651	-81	88	100
2009-09-03	3651	3660	3682	3660	3682	3671	20	18	94
2009-09-04	3671	3682	3682	3655	3660	3664	-7	8	96
2009-09-07	3664	-	-	-	3664	3664	0	0	96
2009-09-08	3664	-	-	-	3664	3664	0	0	96
2009-09-09	3664	-	-	-	3664	3664	0	0	96
2009-09-10	3664	3695	3695	3660	3680	3678	14	14	96
2009-09-11	3678	-	-	-	3678	3678	0	0	96
2009-09-14	3678	-	-	-	3678	3678	0	0	96
2009-09-15	3678	-	-	-	3678	3678	0	0	96
2009-09-16	3678	3691	3748	3690	3748	3707	29	28	102
2009-09-17	3707	3700	3700	3700	3700	3700	-7	2	100
2009-09-18	3700	-	-	-	3700	3700	0	0	100
2009-09-21	3700	-	-	-	3700	3700	0	0	100
2009-09-22	3700	3870	3870	3731	3731	3783	83	6	98
2009-09-23	3783	3800	3800	3776	3780	3792	9	30	116
2009-09-24	3792	3730	3730	3604	3691	3698	-94	56	108
2009-09-25	3698	3750	3750	3693	3700	3707	9	82	114
2009-09-28	3707	3608	3750	3608	3650	3670	-37	10	112
2009-09-29	3670	3600	3600	3600	3600	3600	-70	10	122
2009-09-30	3600	3600	3600	3600	3600	3600	0	2	122
2009-10-09	3600	3669	3675	3669	3675	3669	69	62	120
2009-10-12	3669	3613	3700	3613	3690	3684	15	68	112
2009-10-13	3684	3676	3676	3670	3670	3671	-13	30	142
2009-10-14	3671	3750	3750	3602	3651	3678	7	96	186
2009-10-15	3678	3631	3675	3631	3669	3641	-37	52	166
2009-10-16	3641	3728	3728	3550	3670	3614	-27	38	160
2009-10-19	3614	3678	3718	3670	3718	3692	78	10	158
2009-10-20	3692	3708	3708	3690	3690	3697	5	18	146
2009-10-21	3697	3689	3707	3689	3700	3701	4	16	146
2009-10-22	3701	3719	3719	3710	3710	3716	15	6	140
2009-10-23	3716	3680	3680	3680	3680	3680	-36	12	140
2009-10-26	3680	3620	3720	3620	3720	3697	17	22	140
2009-10-27	3697	3720	3777	3700	3769	3743	46	20	140
2009-10-28	3743	3711	3780	3699	3780	3746	3	28	144
2009-10-29	3746	3800	3800	3710	3710	3731	-15	58	190
2009-10-30	3731	3745	3790	3715	3721	3731	0	92	242
2009-11-02	3731	3711	3711	3711	3711	3711	-20	2	242
2009-11-03	3711	-	-	-	3711	3711	0	0	242
2009-11-04	3711	-	-	-	3711	3711	0	0	242
2009-11-05	3711	3720	3720	3720	3720	3720	9	74	208
2009-11-06	3720	3750	3750	3750	3750	3750	30	2	0
2009-11-09	3750	-	-	-	3750	3750	0	0	0
2009-11-10	3750	3750	3750	3750	3750	3750	0	6	6
2009-11-11	3750	3750	3750	3750	3750	3750	0	4	10
2009-11-12	3750	-	-	-	3750	3750	0	0	0
2009-11-13	3750	-	-	-	3750	3723	-27	0	0
