2008-01-02	4165	4197	4197	4155	4161	4172	7	406	1802
2008-01-03	4172	4199	4338	4191	4333	4266	94	2944	3678
2008-01-04	4266	4366	4423	4341	4358	4383	117	2404	4238
2008-01-07	4383	4366	4368	4335	4343	4351	-32	524	4194
2008-01-08	4351	4343	4348	4281	4288	4299	-52	470	4094
2008-01-09	4299	4321	4321	4273	4300	4299	0	336	4040
2008-01-10	4299	4271	4272	4250	4261	4257	-42	278	3898
2008-01-11	4257	4280	4325	4280	4320	4310	53	136	3916
2008-01-14	4310	4380	4403	4360	4379	4383	73	790	4188
2008-01-15	4383	4308	4445	4308	4378	4407	24	988	4282
2008-01-16	4407	4403	4423	4360	4380	4391	-16	502	4298
2008-01-17	4391	4380	4407	4347	4407	4387	-4	340	4276
2008-01-18	4387	4380	4380	4237	4260	4313	-74	386	4134
2008-01-21	4313	4253	4328	4246	4315	4296	-17	188	4144
2008-01-22	4296	4233	4233	4136	4150	4181	-115	1088	3956
2008-01-23	4181	4220	4226	4163	4197	4204	23	284	3930
2008-01-24	4204	4140	4155	4116	4145	4135	-69	356	3766
2008-01-25	4135	4174	4218	4174	4207	4201	66	116	3794
2008-01-28	4201	4199	4232	4169	4182	4198	-3	334	3770
2008-01-29	4198	4224	4224	4206	4219	4215	17	166	3746
2008-01-30	4215	4209	4212	4185	4203	4201	-14	126	3762
2008-01-31	4201	4192	4211	4190	4207	4199	-2	124	3744
2008-02-01	4199	4245	4298	4242	4276	4275	76	324	3776
2008-02-04	4275	4300	4337	4286	4334	4313	38	304	3854
2008-02-05	4313	4390	4390	4344	4361	4364	51	416	4064
2008-02-13	4364	4354	4354	4330	4343	4340	-24	340	4048
2008-02-14	4340	4375	4410	4357	4387	4391	51	534	4246
2008-02-15	4391	4438	4459	4420	4429	4440	49	500	4342
2008-02-18	4440	4450	4520	4445	4512	4489	49	1594	4854
2008-02-19	4489	4525	4526	4491	4510	4507	18	1246	4622
2008-02-20	4507	4520	4535	4492	4493	4502	-5	936	4410
2008-02-21	4502	4521	4595	4521	4595	4551	49	538	4360
2008-02-22	4551	4575	4659	4560	4641	4618	67	1936	4976
2008-02-25	4618	4700	4802	4700	4800	4785	167	2640	5138
2008-02-26	4785	4800	4828	4706	4740	4751	-34	760	5044
2008-02-27	4751	4808	4848	4762	4789	4814	63	644	5138
2008-02-28	4814	4770	4800	4748	4796	4769	-45	284	5046
2008-02-29	4769	4862	4862	4826	4849	4844	75	1158	5346
2008-03-03	4844	4900	5037	4900	5030	5009	165	2066	5466
2008-03-04	5009	4970	5035	4810	4858	4935	-74	1558	5452
2008-03-05	4935	4801	4801	4738	4763	4754	-181	578	5334
2008-03-06	4754	4763	4840	4680	4790	4775	21	1016	5254
2008-03-07	4775	4640	4710	4625	4677	4676	-99	632	5154
2008-03-10	4676	4520	4545	4489	4489	4513	-163	722	4890
2008-03-11	4513	4595	4645	4575	4627	4610	97	1134	4724
2008-03-12	4610	4619	4636	4442	4456	4501	-109	978	4634
2008-03-13	4501	4490	4594	4439	4562	4518	17	2266	4860
2008-03-14	4518	4576	4614	4550	4600	4576	58	554	5008
2008-03-17	4576	4480	4486	4440	4440	4459	-117	888	4914
2008-03-18	4459	4281	4319	4281	4281	4284	-175	180	4852
2008-03-19	4284	4280	4395	4261	4276	4307	23	382	4802
2008-03-20	4307	4136	4190	4135	4150	4140	-167	550	4660
2008-03-21	4140	4095	4149	4090	4109	4110	-30	3050	3492
2008-03-24	4110	4150	4208	4141	4192	4180	70	346	3336
2008-03-25	4180	4335	4335	4260	4325	4295	115	682	3204
2008-03-26	4295	4360	4399	4324	4324	4353	58	1106	3404
2008-03-27	4353	4292	4320	4268	4268	4309	-44	1986	3510
2008-03-28	4309	4280	4300	4181	4200	4257	-52	2692	3432
2008-03-31	4257	4181	4181	4095	4134	4112	-145	7292	7846
2008-04-01	4112	3907	3907	3907	3907	3907	-205	140	7838
2008-04-02	3907	3950	3970	3828	3835	3877	-30	4666	9032
2008-04-03	3877	3899	3918	3819	3848	3862	-15	4100	9428
2008-04-07	3862	3891	3965	3856	3945	3927	65	3306	9906
2008-04-08	3927	3905	3938	3885	3891	3896	-31	1086	9876
2008-04-09	3896	3890	3950	3890	3916	3923	27	1732	10134
2008-04-10	3923	4050	4050	3975	3993	4008	85	1946	10456
2008-04-11	4008	4001	4001	3960	3968	3978	-30	1004	10258
2008-04-14	3978	3935	4133	3935	4118	4044	66	2066	9758
2008-04-15	4044	4112	4212	4112	4207	4179	135	1934	9802
2008-04-16	4179	4179	4188	4140	4170	4167	-12	1350	9658
2008-04-17	4167	4148	4200	4140	4190	4177	10	1402	9178
2008-04-18	4177	4185	4247	4171	4228	4221	44	1252	9066
2008-04-21	4221	4209	4245	4080	4115	4113	-108	4004	9544
2008-04-22	4113	4090	4161	4090	4141	4137	24	1430	8854
2008-04-23	4137	4218	4240	4170	4196	4191	54	2550	9856
2008-04-24	4191	4161	4167	4126	4157	4152	-39	728	9836
2008-04-25	4152	4110	4112	4082	4102	4097	-55	766	9814
2008-04-28	4097	4078	4119	4078	4113	4103	6	2450	10784
2008-04-29	4103	4080	4080	3970	3995	3998	-105	9044	16692
2008-04-30	3998	3996	4034	3980	4024	4015	17	6294	20090
2008-05-05	4015	4018	4122	4003	4088	4081	66	7454	23770
2008-05-06	4081	4075	4147	4070	4140	4111	30	9394	29594
2008-05-07	4111	4145	4153	4115	4116	4131	20	6540	32786
2008-05-08	4131	4150	4191	4135	4189	4159	28	4180	33638
2008-05-09	4159	4190	4202	4165	4202	4182	23	3796	34472
2008-05-12	4182	4301	4391	4290	4391	4366	184	5144	35526
2008-05-13	4366	4397	4466	4387	4413	4418	52	22634	43646
2008-05-14	4418	4468	4503	4446	4473	4473	55	28958	62332
2008-05-15	4473	4460	4465	4388	4437	4419	-54	15918	67186
2008-05-16	4419	4410	4480	4410	4478	4454	35	5946	67738
2008-05-19	4454	4478	4493	4422	4427	4447	-7	9710	68080
2008-05-20	4447	4398	4426	4369	4419	4388	-59	11844	68248
2008-05-21	4388	4369	4456	4369	4385	4410	22	9660	68428
2008-05-22	4410	4450	4490	4450	4486	4469	59	8922	68756
2008-05-23	4469	4400	4450	4400	4449	4432	-37	4286	68558
2008-05-26	4432	4500	4564	4500	4545	4545	113	12222	68222
2008-05-27	4545	4555	4585	4533	4565	4554	9	14914	68384
2008-05-28	4554	4486	4538	4486	4528	4523	-31	8438	68052
2008-05-29	4523	4528	4531	4501	4513	4517	-6	6006	67598
2008-05-30	4517	4451	4460	4387	4404	4420	-97	7196	68230
2008-06-02	4420	4465	4475	4430	4437	4457	37	8110	70502
2008-06-03	4457	4430	4504	4430	4504	4470	13	4552	70518
2008-06-04	4470	4469	4542	4469	4482	4508	38	38978	83494
2008-06-05	4508	4544	4572	4540	4559	4558	50	18364	84226
2008-06-06	4558	4700	4756	4698	4724	4728	170	26736	88012
2008-06-10	4728	4740	4818	4734	4813	4787	59	24468	88952
2008-06-11	4787	4800	4838	4786	4825	4813	26	23092	88270
2008-06-12	4813	5006	5044	4880	4890	4931	118	31062	86034
2008-06-13	4931	4880	4922	4852	4865	4890	-41	16512	86008
2008-06-16	4890	4950	4976	4928	4957	4954	64	20574	85984
2008-06-17	4954	4860	4895	4850	4870	4870	-84	15276	85324
2008-06-18	4870	4906	4942	4885	4888	4923	53	25552	86296
2008-06-19	4923	4909	4909	4817	4840	4856	-67	15672	86072
2008-06-20	4856	4800	4830	4762	4803	4798	-58	20752	88478
2008-06-23	4798	4750	4792	4736	4782	4773	-25	16114	89274
2008-06-24	4773	4765	4848	4764	4810	4822	49	15902	88966
2008-06-25	4822	4800	4900	4764	4900	4846	24	17142	89062
2008-06-26	4846	4951	4990	4938	4952	4960	114	18042	88048
2008-06-27	4960	5020	5055	4992	5037	5023	63	25932	91080
2008-06-30	5023	5041	5052	5010	5020	5030	7	17342	90790
2008-07-01	5030	5060	5060	5015	5026	5030	0	23978	89784
2008-07-02	5030	5070	5109	5070	5097	5094	64	18728	90116
2008-07-03	5094	5138	5138	4900	4987	5017	-77	21482	90136
2008-07-04	5017	5010	5070	4981	5066	5030	13	14888	90326
2008-07-07	5030	5000	5010	4935	4979	4976	-54	13890	90340
2008-07-08	4976	4800	4846	4760	4812	4815	-161	24478	91080
2008-07-09	4815	4850	4888	4823	4855	4857	42	12378	89850
2008-07-10	4857	4900	4905	4807	4807	4848	-9	15898	91122
2008-07-11	4848	4898	4948	4855	4934	4901	53	14524	90792
2008-07-14	4901	4862	4862	4827	4833	4841	-60	10344	91210
2008-07-15	4841	4850	4890	4832	4868	4861	20	9438	90990
2008-07-16	4861	4810	4825	4791	4810	4805	-56	11712	90246
2008-07-17	4805	4850	4879	4850	4862	4862	57	9850	90740
2008-07-18	4862	4788	4788	4721	4768	4760	-102	13946	91638
2008-07-21	4760	4650	4652	4544	4554	4586	-174	16342	91438
2008-07-22	4586	4501	4578	4501	4576	4555	-31	15308	91102
2008-07-23	4555	4562	4566	4409	4460	4491	-64	23274	92668
2008-07-24	4491	4465	4538	4445	4523	4498	7	15238	92514
2008-07-25	4498	4510	4534	4500	4533	4516	18	10300	93140
2008-07-28	4516	4602	4603	4570	4581	4580	64	13234	93768
2008-07-29	4580	4522	4555	4382	4391	4464	-116	43786	103994
2008-07-30	4464	4450	4451	4372	4435	4420	-44	33162	104450
2008-07-31	4420	4443	4475	4443	4460	4457	37	13120	104826
2008-08-01	4457	4418	4418	4310	4347	4339	-118	23106	104740
2008-08-04	4339	4272	4272	4123	4135	4178	-161	43864	103026
2008-08-05	4178	3970	4020	3970	3970	3978	-200	34746	105482
2008-08-06	3978	4018	4079	3972	4067	4040	62	63174	107478
2008-08-07	4040	4018	4082	4006	4081	4050	10	77618	120744
2008-08-08	4050	4060	4080	4026	4034	4044	-6	59730	122564
2008-08-11	4044	3980	3980	3842	3842	3866	-178	84900	149242
2008-08-12	3866	3838	3895	3775	3863	3839	-27	184016	162848
2008-08-13	3839	3895	4030	3875	4008	3949	110	155952	159254
2008-08-14	3949	4102	4142	4062	4090	4098	149	160320	142728
2008-08-15	4098	3950	4007	3901	3919	3959	-139	86358	142292
2008-08-18	3959	4000	4124	4000	4090	4073	114	61430	140496
2008-08-19	4073	4100	4115	4040	4104	4089	16	95076	134164
2008-08-20	4089	4156	4248	4134	4208	4173	84	139112	135736
2008-08-21	4173	4202	4269	4186	4214	4224	51	112212	137340
2008-08-22	4224	4295	4295	4215	4232	4250	26	101602	122338
2008-08-25	4250	4290	4331	4250	4315	4299	49	103588	125416
2008-08-26	4299	4282	4282	4110	4149	4191	-108	167488	133744
2008-08-27	4191	4270	4289	4226	4255	4253	62	89956	130184
2008-08-28	4253	4200	4231	4171	4221	4199	-54	91746	133230
2008-08-29	4199	4170	4228	4170	4225	4203	4	64704	131320
2008-09-01	4203	4215	4330	4215	4292	4273	70	99372	121576
2008-09-02	4273	4167	4210	4131	4141	4161	-112	112196	130126
2008-09-03	4161	4085	4188	4085	4163	4168	7	84784	129802
2008-09-04	4168	4100	4158	4090	4151	4134	-34	92858	128572
2008-09-05	4134	4070	4113	4052	4111	4085	-49	70504	125202
2008-09-08	4085	4100	4150	4092	4109	4125	40	106966	124562
2008-09-09	4125	4090	4095	3964	3987	4017	-108	135692	128958
2008-09-10	4017	3995	4052	3965	4050	4025	8	114036	123508
2008-09-11	4025	4003	4032	3961	3987	3994	-31	137656	125526
2008-09-12	3994	4016	4096	4015	4090	4060	66	115010	118162
2008-09-16	4060	4010	4026	3857	3891	3915	-145	183538	126614
2008-09-17	3915	3917	3925	3815	3896	3880	-35	197164	128940
2008-09-18	3880	3938	3949	3821	3846	3874	-6	174414	128120
2008-09-19	3874	3878	3878	3807	3858	3844	-30	128472	126114
2008-09-22	3844	3960	4036	3956	4036	3988	144	159742	117468
2008-09-23	3988	4100	4118	4039	4041	4063	75	145672	113690
2008-09-24	4063	4036	4070	3998	4067	4029	-34	138224	116086
2008-09-25	4029	4000	4044	4000	4034	4023	-6	113162	115150
2008-09-26	4023	4012	4058	4008	4035	4034	11	129778	116396
2008-10-06	4034	3833	3833	3833	3833	3833	-201	680	115930
2008-10-07	3833	3642	3642	3642	3642	3642	-191	2770	114764
2008-10-08	3642	3460	3508	3460	3460	3473	-169	364696	114464
2008-10-09	3473	3460	3486	3376	3455	3448	-25	571680	149530
2008-10-10	3448	3343	3348	3276	3276	3287	-161	64554	149870
2008-10-13	3287	3133	3274	3123	3250	3205	-82	660158	185666
2008-10-14	3205	3348	3365	3266	3271	3305	100	536904	234992
2008-10-15	3305	3150	3212	3140	3200	3167	-138	706982	292368
2008-10-16	3167	3022	3109	3009	3009	3059	-108	1010558	370006
2008-10-17	3059	3211	3211	3127	3211	3177	118	812420	350460
2008-10-20	3177	3330	3335	3312	3335	3330	153	160540	351998
2008-10-21	3330	3435	3435	3285	3306	3361	31	1815398	412040
2008-10-22	3361	3291	3318	3193	3200	3260	-101	1268904	399984
2008-10-23	3260	3103	3212	3097	3180	3127	-133	532356	375180
2008-10-24	3127	3283	3283	3135	3150	3202	75	1952074	385904
2008-10-27	3202	3163	3239	3100	3138	3175	-27	1481930	414048
2008-10-28	3175	3327	3333	3206	3330	3266	91	1254918	374972
2008-10-29	3266	3286	3342	3244	3316	3290	24	1387390	383654
2008-10-30	3290	3395	3415	3351	3369	3380	90	1425934	394772
2008-10-31	3380	3300	3368	3281	3327	3324	-56	1000916	383842
2008-11-03	3324	3327	3412	3322	3390	3389	65	1220678	403934
2008-11-04	3389	3386	3397	3313	3333	3348	-41	1202940	413164
2008-11-05	3348	3390	3399	3336	3352	3361	13	1019520	407050
2008-11-06	3361	3230	3267	3228	3241	3249	-112	694472	433216
2008-11-07	3249	3250	3296	3220	3287	3264	15	787332	418434
2008-11-10	3264	3350	3369	3331	3348	3349	85	697290	429268
2008-11-11	3349	3313	3320	3265	3278	3293	-56	721330	435122
2008-11-12	3293	3250	3292	3229	3283	3264	-29	771946	432858
2008-11-13	3264	3210	3228	3181	3215	3202	-62	838116	457682
2008-11-14	3202	3248	3263	3211	3225	3236	34	673922	437706
2008-11-17	3236	3221	3245	3220	3227	3231	-5	434794	419368
2008-11-18	3231	3220	3241	3220	3230	3231	0	293440	402986
2008-11-19	3231	3252	3336	3229	3335	3282	51	643654	441758
2008-11-20	3282	3281	3323	3261	3295	3289	7	1161184	418844
2008-11-21	3289	3180	3272	3164	3259	3217	-72	964124	415844
2008-11-24	3217	3250	3287	3245	3264	3262	45	563746	435576
2008-11-25	3262	3320	3325	3264	3266	3291	29	458854	421600
2008-11-26	3291	3280	3286	3247	3269	3266	-25	515722	404420
2008-11-27	3266	3295	3295	3250	3252	3273	7	306078	409614
2008-11-28	3273	3260	3270	3206	3211	3226	-47	507216	422570
2008-12-01	3226	3197	3213	3176	3197	3195	-31	381266	420602
2008-12-02	3195	3128	3163	3120	3131	3139	-56	510958	432414
2008-12-03	3139	3131	3152	3106	3137	3134	-5	460074	420608
2008-12-04	3134	3136	3146	2978	2978	3050	-84	1123914	481788
2008-12-05	3050	2933	2953	2898	2898	2908	-142	177922	455196
2008-12-08	2908	2875	3048	2852	3018	2952	44	1292454	402610
2008-12-09	2952	3010	3028	2934	2945	2968	16	1054408	366132
2008-12-10	2968	2960	3033	2951	3014	3001	33	878764	367880
2008-12-11	3001	3001	3039	2995	3015	3015	14	540634	350524
2008-12-12	3015	3035	3066	2973	2991	3021	6	649414	339962
2008-12-15	3021	3050	3107	3050	3087	3086	65	671928	345764
2008-12-16	3086	3030	3056	3010	3045	3035	-51	453596	333566
2008-12-17	3035	3095	3096	3060	3065	3075	40	353012	327244
2008-12-18	3075	3032	3062	3025	3057	3047	-28	262024	327354
2008-12-19	3047	3055	3081	3044	3071	3063	16	254962	321188
2008-12-22	3063	3095	3216	3091	3209	3184	121	723496	316366
2008-12-23	3184	3190	3234	3178	3180	3199	15	505592	311162
2008-12-24	3199	3235	3258	3208	3250	3235	36	513708	323120
2008-12-25	3235	3268	3304	3261	3296	3287	52	548926	316236
2008-12-26	3287	3299	3306	3265	3291	3286	-1	416236	312200
2008-12-29	3286	3396	3445	3378	3411	3403	117	694948	276096
2008-12-30	3403	3370	3398	3353	3364	3374	-29	453434	242046
2008-12-31	3374	3345	3387	3345	3382	3366	-8	297104	225786
2009-01-05	3366	3409	3443	3383	3413	3413	47	653074	222542
2009-01-06	3413	3400	3502	3360	3459	3451	38	871768	225826
2009-01-07	3451	3482	3523	3443	3448	3486	35	752496	199604
2009-01-08	3486	3390	3430	3376	3420	3402	-84	357356	185078
2009-01-09	3402	3450	3500	3450	3462	3474	72	346244	168162
2009-01-12	3474	3486	3600	3482	3534	3547	73	344332	153360
2009-01-13	3547	3380	3454	3380	3417	3416	-131	281034	150620
2009-01-14	3416	3450	3503	3450	3502	3479	63	168732	138644
2009-01-15	3479	3479	3510	3456	3490	3485	6	144780	133426
2009-01-16	3485	3549	3572	3533	3555	3555	70	118230	122780
2009-01-19	3555	3582	3589	3545	3559	3557	2	63976	111574
2009-01-20	3557	3558	3569	3505	3539	3532	-25	77186	101500
2009-01-21	3532	3532	3544	3516	3543	3531	-1	35608	95790
2009-01-22	3531	3560	3580	3535	3567	3556	25	31178	88716
2009-01-23	3556	3550	3593	3543	3593	3564	8	25380	84496
2009-02-02	3564	3570	3585	3551	3570	3570	6	23702	81328
2009-02-03	3570	3555	3603	3555	3595	3583	13	33632	78818
2009-02-04	3583	3580	3616	3580	3587	3596	13	22572	74704
2009-02-05	3596	3578	3607	3572	3591	3588	-8	14990	71352
2009-02-06	3588	3610	3626	3596	3612	3605	17	23194	64532
2009-02-09	3605	3620	3663	3611	3644	3645	40	15506	60764
2009-02-10	3645	3611	3655	3611	3644	3647	2	6824	58610
2009-02-11	3647	3642	3650	3575	3608	3621	-26	12134	56888
2009-02-12	3621	3600	3640	3600	3639	3622	1	6430	54878
2009-02-13	3622	3638	3647	3621	3630	3633	11	4074	53310
2009-02-16	3633	3615	3629	3601	3603	3611	-22	6954	52686
2009-02-17	3611	3601	3628	3590	3617	3609	-2	7086	53054
2009-02-18	3609	3570	3570	3510	3551	3543	-66	27792	55072
2009-02-19	3543	3545	3607	3545	3577	3580	37	15976	52360
2009-02-20	3580	3570	3618	3566	3613	3598	18	7444	50534
2009-02-23	3598	3600	3660	3586	3660	3629	31	7924	49710
2009-02-24	3629	3650	3657	3623	3639	3637	8	5412	49216
2009-02-25	3637	3636	3681	3636	3658	3665	28	3760	48602
2009-02-26	3665	3655	3668	3650	3661	3659	-6	2564	48186
2009-02-27	3659	3653	3655	3597	3623	3628	-31	6866	47880
2009-03-02	3628	3626	3643	3617	3631	3630	2	3180	47758
2009-03-03	3630	3615	3641	3581	3638	3620	-10	2708	47548
2009-03-04	3620	3639	3658	3632	3654	3649	29	4746	47430
2009-03-05	3649	3664	3673	3644	3649	3655	6	2302	46398
2009-03-06	3655	3652	3675	3641	3664	3654	-1	1628	45554
2009-03-09	3654	3679	3689	3660	3665	3670	16	1662	44868
2009-03-10	3670	3659	3673	3646	3652	3657	-13	1956	43676
2009-03-11	3657	3658	3669	3616	3630	3636	-21	2764	42940
2009-03-12	3636	3626	3646	3621	3644	3639	3	1268	42128
2009-03-13	3639	3649	3658	3642	3646	3649	10	842	41802
2009-03-16	3649	3636	3666	3635	3666	3661	12	1446	40860
2009-03-17	3661	3678	3678	3660	3666	3666	5	2342	39976
2009-03-18	3666	3663	3675	3653	3660	3663	-3	904	39432
2009-03-19	3663	3666	3687	3651	3660	3663	0	2524	37690
2009-03-20	3663	3672	3673	3658	3669	3666	3	1196	37014
2009-03-23	3666	3699	3717	3678	3705	3697	31	4360	35494
2009-03-24	3697	3695	3695	3662	3676	3679	-18	1014	34872
2009-03-25	3679	3676	3691	3660	3679	3680	1	660	34672
2009-03-26	3680	3680	3685	3669	3676	3673	-7	526	34386
2009-03-27	3673	3679	3695	3679	3685	3686	13	582	34224
2009-03-30	3686	3620	3677	3620	3667	3658	-28	1960	34274
2009-03-31	3658	3655	3685	3655	3680	3677	19	17286	17648
2009-04-01	3677	3620	3710	3620	3694	3697	20	4662	14912
2009-04-02	3697	3699	3700	3690	3697	3695	-2	848	14660
2009-04-03	3695	3708	3708	3686	3691	3697	2	888	14326
2009-04-07	3697	3710	3710	3686	3690	3691	-6	4504	11078
2009-04-08	3691	3679	3690	3663	3671	3677	-14	1184	10582
2009-04-09	3677	3684	3692	3660	3664	3676	-1	782	10658
2009-04-10	3676	3665	3670	3632	3650	3653	-23	1466	10844
2009-04-13	3653	3645	3660	3631	3650	3650	-3	1546	10644
2009-04-14	3650	3659	3660	3640	3645	3652	2	1992	10406
2009-04-15	3652	3650	3652	3640	3652	3646	-6	970	9838
2009-04-16	3646	3650	3660	3640	3645	3650	4	444	9656
2009-04-17	3650	3658	3660	3614	3620	3629	-21	704	9462
2009-04-20	3629	3585	3620	3520	3547	3568	-61	1272	8682
2009-04-21	3568	3539	3539	3500	3501	3515	-53	1088	8318
2009-04-22	3515	3532	3532	3487	3492	3504	-11	608	8046
2009-04-23	3504	3482	3504	3476	3476	3486	-18	416	7710
2009-04-24	3486	3461	3484	3461	3484	3472	-14	1034	6942
2009-04-27	3472	3463	3470	3299	3370	3358	-114	3402	6470
2009-04-28	3358	3396	3408	3368	3400	3396	38	92	6394
2009-04-29	3396	3232	3399	3232	3375	3358	-38	2004	6496
2009-04-30	3358	3406	3520	3390	3499	3420	62	648	6314
2009-05-04	3420	3499	3529	3490	3500	3501	81	2966	4762
2009-05-05	3501	3516	3540	3516	3540	3519	18	128	3500
2009-05-06	3519	3450	3560	3450	3558	3534	15	248	3280
2009-05-07	3534	3570	3570	3570	3570	3570	36	6	2718
2009-05-08	3570	-	-	-	3570	3570	0	0	1560
2009-05-11	3570	-	-	-	3570	3570	0	0	1560
2009-05-12	3570	3586	3586	3586	3586	3586	16	2	1274
2009-05-13	3586	3586	3586	3560	3560	3582	-4	46	1270
2009-05-14	3582	3558	3559	3558	3559	3558	-24	40	1270
2009-05-15	3558	3586	3586	3580	3580	3507	-51	36	0
