2008-01-02	4590	4591	4640	4529	4530	4534	-56	21896	8602
2008-01-03	4534	4500	4600	4500	4560	4584	50	696	7728
2008-01-04	4584	4550	4550	4550	4550	4550	-34	2	7262
2008-01-07	4550	-	-	-	4550	4550	0	0	6718
2008-01-08	4550	4550	4580	4550	4580	4555	5	256	6660
2008-01-09	4555	4500	4560	4500	4551	4505	-50	2314	4424
2008-01-10	4505	4606	4606	4550	4550	4578	73	4	4424
2008-01-11	4578	4580	4599	4580	4599	4580	2	258	4424
2008-01-14	4580	4700	4700	4695	4695	4696	116	62	4384
2008-01-15	4696	4571	4620	4571	4620	4534	-162	54	0
