2008-01-02	4231	4238	4238	4203	4225	4211	-20	130	922
2008-01-03	4211	4236	4379	4235	4379	4351	140	680	1298
2008-01-04	4351	4351	4469	4351	4420	4438	87	582	1216
2008-01-07	4438	4381	4422	4374	4378	4389	-49	512	1030
2008-01-08	4389	4385	4394	4318	4318	4365	-24	110	1046
2008-01-09	4365	4385	4385	4315	4340	4344	-21	170	1060
2008-01-10	4344	4266	4330	4265	4311	4317	-27	200	1130
2008-01-11	4317	4340	4392	4333	4385	4361	44	258	1144
2008-01-14	4361	4432	4465	4423	4445	4450	89	330	1104
2008-01-15	4450	4404	4490	4404	4432	4457	7	454	1016
2008-01-16	4457	4460	4460	4391	4395	4412	-45	148	918
2008-01-17	4412	4429	4435	4406	4424	4426	14	84	866
2008-01-18	4426	4383	4383	4260	4306	4326	-100	292	990
2008-01-21	4326	4300	4360	4300	4352	4344	18	146	896
2008-01-22	4344	4200	4289	4171	4195	4214	-130	210	876
2008-01-23	4214	4231	4304	4190	4228	4238	24	428	870
2008-01-24	4238	4139	4188	4112	4177	4147	-91	294	918
2008-01-25	4147	4250	4256	4231	4256	4243	96	146	890
2008-01-28	4243	4243	4255	4211	4225	4241	-2	158	800
2008-01-29	4241	4270	4275	4261	4272	4270	29	54	780
2008-01-30	4270	4267	4273	4251	4251	4259	-11	62	778
2008-01-31	4259	4240	4249	4233	4247	4241	-18	58	768
2008-02-01	4241	4300	4327	4296	4296	4310	69	208	684
2008-02-04	4310	4310	4345	4309	4345	4333	23	90	656
2008-02-05	4333	4370	4389	4366	4383	4381	48	156	668
2008-02-13	4381	4304	4362	4304	4362	4358	-23	52	666
2008-02-14	4358	4399	4419	4380	4410	4405	47	202	746
2008-02-15	4405	4436	4547	4436	4462	4488	83	262	862
2008-02-18	4488	4544	4574	4495	4548	4517	29	272	832
2008-02-19	4517	4546	4580	4531	4580	4560	43	124	826
2008-02-20	4560	4581	4581	4508	4515	4532	-28	202	784
2008-02-21	4532	4550	4619	4550	4615	4585	53	178	686
2008-02-22	4585	4629	4754	4587	4635	4619	34	1232	1510
2008-02-25	4619	4699	4788	4699	4782	4758	139	468	1470
2008-02-26	4758	4781	4820	4651	4696	4736	-22	882	1436
2008-02-27	4736	4766	4787	4731	4755	4765	29	212	1428
2008-02-28	4765	4721	4776	4721	4776	4742	-23	392	1266
2008-02-29	4742	4780	4840	4780	4840	4822	80	304	1382
2008-03-03	4822	4868	5014	4868	5014	4977	155	1046	1140
2008-03-04	4977	4890	5132	4850	4904	4960	-17	362	1100
2008-03-05	4960	4800	4820	4762	4820	4803	-157	322	1140
2008-03-06	4803	4899	4900	4752	4790	4821	18	290	1060
2008-03-07	4821	4697	4720	4635	4680	4679	-142	1006	1012
2008-03-10	4679	4545	4545	4492	4492	4500	-179	412	974
2008-03-11	4500	4619	4675	4582	4674	4647	147	216	906
2008-03-12	4647	4747	4751	4498	4541	4596	-51	336	864
2008-03-13	4596	4550	4640	4510	4640	4589	-7	194	844
2008-03-14	4589	4629	4661	4608	4661	4641	52	244	714
2008-03-17	4641	4545	4550	4489	4502	4527	-114	244	534
2008-03-18	4527	4422	4422	4346	4346	4363	-164	12	532
2008-03-19	4363	4401	4482	4205	4374	4346	-17	164	508
2008-03-20	4346	4173	4323	4173	4216	4199	-147	98	474
2008-03-21	4199	4249	4255	4167	4189	4213	14	144	486
2008-03-24	4213	4307	4307	4202	4265	4261	48	56	474
2008-03-25	4261	4432	4432	4322	4427	4395	134	130	464
2008-03-26	4395	4465	4488	4441	4441	4459	64	206	412
2008-03-27	4459	4388	4406	4346	4351	4383	-76	74	390
2008-03-28	4383	4355	4389	4246	4283	4283	-100	172	372
2008-03-31	4283	4200	4247	4182	4247	4209	-74	162	398
2008-04-01	4209	3999	3999	3999	3999	3999	-210	46	370
2008-04-02	3999	4126	4166	4001	4047	4050	51	152	386
2008-04-03	4050	4199	4199	4016	4046	4062	12	38	386
2008-04-07	4062	4064	4170	4064	4156	4131	69	40	390
2008-04-08	4131	4158	4158	4112	4120	4132	1	64	400
2008-04-09	4132	4229	4229	4133	4175	4172	40	46	406
2008-04-10	4172	4252	4290	4216	4238	4245	73	80	414
2008-04-11	4245	4221	4230	4201	4208	4213	-32	110	408
2008-04-14	4213	4190	4323	4190	4315	4268	55	160	392
2008-04-15	4268	4370	4407	4336	4407	4368	100	80	392
2008-04-16	4368	4359	4370	4335	4370	4352	-16	54	398
2008-04-17	4352	4350	4396	4350	4394	4372	20	90	408
2008-04-18	4372	4390	4465	4380	4431	4435	63	158	378
2008-04-21	4435	4431	4488	4289	4305	4316	-119	820	724
2008-04-22	4316	4337	4350	4330	4345	4342	26	326	534
2008-04-23	4342	4400	4439	4398	4408	4408	66	144	446
2008-04-24	4408	4373	4389	4341	4356	4355	-53	174	532
2008-04-25	4355	4320	4333	4313	4330	4327	-28	194	430
2008-04-28	4327	4318	4336	4317	4321	4325	-2	84	488
2008-04-29	4325	4289	4289	4250	4251	4264	-61	72	514
2008-04-30	4264	4267	4296	4252	4280	4278	14	66	538
2008-05-05	4278	4279	4319	4279	4318	4304	26	128	542
2008-05-06	4304	4328	4384	4328	4372	4355	51	196	526
2008-05-07	4355	4373	4393	4341	4350	4367	12	152	546
2008-05-08	4367	4399	4427	4382	4416	4406	39	118	550
2008-05-09	4406	4410	4430	4391	4428	4410	4	82	530
2008-05-12	4410	4566	4630	4566	4630	4602	192	200	526
2008-05-13	4602	4638	4638	4597	4600	4613	11	124	522
2008-05-14	4613	4610	4625	4585	4606	4608	-5	212	586
2008-05-15	4608	4590	4600	4530	4540	4550	-58	158	580
2008-05-16	4550	4530	4558	4530	4545	4546	-4	70	578
2008-05-19	4546	4614	4614	4527	4540	4558	12	40	570
2008-05-20	4558	4530	4555	4480	4555	4514	-44	90	560
2008-05-21	4514	4547	4548	4497	4520	4525	11	38	560
2008-05-22	4525	4558	4599	4558	4586	4579	54	28	556
2008-05-23	4579	4478	4564	4476	4564	4524	-55	96	564
2008-05-26	4524	4629	4629	4592	4602	4602	78	132	610
2008-05-27	4602	4608	4629	4590	4610	4606	4	178	630
2008-05-28	4606	4556	4593	4556	4589	4577	-29	50	628
2008-05-29	4577	4593	4595	4508	4573	4573	-4	118	682
2008-05-30	4573	4510	4515	4460	4479	4481	-92	302	778
2008-06-02	4481	4505	4515	4494	4509	4505	24	76	738
2008-06-03	4505	4483	4513	4480	4513	4489	-16	216	850
2008-06-04	4489	4513	4519	4476	4485	4491	2	394	1080
2008-06-05	4491	4558	4558	4525	4539	4538	47	130	1120
2008-06-06	4538	4700	4700	4650	4678	4673	135	360	1142
2008-06-10	4673	4705	4796	4705	4785	4748	75	170	1148
2008-06-11	4748	4800	4827	4760	4815	4796	48	126	1156
2008-06-12	4796	4970	5033	4945	4990	4977	181	732	1306
2008-06-13	4977	5019	5019	4949	4970	4975	-2	240	1326
2008-06-16	4975	5030	5094	5028	5055	5052	77	82	1334
2008-06-17	5052	4987	5015	4987	5010	5005	-47	68	1292
2008-06-18	5005	5030	5077	5030	5045	5061	56	86	1304
2008-06-19	5061	5037	5037	4989	5009	5020	-41	76	1280
2008-06-20	5020	4960	4960	4905	4938	4934	-86	92	1254
2008-06-23	4934	4910	4910	4851	4877	4882	-52	70	1242
2008-06-24	4882	4890	4926	4883	4900	4897	15	50	1230
2008-06-25	4897	4899	4989	4899	4970	4931	34	58	1210
2008-06-26	4931	5050	5058	5015	5039	5033	102	62	1208
2008-06-27	5033	5116	5116	5068	5108	5087	54	58	1226
2008-06-30	5087	5082	5104	5080	5082	5087	0	22	1226
2008-07-01	5087	5100	5115	5090	5115	5108	21	80	1270
2008-07-02	5108	5115	5195	5115	5186	5176	68	104	1248
2008-07-03	5176	5120	5215	5036	5078	5085	-91	300	1308
2008-07-04	5085	5120	5185	5107	5176	5160	75	122	1264
2008-07-07	5160	5061	5138	5061	5123	5106	-54	232	1348
2008-07-08	5106	4999	5049	4945	4999	4998	-108	310	1388
2008-07-09	4998	5050	5079	5022	5060	5034	36	48	1384
2008-07-10	5034	5061	5081	5061	5070	5064	30	34	1378
2008-07-11	5064	5119	5170	5118	5160	5138	74	482	1480
2008-07-14	5138	5080	5135	5080	5108	5101	-37	114	1472
2008-07-15	5101	5105	5147	5082	5120	5113	12	516	1900
2008-07-16	5113	5120	5195	5098	5111	5142	29	508	2140
2008-07-17	5142	5148	5150	5021	5135	5122	-20	146	2120
2008-07-18	5122	5050	5099	5036	5044	5070	-52	442	2206
2008-07-21	5070	5000	5000	4818	4824	4881	-189	186	2210
2008-07-22	4881	4832	4839	4815	4836	4827	-54	58	2204
2008-07-23	4827	4773	4779	4700	4703	4718	-109	60	2192
2008-07-24	4718	4704	4740	4667	4725	4713	-5	20	2188
2008-07-25	4713	4709	4746	4696	4746	4720	7	38	2172
2008-07-28	4720	4746	4788	4746	4756	4774	54	86	2164
2008-07-29	4774	4807	4828	4652	4652	4700	-74	60	2154
2008-07-30	4700	4652	4680	4601	4651	4664	-36	52	2144
2008-07-31	4664	4666	4705	4666	4680	4687	23	62	2130
2008-08-01	4687	4621	4621	4540	4545	4568	-119	110	2142
2008-08-04	4568	4342	4440	4341	4377	4399	-169	1604	3368
2008-08-05	4399	4236	4265	4180	4180	4205	-194	620	3558
2008-08-06	4205	4176	4317	4176	4287	4283	78	420	3550
2008-08-07	4283	4255	4255	4163	4216	4214	-69	788	3474
2008-08-08	4214	4250	4250	4200	4212	4222	8	532	3140
2008-08-11	4222	4090	4130	4011	4014	4051	-171	840	3178
2008-08-12	4051	4085	4085	3956	4040	4038	-13	636	3206
2008-08-13	4038	4074	4220	4074	4181	4151	113	276	3194
2008-08-14	4151	4263	4305	4206	4245	4264	113	308	3046
2008-08-15	4264	4180	4190	4080	4090	4138	-126	236	2978
2008-08-18	4138	4230	4260	4201	4255	4239	101	352	2850
2008-08-19	4239	4239	4260	4200	4255	4236	-3	178	2850
2008-08-20	4236	4255	4380	4255	4350	4320	84	108	2774
2008-08-21	4320	4354	4360	4305	4316	4332	12	352	2534
2008-08-22	4332	4334	4380	4271	4279	4330	-2	908	2056
2008-08-25	4330	4330	4330	4295	4317	4311	-19	690	1430
2008-08-26	4311	4290	4310	4171	4210	4268	-43	174	1318
2008-08-27	4268	4347	4380	4293	4378	4337	69	134	1300
2008-08-28	4337	4296	4307	4277	4303	4295	-42	34	1290
2008-08-29	4295	4227	4336	4227	4314	4297	2	142	1278
2008-09-01	4297	4389	4389	4308	4350	4356	59	306	1350
2008-09-02	4356	4298	4298	4232	4248	4248	-108	188	1290
2008-09-03	4248	4247	4280	4223	4223	4250	2	172	1330
2008-09-04	4250	4227	4260	4177	4240	4233	-17	316	1284
2008-09-05	4233	4201	4229	4192	4219	4204	-29	66	1302
2008-09-08	4204	4289	4289	4177	4208	4209	5	196	1304
2008-09-09	4209	4192	4192	4099	4148	4153	-56	134	1296
2008-09-10	4153	4150	4178	4150	4155	4164	11	86	1308
2008-09-11	4164	4145	4145	4103	4103	4116	-48	110	1328
2008-09-12	4116	4175	4200	4122	4197	4171	55	130	1328
2008-09-16	4171	4150	4150	3980	4014	4043	-128	264	1306
2008-09-17	4043	4002	4028	3950	4000	3993	-50	160	1312
2008-09-18	3993	4000	4015	3917	3950	3965	-28	152	1310
2008-09-19	3965	3905	3945	3905	3930	3927	-38	56	1332
2008-09-22	3927	4119	4123	4033	4123	4060	133	412	1312
2008-09-23	4060	4150	4150	4082	4082	4136	76	418	1432
2008-09-24	4136	4060	4097	4055	4077	4070	-66	248	1510
2008-09-25	4070	4056	4100	4020	4098	4069	-1	300	1312
2008-09-26	4069	4098	4113	4082	4082	4098	29	142	1344
2008-10-06	4098	3894	3894	3894	3894	3894	-204	4	1340
2008-10-07	3894	3700	3700	3700	3700	3700	-194	18	1338
2008-10-08	3700	3688	3688	3515	3515	3585	-115	754	1180
2008-10-09	3585	3515	3580	3515	3569	3518	-67	222	968
2008-10-10	3518	3400	3412	3350	3371	3379	-139	142	1010
2008-10-13	3379	3259	3500	3259	3489	3448	69	582	1394
2008-10-14	3448	3620	3620	3460	3481	3476	28	450	1000
2008-10-15	3476	3320	3389	3320	3360	3363	-113	26	982
2008-10-16	3363	3290	3338	3258	3258	3287	-76	114	1006
2008-10-17	3287	3445	3451	3333	3450	3419	132	130	1006
2008-10-20	3419	3450	3450	3450	3450	3450	31	2	1006
2008-10-21	3450	3622	3622	3580	3622	3620	170	102	996
2008-10-22	3620	3697	3697	3586	3648	3666	46	390	882
2008-10-23	3666	3530	3600	3530	3600	3567	-99	46	884
2008-10-24	3567	3621	3740	3620	3740	3636	69	32	862
2008-10-27	3636	3700	3805	3600	3600	3699	63	118	846
2008-10-28	3699	3689	3689	3688	3689	3688	-11	12	846
2008-10-29	3688	3780	3800	3780	3800	3790	102	18	856
2008-10-30	3790	3900	3900	3898	3900	3898	108	16	846
2008-10-31	3898	-	-	-	3898	3898	0	0	846
2008-11-03	3898	3950	3950	3950	3950	3950	52	20	580
2008-11-04	3950	3780	3780	3780	3780	3780	-170	6	580
2008-11-05	3780	-	-	-	3780	3780	0	0	518
2008-11-06	3780	-	-	-	3780	3780	0	0	518
2008-11-07	3780	-	-	-	3780	3780	0	0	518
2008-11-10	3780	-	-	-	3780	3780	0	0	432
2008-11-11	3780	3750	3750	3750	3750	3750	-30	14	432
2008-11-12	3750	-	-	-	3750	3750	0	0	420
2008-11-13	3750	-	-	-	3750	3750	0	0	420
2008-11-14	3750	3710	3710	3710	3710	3817	67	14	0
