2010-11-15	4649	4671	4822	4620	4670	4674	25	26	18
2010-11-16	4674	4649	4649	4490	4499	4537	-137	124	136
2010-11-17	4537	4360	4382	4356	4356	4357	-180	198	254
2010-11-18	4357	4370	4436	4303	4361	4373	16	216	258
2010-11-19	4373	4455	4455	4351	4399	4396	23	190	336
2010-11-22	4396	4320	4399	4320	4370	4370	-26	142	356
2010-11-23	4370	4397	4498	4366	4414	4427	57	304	454
2010-11-24	4427	4478	4487	4430	4470	4465	38	118	476
2010-11-25	4465	4486	4517	4458	4458	4484	19	352	602
2010-11-26	4484	4478	4478	4381	4399	4409	-75	260	544
2010-11-29	4409	4361	4419	4360	4406	4383	-26	86	574
2010-11-30	4383	4372	4397	4351	4385	4369	-14	106	574
2010-12-01	4369	4420	4420	4361	4401	4402	33	174	628
2010-12-02	4402	4436	4485	4436	4472	4464	62	282	654
2010-12-03	4464	4478	4503	4473	4482	4483	19	60	670
2010-12-06	4483	4499	4525	4481	4490	4499	16	74	658
2010-12-07	4499	4470	4573	4464	4480	4500	1	22	662
2010-12-08	4500	4432	4466	4420	4420	4443	-57	138	696
2010-12-09	4443	4457	4463	4425	4437	4448	5	42	676
2010-12-10	4448	4437	4494	4415	4434	4429	-19	74	690
2010-12-13	4429	4443	4494	4440	4485	4472	43	110	670
2010-12-14	4472	4491	4510	4483	4504	4498	26	116	642
2010-12-15	4498	4488	4551	4488	4496	4517	19	138	642
2010-12-16	4517	4518	4527	4515	4525	4524	7	72	648
2010-12-17	4524	4525	4567	4505	4515	4528	4	148	654
2010-12-20	4528	4568	4568	4522	4527	4531	3	296	600
2010-12-21	4531	4550	4561	4533	4561	4546	15	264	398
2010-12-22	4546	4552	4563	4520	4520	4539	-7	42	392
2010-12-23	4539	4549	4595	4541	4595	4575	36	74	390
2010-12-24	4575	4606	4680	4603	4656	4640	65	80	370
2010-12-27	4640	4660	4668	4628	4636	4654	14	188	408
2010-12-28	4654	4669	4703	4660	4670	4680	26	36	424
2010-12-29	4680	4632	4648	4585	4600	4600	-80	64	452
2010-12-30	4600	4590	4613	4585	4611	4597	-3	70	466
2010-12-31	4597	4600	4638	4600	4628	4619	22	48	460
2011-01-04	4619	4599	4648	4598	4634	4627	8	20	458
2011-01-05	4627	4634	4634	4578	4591	4597	-30	56	450
2011-01-06	4597	4667	4667	4621	4645	4650	53	54	444
2011-01-07	4650	4614	4629	4551	4578	4605	-45	132	524
2011-01-10	4605	4590	4598	4555	4573	4584	-21	80	550
2011-01-11	4584	4600	4600	4575	4577	4582	-2	82	572
2011-01-12	4582	4577	4587	4560	4567	4572	-10	90	606
2011-01-13	4572	4651	4659	4619	4619	4639	67	158	594
2011-01-14	4639	4628	4665	4622	4640	4636	-3	100	626
2011-01-17	4636	4657	4676	4641	4655	4657	21	82	642
2011-01-18	4657	4655	4703	4650	4703	4683	26	414	706
2011-01-19	4683	4702	4726	4694	4714	4713	30	114	724
2011-01-20	4713	4697	4698	4675	4682	4684	-29	122	764
2011-01-21	4684	4682	4682	4642	4665	4663	-21	162	768
2011-01-24	4663	4697	4722	4670	4680	4703	40	244	828
2011-01-25	4703	4670	4680	4638	4638	4652	-51	148	850
2011-01-26	4652	4606	4606	4540	4567	4557	-95	370	928
2011-01-27	4557	4588	4600	4555	4565	4569	12	158	956
2011-01-28	4569	4554	4578	4554	4558	4568	-1	170	1036
2011-01-31	4568	4569	4606	4569	4599	4594	26	96	1052
2011-02-01	4594	4601	4627	4601	4627	4610	16	70	1026
2011-02-09	4610	4667	4705	4667	4705	4690	80	82	1024
2011-02-10	4690	4720	4778	4720	4742	4751	61	306	982
2011-02-11	4751	4731	4787	4730	4765	4765	14	150	944
2011-02-14	4765	4776	4799	4775	4787	4783	18	322	926
2011-02-15	4783	4744	4773	4730	4742	4754	-29	150	932
2011-02-16	4754	4699	4722	4682	4720	4705	-49	106	918
2011-02-17	4705	4731	4736	4675	4675	4707	2	674	976
2011-02-18	4707	4713	4715	4688	4688	4703	-4	74	982
2011-02-21	4703	4646	4676	4645	4648	4665	-38	1014	1442
2011-02-22	4665	4675	4691	4601	4658	4659	-6	1212	2274
2011-02-23	4659	4540	4543	4500	4500	4544	-115	2348	3448
2011-02-24	4544	4500	4527	4450	4454	4493	-51	1984	3818
2011-02-25	4493	4468	4499	4468	4498	4483	-10	676	3942
2011-02-28	4483	4525	4532	4508	4517	4514	31	1448	4362
2011-03-01	4514	4526	4527	4510	4525	4516	2	520	4376
2011-03-02	4516	4518	4640	4509	4630	4601	85	1242	4586
2011-03-03	4601	4626	4640	4585	4590	4610	9	2480	5808
2011-03-04	4610	4610	4666	4600	4616	4617	7	1222	6438
2011-03-07	4617	4610	4610	4581	4602	4596	-21	622	6426
2011-03-08	4596	4590	4590	4520	4551	4545	-51	2632	8066
2011-03-09	4545	4545	4559	4502	4509	4521	-24	5930	10492
2011-03-10	4521	4498	4498	4463	4477	4485	-36	1498	11130
2011-03-11	4485	4485	4497	4458	4466	4479	-6	2638	12610
2011-03-14	4479	4460	4501	4436	4453	4456	-23	2294	13348
2011-03-15	4456	4460	4530	4449	4528	4498	42	6106	15778
2011-03-16	4498	4460	4498	4448	4488	4474	-24	5054	18024
2011-03-17	4474	4486	4521	4464	4515	4502	28	3852	17930
2011-03-18	4502	4530	4543	4515	4525	4522	20	4046	19238
2011-03-21	4522	4528	4563	4510	4550	4535	13	6428	22388
2011-03-22	4535	4541	4570	4537	4563	4556	21	4358	23694
2011-03-23	4556	4560	4622	4559	4621	4604	48	9518	28768
2011-03-24	4604	4628	4628	4589	4606	4605	1	7120	31398
2011-03-25	4605	4666	4704	4611	4690	4674	69	12468	38054
2011-03-28	4674	4682	4728	4661	4711	4699	25	31994	55370
2011-03-29	4699	4691	4725	4681	4720	4705	6	16458	61446
2011-03-30	4705	4730	4737	4675	4691	4699	-6	20430	68484
2011-03-31	4699	4690	4710	4660	4681	4685	-14	9358	68564
2011-04-01	4685	4718	4720	4659	4705	4706	21	10858	69400
2011-04-06	4706	4690	4745	4686	4740	4709	3	19408	74286
2011-04-07	4709	4735	4742	4724	4728	4733	24	9316	75678
2011-04-08	4733	4721	4742	4701	4741	4719	-14	23566	82822
2011-04-11	4719	4770	4828	4760	4769	4784	65	41384	103618
2011-04-12	4784	4730	4748	4696	4698	4725	-59	30270	113688
2011-04-13	4725	4667	4697	4667	4696	4683	-42	27868	117690
2011-04-14	4683	4681	4683	4629	4630	4660	-23	22242	122696
2011-04-15	4660	4660	4660	4622	4629	4646	-14	15738	124964
2011-04-18	4646	4623	4662	4607	4655	4644	-2	10480	126064
2011-04-19	4644	4660	4665	4635	4636	4646	2	14576	128490
2011-04-20	4646	4667	4667	4652	4664	4659	13	18714	133664
2011-04-21	4659	4666	4667	4647	4651	4655	-4	9416	133548
2011-04-22	4655	4665	4678	4648	4669	4665	10	17672	136092
2011-04-25	4665	4676	4682	4642	4647	4655	-10	12894	137054
2011-04-26	4655	4635	4640	4615	4621	4628	-27	16068	135132
2011-04-27	4628	4639	4645	4613	4620	4630	2	9414	133496
2011-04-28	4630	4635	4656	4629	4649	4644	14	7446	133842
2011-04-29	4644	4616	4623	4555	4560	4576	-68	19738	136704
2011-05-03	4576	4601	4601	4566	4572	4572	-4	12640	140928
2011-05-04	4572	4547	4557	4519	4526	4538	-34	19430	138116
2011-05-05	4538	4521	4547	4498	4529	4531	-7	15942	137934
2011-05-06	4531	4476	4485	4449	4452	4466	-65	28556	139424
2011-05-09	4466	4475	4481	4457	4481	4470	4	9984	139788
2011-05-10	4470	4480	4506	4475	4505	4492	22	11328	140052
2011-05-11	4492	4499	4523	4495	4496	4506	14	14242	143218
2011-05-12	4506	4484	4521	4456	4464	4496	-10	27290	140862
2011-05-13	4496	4499	4514	4483	4511	4497	1	14320	139286
2011-05-16	4497	4493	4503	4486	4490	4492	-5	6804	139102
2011-05-17	4492	4483	4488	4427	4453	4452	-40	17442	144226
2011-05-18	4452	4479	4483	4455	4458	4469	17	20416	147710
2011-05-19	4469	4500	4500	4474	4474	4487	18	12546	148712
2011-05-20	4487	4486	4502	4478	4501	4492	5	10704	149648
2011-05-23	4492	4512	4538	4500	4503	4520	28	21316	151010
2011-05-24	4520	4512	4542	4504	4541	4522	2	23528	150514
2011-05-25	4522	4535	4545	4521	4525	4531	9	19224	155702
2011-05-26	4531	4535	4559	4535	4555	4548	17	14828	157442
2011-05-27	4548	4568	4568	4540	4550	4551	3	15092	158106
2011-05-30	4551	4545	4563	4538	4554	4551	0	21424	160316
2011-05-31	4551	4560	4564	4540	4547	4550	-1	12114	161272
2011-06-01	4550	4556	4556	4540	4542	4548	-2	8782	161790
2011-06-02	4548	4548	4565	4542	4564	4551	3	26054	168152
2011-06-03	4551	4580	4614	4576	4613	4591	40	31024	173978
2011-06-07	4591	4583	4587	4567	4575	4574	-17	27032	174568
2011-06-08	4574	4588	4588	4561	4566	4572	-2	23314	175052
2011-06-09	4572	4582	4587	4567	4570	4578	6	17166	176224
2011-06-10	4578	4569	4578	4552	4557	4566	-12	18552	171938
2011-06-13	4566	4552	4572	4552	4569	4564	-2	13036	173492
2011-06-14	4564	4562	4573	4561	4564	4566	2	9974	172276
2011-06-15	4566	4558	4570	4554	4565	4562	-4	9794	173752
2011-06-16	4562	4562	4567	4529	4534	4549	-13	13188	173264
2011-06-17	4549	4525	4531	4495	4502	4508	-41	21350	173514
2011-06-20	4508	4488	4500	4485	4486	4491	-17	9866	172644
2011-06-21	4491	4500	4518	4495	4516	4506	15	8690	172894
2011-06-22	4506	4519	4521	4506	4510	4512	6	6100	172720
2011-06-23	4512	4498	4498	4475	4489	4486	-26	13402	172162
2011-06-24	4486	4478	4516	4476	4507	4495	9	14988	176364
2011-06-27	4495	4490	4512	4475	4482	4490	-5	32156	183356
2011-06-28	4490	4500	4517	4497	4506	4507	17	18914	185220
2011-06-29	4507	4520	4523	4513	4516	4518	11	11696	184714
2011-06-30	4518	4518	4535	4513	4535	4526	8	18202	184854
2011-07-01	4526	4515	4516	4492	4505	4504	-22	32560	190066
2011-07-04	4504	4514	4535	4510	4532	4526	22	29128	186498
2011-07-05	4526	4533	4568	4533	4539	4549	23	59104	206890
2011-07-06	4549	4541	4565	4527	4531	4541	-8	64324	227284
2011-07-07	4541	4529	4552	4528	4548	4540	-1	35238	229360
2011-07-08	4540	4574	4592	4567	4588	4579	39	59822	239744
2011-07-11	4579	4589	4602	4584	4596	4594	15	55198	243102
2011-07-12	4594	4591	4593	4568	4577	4577	-17	49536	245876
2011-07-13	4577	4603	4644	4600	4638	4623	46	94802	244294
2011-07-14	4623	4658	4676	4651	4670	4664	41	78032	239910
2011-07-15	4664	4621	4669	4621	4660	4661	-3	65242	235152
2011-07-18	4661	4660	4678	4638	4640	4664	3	83280	239280
2011-07-19	4664	4646	4655	4622	4650	4640	-24	65124	233342
2011-07-20	4640	4651	4660	4633	4652	4648	8	88032	216838
2011-07-21	4648	4646	4675	4640	4659	4660	12	100770	211636
2011-07-22	4660	4662	4668	4655	4660	4660	0	34476	211630
2011-07-25	4660	4638	4646	4607	4611	4626	-34	66186	203190
2011-07-26	4626	4607	4634	4607	4634	4624	-2	37976	206934
2011-07-27	4624	4648	4682	4641	4669	4667	43	72766	212950
2011-07-28	4667	4647	4658	4642	4646	4650	-17	33548	208982
2011-07-29	4650	4638	4670	4631	4635	4652	2	87904	206776
2011-08-01	4652	4632	4712	4632	4706	4678	26	140534	240872
2011-08-02	4678	4701	4725	4683	4703	4703	25	241146	259328
2011-08-03	4703	4729	4745	4705	4707	4724	21	200582	272022
2011-08-04	4724	4690	4716	4656	4659	4688	-36	279316	280034
2011-08-05	4688	4601	4602	4472	4562	4554	-134	288654	222988
2011-08-08	4554	4480	4575	4480	4532	4541	-13	176198	240450
2011-08-09	4541	4468	4498	4428	4485	4461	-80	236700	256344
2011-08-10	4461	4511	4529	4504	4517	4517	56	127178	255420
2011-08-11	4517	4510	4561	4490	4555	4529	12	179968	267292
2011-08-12	4529	4597	4598	4556	4558	4575	46	136690	269000
2011-08-15	4575	4584	4642	4580	4620	4620	45	294026	319206
2011-08-16	4620	4630	4630	4575	4578	4604	-16	197484	304878
2011-08-17	4604	4599	4615	4590	4606	4604	0	155702	312668
2011-08-18	4604	4624	4625	4598	4602	4611	7	116696	317834
2011-08-19	4611	4572	4597	4563	4585	4581	-30	155022	306516
2011-08-22	4581	4600	4629	4600	4602	4615	34	276608	328514
2011-08-23	4615	4631	4650	4625	4649	4638	23	214084	344150
2011-08-24	4638	4646	4653	4631	4636	4638	0	140196	332516
2011-08-25	4638	4632	4632	4611	4623	4620	-18	126946	324994
2011-08-26	4620	4635	4640	4606	4613	4620	0	126976	319578
2011-08-29	4620	4680	4761	4668	4747	4716	96	557444	442772
2011-08-30	4716	4748	4770	4719	4732	4746	30	625266	496698
2011-08-31	4746	4740	4767	4736	4748	4753	7	455168	454794
2011-09-01	4753	4750	4768	4728	4735	4747	-6	331396	445016
2011-09-02	4747	4726	4750	4720	4743	4737	-10	232882	431092
2011-09-05	4737	4742	4828	4720	4726	4772	35	1104936	483762
2011-09-06	4772	4718	4727	4671	4712	4698	-74	538862	443596
2011-09-07	4698	4725	4767	4718	4762	4736	38	343058	463208
2011-09-08	4736	4750	4755	4721	4737	4738	2	351744	474892
2011-09-09	4738	4733	4770	4729	4769	4750	12	465906	524796
2011-09-13	4750	4700	4714	4655	4665	4677	-73	494558	471920
2011-09-14	4677	4676	4687	4615	4620	4647	-30	420442	443922
2011-09-15	4647	4633	4641	4606	4624	4628	-19	246288	430004
2011-09-16	4628	4594	4622	4580	4620	4600	-28	299914	441270
2011-09-19	4600	4600	4603	4539	4542	4569	-31	261558	428936
2011-09-20	4569	4560	4580	4542	4567	4569	0	222402	436170
2011-09-21	4569	4550	4580	4522	4565	4556	-13	265022	440348
2011-09-22	4556	4499	4522	4458	4488	4499	-57	342774	425102
2011-09-23	4499	4431	4465	4277	4340	4376	-123	556602	392344
2011-09-26	4376	4321	4356	4203	4219	4295	-81	417808	353990
2011-09-27	4295	4299	4348	4282	4333	4315	20	287028	341242
2011-09-28	4315	4281	4299	4258	4280	4278	-37	220922	327402
2011-09-29	4278	4151	4232	4134	4209	4185	-93	286494	316172
2011-09-30	4185	4248	4285	4230	4279	4262	77	163582	313510
2011-10-10	4262	4200	4295	4189	4241	4248	-14	316468	345812
2011-10-11	4248	4253	4293	4235	4244	4268	20	339850	360860
2011-10-12	4268	4317	4341	4285	4330	4317	49	409674	360480
2011-10-13	4317	4330	4355	4324	4351	4338	21	227232	359590
2011-10-14	4338	4376	4376	4354	4360	4363	25	190330	341562
2011-10-17	4363	4375	4376	4331	4333	4348	-15	200620	338370
2011-10-18	4348	4320	4320	4242	4256	4278	-70	171358	326082
2011-10-19	4278	4280	4315	4260	4282	4289	11	157462	318826
2011-10-20	4289	4220	4222	4161	4212	4198	-91	302140	295674
2011-10-21	4198	4242	4259	4216	4258	4249	51	146764	288914
2011-10-24	4249	4288	4347	4228	4318	4285	36	219120	286072
2011-10-25	4285	4318	4345	4299	4323	4323	38	166060	294100
2011-10-26	4323	4307	4333	4292	4315	4315	-8	121550	280094
2011-10-27	4315	4300	4354	4299	4346	4333	18	149546	267646
2011-10-28	4333	4372	4378	4328	4329	4352	19	89906	267476
2011-10-31	4352	4302	4325	4267	4280	4294	-58	73538	262598
2011-11-01	4294	4295	4317	4282	4291	4301	7	75006	254070
2011-11-02	4301	4275	4333	4267	4328	4298	-3	52978	245402
2011-11-03	4298	4296	4327	4293	4297	4306	8	46288	241666
2011-11-04	4306	4325	4346	4321	4328	4331	25	47698	238000
2011-11-07	4331	4343	4343	4285	4289	4301	-30	33638	235182
2011-11-08	4301	4289	4297	4264	4274	4276	-25	28830	234118
2011-11-09	4276	4288	4295	4261	4268	4273	-3	41432	229288
2011-11-10	4273	4230	4230	4181	4200	4204	-69	43996	225976
2011-11-11	4204	4195	4225	4195	4215	4213	9	26436	222250
2011-11-14	4213	4233	4263	4227	4257	4244	31	28096	217738
2011-11-15	4244	4244	4278	4227	4270	4260	16	40000	198622
2011-11-16	4260	4285	4287	4239	4249	4257	-3	20972	196164
2011-11-17	4257	4244	4279	4225	4267	4260	3	20842	191528
2011-11-18	4260	4245	4256	4217	4256	4243	-17	19050	186394
2011-11-21	4243	4242	4283	4236	4269	4266	23	25718	177720
2011-11-22	4266	4230	4274	4230	4257	4260	-6	39036	166234
2011-11-23	4260	4262	4271	4225	4230	4242	-18	46914	154932
2011-11-24	4242	4202	4239	4186	4214	4210	-32	36900	146388
2011-11-25	4210	4200	4219	4176	4180	4193	-17	23528	144142
2011-11-28	4193	4210	4216	4190	4197	4200	7	11888	142128
2011-11-29	4200	4208	4228	4196	4224	4215	15	16346	141076
2011-11-30	4215	4229	4230	4189	4194	4205	-10	10340	140916
2011-12-01	4205	4229	4341	4229	4256	4256	51	22466	134738
2011-12-02	4256	4245	4257	4240	4250	4249	-7	7520	133320
2011-12-05	4249	4260	4265	4250	4260	4255	6	16172	124214
2011-12-06	4255	4251	4251	4236	4247	4243	-12	4254	123430
2011-12-07	4243	4259	4265	4250	4258	4255	12	5446	121438
2011-12-08	4255	4250	4250	4231	4241	4238	-17	8824	120470
2011-12-09	4238	4238	4248	4225	4239	4241	3	4136	119976
2011-12-12	4241	4300	4300	4217	4218	4227	-14	6154	119796
2011-12-13	4227	4229	4245	4222	4237	4237	10	5148	118210
2011-12-14	4237	4242	4260	4236	4255	4247	10	13546	111206
2011-12-15	4247	4249	4282	4231	4270	4261	14	28430	96256
2011-12-16	4261	4273	4285	4267	4281	4275	14	9878	90822
2011-12-19	4275	4299	4299	4268	4285	4286	11	20220	75838
2011-12-20	4286	4286	4289	4262	4267	4271	-15	5266	75606
2011-12-21	4271	4275	4280	4258	4259	4269	-2	3216	74782
2011-12-22	4269	4270	4275	4253	4265	4263	-6	4386	74146
2011-12-23	4263	4268	4275	4265	4268	4268	5	3322	72374
2011-12-26	4268	4267	4287	4262	4274	4277	9	6008	70072
2011-12-27	4277	4268	4288	4266	4266	4278	1	4558	69320
2011-12-28	4278	4299	4303	4288	4296	4294	16	6436	66704
2011-12-29	4294	4294	4309	4285	4300	4298	4	11414	61488
2011-12-30	4298	4298	4309	4288	4291	4299	1	7788	57372
2012-01-04	4299	4310	4318	4307	4310	4312	13	4302	55936
2012-01-05	4312	4312	4326	4300	4312	4317	5	8510	49460
2012-01-06	4317	4299	4305	4292	4297	4296	-21	2106	48450
2012-01-09	4296	4299	4299	4289	4294	4292	-4	3880	45756
2012-01-10	4292	4311	4318	4307	4312	4311	19	5214	42988
2012-01-11	4311	4312	4312	4297	4301	4302	-9	2768	41576
2012-01-12	4302	4288	4288	4278	4280	4280	-22	2934	40578
2012-01-13	4280	4267	4270	4240	4241	4251	-29	4644	39112
2012-01-16	4251	4220	4220	4197	4210	4208	-43	4732	38846
2012-01-17	4208	4216	4236	4209	4233	4221	13	3378	37748
2012-01-18	4221	4230	4238	4220	4223	4228	7	2400	36694
2012-01-19	4228	4232	4240	4229	4240	4235	7	3056	34580
2012-01-20	4235	4248	4277	4245	4274	4259	24	3340	32720
2012-01-30	4259	4280	4280	4259	4260	4269	10	1682	32216
2012-01-31	4269	4237	4261	4237	4260	4251	-18	1648	31496
2012-02-01	4251	4261	4311	4261	4284	4293	42	16726	23748
2012-02-02	4293	4293	4299	4277	4287	4290	-3	4130	23702
2012-02-03	4290	4299	4303	4268	4274	4283	-7	1690	23540
2012-02-06	4283	4289	4299	4285	4296	4291	8	3814	23596
2012-02-07	4291	4296	4306	4281	4289	4294	3	3894	21828
2012-02-08	4294	4294	4302	4280	4300	4293	-1	1684	21288
2012-02-09	4293	4297	4304	4285	4289	4295	2	1128	20872
2012-02-10	4295	4300	4300	4271	4272	4279	-16	3440	19430
2012-02-13	4279	4286	4307	4285	4300	4296	17	2346	18494
2012-02-14	4296	4310	4317	4294	4296	4305	9	1776	18036
2012-02-15	4305	4297	4305	4287	4294	4293	-12	1052	17398
2012-02-16	4293	4298	4298	4274	4283	4283	-10	1372	17172
2012-02-17	4283	4283	4300	4283	4296	4296	13	904	16872
2012-02-20	4296	4307	4310	4297	4299	4301	5	1812	17468
2012-02-21	4301	4296	4320	4294	4312	4310	9	3264	17474
2012-02-22	4310	4311	4316	4300	4303	4307	-3	1146	16756
2012-02-23	4307	4300	4320	4295	4308	4304	-3	1004	16662
2012-02-24	4304	4309	4313	4306	4310	4311	7	976	16580
2012-02-27	4311	4330	4330	4306	4315	4319	8	1356	16454
2012-02-28	4319	4323	4330	4322	4329	4327	8	1018	16658
2012-02-29	4327	4332	4334	4320	4321	4325	-2	562	16608
2012-03-01	4325	4318	4326	4300	4300	4312	-13	952	16120
2012-03-02	4312	4315	4319	4306	4314	4314	2	512	15998
2012-03-05	4314	4327	4334	4315	4331	4328	14	3918	17182
2012-03-06	4328	4336	4336	4317	4330	4332	4	5420	20376
2012-03-07	4332	4329	4337	4316	4323	4330	-2	842	20264
2012-03-08	4330	4323	4330	4322	4323	4326	-4	268	20112
2012-03-09	4326	4335	4368	4332	4367	4353	27	3486	19668
2012-03-12	4353	4358	4362	4343	4359	4354	1	1928	19346
2012-03-13	4354	4353	4386	4353	4385	4372	18	968	19020
2012-03-14	4372	4385	4418	4375	4387	4398	26	2322	18706
2012-03-15	4398	4400	4405	4366	4394	4394	-4	1244	18066
2012-03-16	4394	4405	4417	4388	4398	4404	10	594	17914
2012-03-19	4404	4400	4418	4400	4415	4407	3	788	17862
2012-03-20	4407	4409	4409	4362	4362	4384	-23	654	17706
2012-03-21	4384	4355	4371	4355	4371	4364	-20	218	17616
2012-03-22	4364	4376	4380	4365	4367	4372	8	336	17448
2012-03-23	4372	4377	4398	4373	4395	4383	11	854	17342
2012-03-26	4383	4395	4433	4395	4418	4416	33	2590	17444
2012-03-27	4416	4418	4428	4413	4424	4421	5	406	17318
2012-03-28	4421	4410	4434	4406	4406	4421	0	604	17224
2012-03-29	4421	4429	4429	4384	4393	4411	-10	1378	16614
2012-03-30	4411	4383	4385	4358	4360	4365	-46	686	16536
2012-04-05	4365	4402	4467	4400	4460	4437	72	2636	15574
2012-04-06	4437	4455	4500	4455	4491	4484	47	1628	14770
2012-04-09	4484	4500	4514	4488	4492	4498	14	768	14844
2012-04-10	4498	4488	4510	4488	4509	4502	4	570	14554
2012-04-11	4502	4486	4486	4430	4448	4454	-48	424	14376
2012-04-12	4454	4441	4456	4431	4446	4445	-9	348	14112
2012-04-13	4445	4480	4482	4460	4460	4466	21	954	13218
2012-04-16	4466	4441	4441	4418	4418	4425	-41	414	12898
2012-04-17	4425	4410	4430	4410	4426	4423	-2	234	12714
2012-04-18	4423	4433	4435	4378	4395	4398	-25	994	11908
2012-04-19	4398	4380	4402	4380	4398	4397	-1	334	11704
2012-04-20	4397	4400	4406	4391	4401	4398	1	224	11620
2012-04-23	4398	4432	4432	4422	4422	4427	29	562	11602
2012-04-24	4427	4420	4420	4403	4403	4412	-15	320	11474
2012-04-25	4412	4425	4430	4404	4404	4419	7	702	11542
2012-04-26	4419	4396	4396	4387	4388	4395	-24	194	11348
2012-04-27	4395	4388	4398	4384	4384	4389	-6	454	11236
2012-05-02	4389	-	-	-	4389	4389	0	0	9144
2012-05-03	4389	4383	4383	4370	4370	4376	-13	752	8556
2012-05-04	4376	4373	4379	4370	4379	4374	-2	754	9280
2012-05-07	4374	4361	4361	4348	4349	4356	-18	504	9544
2012-05-08	4356	4357	4360	4350	4356	4354	-2	1574	5038
2012-05-09	4354	4331	4333	4300	4333	4328	-26	252	4630
2012-05-10	4328	4330	4330	4330	4330	4330	2	20	1794
2012-05-11	4330	4331	4331	4330	4330	4330	0	102	1676
2012-05-14	4330	4298	4300	4295	4297	4297	-33	262	1252
2012-05-15	4297	4298	4298	4298	4298	4355	58	80	0
