2012-03-15	4592	4722	4722	4613	4669	4663	71	48	22
2012-03-16	4663	4669	4669	4629	4660	4652	-11	14	26
2012-03-19	4652	4669	4669	4652	4653	4659	7	40	42
2012-03-20	4659	4650	4650	4615	4615	4626	-33	200	102
2012-03-21	4626	4600	4622	4600	4622	4616	-10	86	114
2012-03-22	4616	4642	4648	4630	4635	4639	23	98	126
2012-03-23	4639	4653	4678	4642	4678	4662	23	242	266
2012-03-26	4662	4687	4757	4677	4697	4692	30	284	238
2012-03-27	4692	4697	4714	4690	4698	4697	5	76	214
2012-03-28	4697	4685	4700	4685	4690	4691	-6	122	198
2012-03-29	4691	4687	4700	4675	4675	4684	-7	68	188
2012-03-30	4684	4660	4660	4646	4653	4651	-33	154	218
2012-04-05	4651	4700	4755	4700	4750	4729	78	318	224
2012-04-06	4729	4750	4861	4750	4846	4830	101	810	666
2012-04-09	4830	4860	4869	4850	4862	4861	31	854	956
2012-04-10	4861	4859	4905	4853	4902	4891	30	3862	3878
2012-04-11	4891	4880	4880	4832	4832	4850	-41	2832	4992
2012-04-12	4850	4832	4854	4827	4850	4844	-6	1914	6582
2012-04-13	4844	4886	4894	4840	4840	4871	27	2474	8204
2012-04-16	4871	4826	4826	4800	4821	4812	-59	2070	9370
2012-04-17	4812	4834	4842	4812	4822	4825	13	1260	9954
2012-04-18	4825	4826	4840	4777	4786	4798	-27	2186	10294
2012-04-19	4798	4750	4803	4750	4799	4786	-12	1216	10614
2012-04-20	4786	4809	4809	4776	4789	4787	1	1592	11176
2012-04-23	4787	4828	4841	4815	4815	4828	41	1700	11770
2012-04-24	4828	4801	4812	4784	4790	4794	-34	1434	11766
2012-04-25	4794	4811	4844	4807	4807	4819	25	1936	12070
2012-04-26	4819	4815	4815	4790	4790	4796	-23	1434	12288
2012-04-27	4796	4796	4818	4795	4807	4807	11	2806	12462
2012-05-02	4807	4820	4822	4789	4789	4796	-11	2144	13528
2012-05-03	4796	4788	4791	4756	4758	4771	-25	2322	14030
2012-05-04	4771	4756	4785	4739	4782	4761	-10	3080	15470
2012-05-07	4761	4773	4778	4714	4719	4730	-31	2008	15812
2012-05-08	4730	4720	4735	4712	4716	4724	-6	1186	15912
2012-05-09	4724	4695	4700	4649	4653	4663	-61	2734	16796
2012-05-10	4663	4663	4681	4635	4678	4656	-7	4568	18976
2012-05-11	4656	4685	4689	4610	4615	4636	-20	2040	18750
2012-05-14	4636	4595	4595	4516	4541	4560	-76	3660	18466
2012-05-15	4560	4521	4545	4506	4534	4523	-37	2630	19102
2012-05-16	4523	4535	4541	4413	4432	4474	-49	4206	19552
2012-05-17	4474	4464	4480	4442	4462	4463	-11	1860	19782
2012-05-18	4463	4451	4460	4420	4438	4443	-20	1916	19774
2012-05-21	4443	4439	4495	4439	4482	4475	32	3170	20194
2012-05-22	4475	4471	4480	4461	4468	4470	-5	958	20456
2012-05-23	4470	4431	4431	4392	4400	4405	-65	1788	20206
2012-05-24	4405	4408	4438	4408	4437	4429	24	1158	20182
2012-05-25	4429	4439	4440	4420	4439	4432	3	1220	20430
2012-05-28	4432	4439	4471	4437	4467	4456	24	1180	20180
2012-05-29	4456	4463	4490	4450	4482	4475	19	926	20270
2012-05-30	4475	4468	4490	4466	4467	4478	3	674	20284
2012-05-31	4478	4453	4475	4448	4458	4465	-13	724	20228
2012-06-01	4465	4441	4443	4422	4432	4433	-32	938	20522
2012-06-04	4433	4424	4441	4390	4410	4410	-23	2766	21294
2012-06-05	4410	4421	4477	4420	4460	4450	40	1660	21218
2012-06-06	4450	4461	4505	4460	4474	4485	35	1694	21748
2012-06-07	4485	4509	4510	4480	4497	4494	9	3382	23622
2012-06-08	4494	4521	4521	4467	4486	4496	2	5040	25712
2012-06-11	4496	4502	4560	4502	4560	4537	41	4828	26858
2012-06-12	4537	4537	4578	4528	4574	4556	19	3024	27782
2012-06-13	4556	4563	4573	4549	4554	4558	2	1494	28674
2012-06-14	4558	4530	4548	4493	4493	4517	-41	2418	29670
2012-06-15	4517	4495	4524	4493	4519	4514	-3	1302	30056
2012-06-18	4514	4526	4548	4522	4532	4533	19	940	30078
2012-06-19	4533	4553	4620	4553	4614	4602	69	3018	29832
2012-06-20	4602	4632	4661	4629	4646	4641	39	1996	30298
2012-06-21	4641	4620	4636	4589	4619	4618	-23	1550	30268
2012-06-25	4618	4650	4720	4650	4680	4692	74	5822	30474
2012-06-26	4692	4700	4705	4676	4701	4693	1	5596	28798
2012-06-27	4693	4692	4727	4692	4711	4713	20	5204	30982
2012-06-28	4713	4718	4718	4649	4649	4680	-33	3156	32246
2012-06-29	4680	4670	4672	4634	4666	4657	-23	4620	32454
2012-07-02	4657	4700	4730	4660	4672	4680	23	3492	32248
2012-07-03	4680	4681	4710	4668	4710	4690	10	3016	31468
2012-07-04	4690	4722	4771	4721	4763	4745	55	8156	33194
2012-07-05	4745	4762	4795	4756	4785	4781	36	9924	31278
2012-07-06	4781	4820	4820	4610	4739	4750	-31	5826	31512
2012-07-09	4750	4750	4898	4750	4863	4824	74	22838	31992
2012-07-10	4824	4851	4852	4782	4796	4813	-11	10002	31354
2012-07-11	4813	4797	4890	4754	4775	4815	2	13348	29486
2012-07-12	4815	4760	4765	4723	4725	4745	-70	5368	28660
2012-07-13	4745	4745	4799	4741	4794	4775	30	6594	30500
2012-07-16	4775	4832	4912	4832	4900	4883	108	15040	32762
2012-07-17	4883	4918	4918	4724	4801	4805	-78	12060	29858
2012-07-18	4805	4820	4832	4780	4800	4806	1	6078	29934
2012-07-19	4806	4829	4850	4791	4841	4836	30	7494	32880
2012-07-20	4836	4840	4840	4774	4777	4788	-48	19554	32254
2012-07-23	4788	4755	4755	4637	4650	4693	-95	17352	33486
2012-07-24	4693	4520	4590	4506	4545	4557	-136	8262	32682
2012-07-25	4557	4509	4601	4501	4567	4575	18	8246	32160
2012-07-26	4575	4600	4600	4570	4582	4581	6	6942	33398
2012-07-27	4581	4560	4609	4555	4608	4586	5	9410	37504
2012-07-30	4586	4663	4715	4645	4685	4679	93	9274	38982
2012-07-31	4679	4660	4676	4630	4665	4653	-26	8314	40456
2012-08-01	4653	4668	4688	4632	4632	4660	7	15096	48206
2012-08-02	4660	4617	4645	4579	4611	4604	-56	36700	63480
2012-08-03	4604	4572	4667	4572	4628	4637	33	24968	69058
2012-08-06	4637	4600	4660	4599	4655	4636	-1	23620	75238
2012-08-07	4636	4669	4703	4663	4700	4680	44	11518	75958
2012-08-08	4680	4700	4706	4660	4661	4681	1	7896	78138
2012-08-09	4681	4681	4702	4675	4688	4689	8	9230	79456
2012-08-10	4689	4739	4739	4689	4702	4701	12	13816	80440
2012-08-13	4701	4710	4710	4680	4682	4688	-13	7144	82296
2012-08-14	4688	4661	4686	4659	4684	4673	-15	15740	85854
2012-08-15	4673	4680	4729	4676	4723	4704	31	11230	88168
2012-08-16	4704	4731	4731	4705	4708	4717	13	11734	85572
2012-08-17	4717	4725	4725	4704	4715	4716	-1	6398	87454
2012-08-20	4716	4720	4732	4720	4727	4727	11	5360	87286
2012-08-21	4727	4748	4815	4748	4806	4788	61	23958	80016
2012-08-22	4788	4850	4912	4835	4877	4880	92	18790	83242
2012-08-23	4880	4900	4940	4855	4885	4892	12	15630	83224
2012-08-24	4892	4870	4945	4865	4915	4895	3	13598	81876
2012-08-27	4895	4948	4990	4942	4959	4969	74	18770	78482
2012-08-28	4969	4942	4950	4902	4902	4928	-41	14712	76374
2012-08-29	4928	4910	4943	4892	4942	4920	-8	15778	75958
2012-08-30	4920	4958	4961	4931	4956	4947	27	10910	77522
2012-08-31	4947	4945	4948	4923	4935	4931	-16	9888	75990
2012-09-03	4931	4939	5055	4937	5027	5011	80	20698	72916
2012-09-04	5011	5032	5086	5020	5079	5063	52	16442	74974
2012-09-05	5063	5061	5077	5040	5058	5062	-1	13960	75164
2012-09-06	5062	5020	5020	4943	4977	4980	-82	22874	73390
2012-09-07	4980	4990	5005	4930	4932	4963	-17	23652	77030
2012-09-10	4963	4931	4993	4911	4976	4958	-5	14584	79686
2012-09-11	4958	4966	4980	4908	4921	4941	-17	16944	77628
2012-09-12	4941	4921	4956	4912	4947	4936	-5	11976	77636
2012-09-13	4936	4996	4996	4964	4966	4976	40	10526	78104
2012-09-14	4976	4988	5030	4977	4993	5005	29	17898	76592
2012-09-17	5005	4960	4965	4898	4899	4937	-68	23502	79690
2012-09-18	4937	4808	4872	4808	4837	4848	-89	33430	78992
2012-09-19	4848	4859	4881	4852	4872	4866	18	15166	80692
2012-09-20	4866	4880	4886	4848	4876	4872	6	19786	85884
2012-09-21	4872	4850	4909	4840	4896	4882	10	35182	91944
2012-09-24	4882	4856	4890	4832	4880	4861	-21	31110	92218
2012-09-25	4861	4883	4956	4883	4939	4930	69	28490	96316
2012-09-26	4930	4930	4949	4884	4890	4919	-11	18410	95016
2012-09-27	4919	4871	4897	4860	4872	4879	-40	21324	93386
2012-09-28	4879	4880	4903	4848	4883	4875	-4	12944	93358
2012-10-08	4875	4858	4860	4761	4764	4794	-81	38198	89786
2012-10-10	4776	4739	4773	4716	4761	4742	-34	23840	94026
2012-10-11	4742	4731	4810	4730	4783	4784	42	14286	94648
2012-10-12	4784	4802	4818	4761	4770	4787	3	31888	96688
2012-10-15	4787	4730	4777	4725	4768	4759	-28	27204	100520
2012-10-16	4759	4770	4798	4765	4766	4779	20	19612	98488
2012-10-17	4779	4750	4776	4748	4768	4760	-19	16594	95226
2012-10-18	4760	4775	4799	4769	4793	4782	22	19300	93300
2012-10-19	4782	4801	4808	4786	4793	4793	11	9526	93818
2012-10-22	4793	4790	4828	4783	4825	4805	12	19440	94866
2012-10-23	4805	4821	4828	4780	4781	4800	-5	17514	94594
2012-10-24	4800	4797	4859	4792	4854	4837	37	37162	101714
2012-10-25	4837	4845	4871	4837	4854	4853	16	25794	102794
2012-10-26	4853	4840	4885	4840	4880	4870	17	47730	110024
2012-10-29	4870	4868	4890	4830	4835	4849	-21	43428	105778
2012-10-30	4849	4828	4835	4804	4824	4815	-34	29638	106214
2012-10-31	4815	4832	4860	4820	4860	4839	24	28612	112390
2012-11-01	4839	4866	4964	4859	4943	4926	87	70330	122152
2012-11-02	4926	4934	4968	4916	4952	4940	14	71758	137464
