2009-09-15	3609	-	-	-	3609	3609	0	0	0
2009-09-16	3609	-	-	-	3609	3609	0	0	0
2009-09-17	3609	3644	3644	3581	3607	3610	1	10	0
2009-09-18	3610	-	-	-	3610	3610	0	0	0
2009-09-21	3610	-	-	-	3610	3610	0	0	0
2009-09-22	3610	-	-	-	3610	3610	0	0	0
2009-09-23	3610	-	-	-	3610	3610	0	0	0
2009-09-24	3610	-	-	-	3610	3610	0	0	0
2009-09-25	3610	-	-	-	3610	3610	0	0	0
2009-09-28	3610	-	-	-	3610	3610	0	0	0
2009-09-29	3610	-	-	-	3610	3610	0	0	0
2009-09-30	3610	-	-	-	3610	3610	0	0	0
2009-10-09	3610	3590	3590	3558	3558	3579	-31	6	4
2009-10-12	3579	3640	3640	3640	3640	3640	61	2	6
2009-10-13	3640	3642	3642	3639	3639	3640	0	4	6
2009-10-14	3640	3622	3622	3601	3602	3611	-29	10	8
2009-10-15	3611	3618	3618	3581	3581	3599	-12	6	4
2009-10-16	3599	-	-	-	3599	3599	0	0	4
2009-10-19	3599	-	-	-	3599	3599	0	0	4
2009-10-20	3599	3699	3699	3660	3660	3676	77	6	8
2009-10-21	3676	3671	3680	3650	3670	3667	-9	24	14
2009-10-22	3667	3656	3656	3656	3656	3656	-11	2	14
2009-10-23	3656	3690	3690	3690	3690	3690	34	2	14
2009-10-26	3690	3702	3702	3702	3702	3702	12	6	12
2009-10-27	3702	3683	3697	3683	3697	3687	-15	6	12
2009-10-28	3687	-	-	-	3687	3687	0	0	12
2009-10-29	3687	-	-	-	3687	3687	0	0	12
2009-10-30	3687	-	-	-	3687	3687	0	0	12
2009-11-02	3687	3670	3678	3670	3678	3672	-15	8	16
2009-11-03	3672	3691	3708	3682	3706	3695	23	48	32
2009-11-04	3695	3707	3712	3707	3712	3710	15	18	14
2009-11-05	3710	3698	3698	3680	3680	3685	-25	54	50
2009-11-06	3685	3685	3685	3672	3673	3679	-6	32	72
2009-11-09	3679	3684	3687	3674	3686	3681	2	68	106
2009-11-10	3681	3682	3682	3671	3672	3672	-9	16	116
2009-11-11	3672	3688	3695	3683	3683	3688	16	30	132
2009-11-12	3688	3690	3705	3690	3693	3697	9	84	166
2009-11-13	3697	3696	3720	3696	3720	3708	11	52	174
2009-11-16	3708	3715	3845	3715	3845	3747	39	104	230
2009-11-17	3747	3774	3774	3741	3741	3756	9	38	228
2009-11-18	3756	3760	3781	3760	3781	3772	16	14	226
2009-11-19	3772	3790	3799	3790	3790	3794	22	8	222
2009-11-20	3794	3805	3816	3793	3804	3808	14	18	220
2009-11-23	3808	3828	3888	3828	3888	3860	52	20	220
2009-11-24	3860	3865	3865	3826	3826	3841	-19	8	222
2009-11-25	3841	3877	3895	3850	3895	3869	28	26	222
2009-11-26	3869	3889	3909	3889	3909	3895	26	32	208
2009-11-27	3895	3851	3929	3821	3825	3852	-43	86	214
2009-11-30	3852	3911	3954	3911	3950	3940	88	130	118
2009-12-01	3940	3930	3930	3930	3930	3930	-10	2	118
2009-12-02	3930	3958	3958	3945	3945	3951	21	4	118
2009-12-03	3951	3950	3950	3933	3947	3943	-8	6	118
2009-12-04	3943	3989	3989	3960	3961	3968	25	10	116
2009-12-07	3968	4000	4050	4000	4030	4027	59	106	108
2009-12-08	4027	4035	4058	4035	4040	4046	19	14	100
2009-12-09	4046	4001	4038	4001	4001	4015	-31	32	102
2009-12-10	4015	3968	3968	3930	3930	3960	-55	10	110
2009-12-11	3960	-	-	-	3960	3960	0	0	110
2009-12-14	3960	3985	3985	3908	3950	3943	-17	14	106
2009-12-15	3943	3970	3970	3959	3959	3966	23	6	106
2009-12-16	3966	3970	3978	3970	3972	3974	8	8	106
2009-12-17	3974	4031	4031	3950	3950	3996	22	36	110
2009-12-18	3996	3925	3926	3914	3915	3921	-75	10	110
2009-12-21	3921	3915	3915	3900	3900	3907	-14	8	110
2009-12-22	3907	-	-	-	3907	3907	0	0	110
2009-12-23	3907	3900	3901	3880	3881	3891	-16	18	114
2009-12-24	3891	-	-	-	3891	3891	0	0	114
2009-12-25	3891	3969	3969	3919	3919	3932	41	10	120
2009-12-28	3932	-	-	-	3932	3932	0	0	120
2009-12-29	3932	3954	3976	3954	3962	3966	34	28	114
2009-12-30	3966	3975	3975	3960	3960	3969	3	10	114
2009-12-31	3969	3961	3971	3946	3971	3956	-13	28	104
2010-01-04	3956	3989	4018	3989	4010	4006	50	16	100
2010-01-05	4006	4000	4020	4000	4016	4015	9	14	90
2010-01-06	4015	4010	4050	4010	4050	4044	29	26	90
2010-01-07	4044	4100	4100	3998	3998	4066	22	62	64
2010-01-08	4066	3990	3990	3913	3940	3951	-115	24	66
2010-01-11	3951	3980	3980	3980	3980	3980	29	2	64
2010-01-12	3980	3926	3959	3926	3959	3942	-38	4	64
2010-01-13	3942	3889	3889	3847	3870	3869	-73	32	68
2010-01-14	3869	-	-	-	3869	3869	0	0	68
2010-01-15	3869	-	-	-	3869	3869	0	0	68
2010-01-18	3869	-	-	-	3869	3869	0	0	68
2010-01-19	3869	3880	3880	3850	3850	3865	-4	12	62
2010-01-20	3865	3845	3845	3820	3820	3832	-33	8	62
2010-01-21	3832	3792	3815	3791	3811	3805	-27	14	58
2010-01-22	3805	3829	3829	3798	3815	3812	7	10	60
2010-01-25	3812	3829	3841	3829	3841	3836	24	10	62
2010-01-26	3836	3845	3845	3845	3845	3845	9	4	62
2010-01-27	3845	3844	3866	3836	3860	3848	3	60	54
2010-01-28	3848	3785	3785	3785	3785	3785	-63	2	54
2010-01-29	3785	-	-	-	3785	3785	0	0	54
2010-02-01	3785	3787	3787	3715	3715	3732	-53	16	54
2010-02-02	3732	3701	3701	3670	3670	3680	-52	6	50
2010-02-03	3680	-	-	-	3680	3680	0	0	50
2010-02-04	3680	-	-	-	3680	3680	0	0	50
2010-02-05	3680	3701	3701	3701	3701	3701	21	1800	1850
2010-02-08	3701	3720	3750	3720	3750	3730	29	18	1852
2010-02-09	3730	3750	3750	3736	3736	3737	7	46	1846
2010-02-10	3737	3737	3737	3737	3737	3737	0	720	1126
2010-02-11	3737	3742	3783	3710	3748	3741	4	460	692
2010-02-12	3741	3718	3718	3700	3700	3709	-32	4	690
2010-02-22	3709	3702	3740	3702	3740	3729	20	14	688
2010-02-23	3729	3720	3766	3716	3765	3744	15	14	688
2010-02-24	3744	3776	3776	3776	3776	3776	32	2	690
2010-02-25	3776	3795	3795	3755	3755	3768	-8	10	692
2010-02-26	3768	-	-	-	3768	3768	0	0	692
2010-03-01	3768	3779	3808	3779	3805	3800	32	10	690
2010-03-02	3800	3809	3809	3809	3809	3809	9	2	688
2010-03-03	3809	-	-	-	3809	3809	0	0	688
2010-03-04	3809	-	-	-	3809	3809	0	0	688
2010-03-05	3809	3770	3770	3770	3770	3770	-39	2	688
2010-03-08	3770	-	-	-	3770	3770	0	0	688
2010-03-09	3770	-	-	-	3770	3770	0	0	688
2010-03-10	3770	3772	3772	3772	3772	3772	2	1200	1886
2010-03-11	3772	-	-	-	3772	3772	0	0	1886
2010-03-12	3772	3768	3768	3768	3768	3768	-4	2	1888
2010-03-15	3768	-	-	-	3768	3768	0	0	1888
2010-03-16	3768	-	-	-	3768	3768	0	0	1888
2010-03-17	3768	3791	3791	3790	3790	3790	22	14	1890
2010-03-18	3790	3810	3810	3810	3810	3810	20	4	1894
2010-03-19	3810	3809	3812	3801	3811	3807	-3	22	1898
2010-03-22	3807	3815	3815	3808	3813	3811	4	26	1904
2010-03-23	3811	3827	3827	3827	3827	3827	16	4	1904
2010-03-24	3827	3810	3810	3804	3809	3807	-20	20	1904
2010-03-25	3807	3810	3810	3810	3810	3810	3	2	1902
2010-03-26	3810	3809	3809	3797	3808	3800	-10	14	1900
2010-03-29	3800	3812	3820	3810	3820	3814	14	24	1896
2010-03-30	3814	3830	3837	3830	3837	3833	19	4	1894
2010-03-31	3833	3835	3848	3830	3835	3835	2	672	1264
2010-04-01	3835	3800	3800	3800	3800	3800	-35	1200	64
2010-04-02	3800	3820	3820	3809	3815	3816	16	14	64
2010-04-06	3816	3815	3830	3800	3825	3822	6	26	68
2010-04-07	3822	3811	3854	3811	3854	3837	15	36	72
2010-04-08	3837	3864	3864	3859	3859	3861	24	4	76
2010-04-09	3861	3865	3872	3865	3872	3870	9	18	88
2010-04-12	3870	3917	3920	3916	3920	3917	47	16	96
2010-04-13	3917	3909	3928	3895	3928	3910	-7	34	98
2010-04-14	3910	3945	3947	3933	3933	3939	29	8	96
2010-04-15	3939	-	-	-	3939	3939	0	0	96
2010-04-16	3939	3955	3955	3945	3955	3952	13	70	120
2010-04-19	3952	3950	3950	3908	3935	3932	-20	48	138
2010-04-20	3932	3849	3973	3849	3968	3948	16	60	128
2010-04-21	3948	3990	3990	3979	3986	3985	37	22	130
2010-04-22	3985	3971	4004	3971	4001	3998	13	48	124
2010-04-23	3998	4025	4043	4015	4015	4028	30	28	126
2010-04-26	4028	4015	4050	4015	4032	4032	4	56	122
2010-04-27	4032	4035	4035	3990	4016	4013	-19	34	122
2010-04-28	4013	3961	4008	3961	3981	3978	-35	38	116
2010-04-29	3978	3995	3995	3988	3988	3989	11	8	116
2010-04-30	3989	4000	4020	4000	4020	4002	13	24	104
2010-05-04	4002	4010	4010	3998	3998	4009	7	1004	1106
2010-05-05	4009	4045	4070	4041	4066	4048	39	50	1112
2010-05-06	4048	4024	4024	4023	4023	4023	-25	18	1106
2010-05-07	4023	3955	3986	3941	3943	3954	-69	96	1104
2010-05-10	3954	3958	3970	3955	3963	3963	9	24	1098
2010-05-11	3963	3955	3960	3941	3941	3947	-16	28	1080
2010-05-12	3947	3965	3987	3965	3975	3969	22	40	1054
2010-05-13	3969	3980	3980	3950	3979	3964	-5	16	1054
2010-05-14	3964	-	-	-	3964	3964	0	0	1054
2010-05-17	3964	3920	3920	3843	3865	3872	-92	50	1054
2010-05-18	3872	3876	3876	3876	3876	3876	4	10	1054
2010-05-19	3876	-	-	-	3876	3876	0	0	1054
2010-05-20	3876	3855	3889	3855	3889	3870	-6	8	1056
2010-05-21	3870	3868	3894	3861	3894	3874	4	94	1072
2010-05-24	3874	3895	3906	3885	3906	3895	21	52	1072
2010-05-25	3895	3860	3880	3860	3880	3870	-25	4	1072
2010-05-26	3870	3860	3899	3854	3899	3870	0	88	1026
2010-05-27	3870	3870	3880	3870	3880	3875	5	40	1044
2010-05-28	3875	3888	3888	3888	3888	3888	13	2	1046
2010-05-31	3888	3788	3855	3788	3839	3839	-49	86	1088
2010-06-01	3839	3823	3835	3805	3817	3822	-17	12	1088
2010-06-02	3822	3817	3835	3811	3826	3823	1	14	1088
2010-06-03	3823	3832	3832	3829	3829	3829	6	16	1076
2010-06-04	3829	3834	3846	3834	3843	3843	14	20	1080
2010-06-07	3843	3793	3795	3771	3780	3785	-58	24	1098
2010-06-08	3785	3819	3819	3800	3815	3813	28	22	1088
2010-06-09	3813	-	-	-	3813	3813	0	0	1088
2010-06-10	3813	3788	3829	3788	3809	3808	-5	42	1088
2010-06-11	3808	-	-	-	3808	3808	0	0	1088
2010-06-17	3808	3813	3834	3812	3816	3819	11	18	1088
2010-06-18	3819	-	-	-	3819	3819	0	0	1088
2010-06-21	3819	3850	3888	3850	3864	3860	41	36	1068
2010-06-22	3860	3842	3877	3842	3877	3865	5	92	1066
2010-06-23	3865	3864	3864	3857	3857	3860	-5	4	1066
2010-06-24	3860	-	-	-	3860	3860	0	0	1066
2010-06-25	3860	-	-	-	3860	3860	0	0	1066
2010-06-28	3860	3858	3858	3858	3858	3858	-2	1000	66
2010-06-29	3858	3852	3852	3849	3849	3850	-8	8	64
2010-06-30	3850	3849	3849	3810	3814	3822	-28	76	66
2010-07-01	3822	3827	3827	3815	3815	3819	-3	88	96
2010-07-02	3819	3824	3830	3824	3830	3826	7	12	104
2010-07-05	3826	3826	3826	3826	3826	3826	0	2	106
2010-07-06	3826	3810	3816	3805	3814	3811	-15	56	126
2010-07-07	3811	-	-	-	3811	3811	0	0	126
2010-07-08	3811	3841	3841	3841	3841	3841	30	20	106
2010-07-09	3841	3870	3890	3862	3890	3869	28	18	106
2010-07-12	3869	3871	3885	3855	3855	3868	-1	28	114
2010-07-13	3868	3860	3860	3845	3845	3847	-21	14	114
2010-07-14	3847	3850	3865	3850	3857	3852	5	18	114
2010-07-15	3852	-	-	-	3852	3852	0	0	114
2010-07-16	3852	3916	3919	3902	3909	3913	61	36	106
2010-07-19	3913	3891	3891	3891	3891	3891	-22	2	106
2010-07-20	3891	3920	3928	3920	3921	3921	30	26	106
2010-07-21	3921	3911	3913	3911	3913	3912	-9	4	106
2010-07-22	3912	3909	3909	3904	3904	3906	-6	4	102
2010-07-23	3906	3922	3923	3915	3915	3919	13	10	102
2010-07-26	3919	3841	3920	3841	3920	3882	-37	38	102
2010-07-27	3882	3890	3908	3886	3895	3897	15	18	102
2010-07-28	3897	3890	3913	3890	3913	3901	4	4	102
2010-07-29	3901	3940	3940	3905	3919	3925	24	24	116
2010-07-30	3925	-	-	-	3925	3925	0	0	116
2010-08-02	3925	3991	3991	3991	3991	3991	66	2	114
2010-08-03	3991	-	-	-	3991	3991	0	0	114
2010-08-04	3991	3919	4014	3919	3974	3982	-9	82	142
2010-08-05	3982	3955	3988	3948	3948	3959	-23	30	146
2010-08-06	3959	3922	4020	3922	3970	3975	16	54	146
2010-08-09	3975	3975	4050	3975	4025	4018	43	80	182
2010-08-10	4018	3985	4000	3981	3981	3989	-29	10	182
2010-08-11	3989	4003	4003	3975	3988	3988	-1	10	178
2010-08-12	3988	3990	3991	3984	3991	3989	1	12	172
2010-08-13	3989	4065	4065	4017	4050	4042	53	26	180
2010-08-16	4042	4047	4086	4047	4076	4076	34	34	198
2010-08-17	4076	4084	4084	4045	4055	4054	-22	22	188
2010-08-18	4054	4127	4127	4015	4030	4081	27	34	186
2010-08-19	4081	4029	4029	4011	4027	4021	-60	8	184
2010-08-20	4021	4010	4010	3953	3953	3981	-40	20	186
2010-08-23	3981	3940	3940	3940	3940	3940	-41	2	184
2010-08-24	3940	3949	3949	3920	3920	3938	-2	8	186
2010-08-25	3938	3966	3966	3898	3921	3927	-11	24	180
2010-08-26	3927	3927	3927	3927	3927	3927	0	2	180
2010-08-27	3927	3946	3968	3946	3968	3957	30	4	180
2010-08-30	3957	3975	4017	3975	3997	3986	29	38	170
2010-08-31	3986	3931	3931	3931	3931	3931	-55	2	170
2010-09-01	3931	-	-	-	3931	3931	0	0	170
2010-09-02	3931	-	-	-	3931	3931	0	0	170
2010-09-03	3931	3950	4001	3950	3967	3972	41	6	170
2010-09-06	3972	-	-	-	3972	3972	0	0	170
2010-09-07	3972	4050	4050	4004	4004	4010	38	20	166
2010-09-08	4010	4058	4058	4021	4021	4039	29	4	166
2010-09-09	4039	3995	3995	3950	3963	3972	-67	110	186
2010-09-10	3972	3967	3974	3952	3974	3963	-9	46	172
2010-09-13	3963	3977	3977	3977	3977	3977	14	10	174
2010-09-14	3977	4004	4004	3950	3950	3975	-2	46	180
2010-09-15	3975	3970	3990	3970	3978	3979	4	22	180
2010-09-16	3979	3990	3990	3976	3976	3983	4	20	176
2010-09-17	3983	3958	3979	3958	3979	3975	-8	14	164
2010-09-20	3975	3990	4076	3990	4051	4037	62	196	242
2010-09-21	4037	4020	4029	4006	4027	4009	-28	88	240
2010-09-27	4009	4127	4127	4065	4065	4097	88	20	244
2010-09-28	4097	4041	4086	4041	4086	4063	-34	60	244
2010-09-29	4063	4030	4072	4023	4072	4030	-33	26	228
2010-09-30	4030	4031	4055	4031	4055	4052	22	20	226
2010-10-08	4052	4029	4045	4029	4029	4032	-20	28	222
2010-10-11	4032	4193	4193	4192	4193	4192	160	120	216
2010-10-12	4192	4199	4208	4118	4179	4177	-15	92	230
2010-10-13	4177	4214	4214	4165	4170	4171	-6	112	152
2010-10-14	4171	4221	4221	4186	4186	4194	23	8	152
2010-10-15	4194	4160	4233	4159	4226	4203	9	30	168
2010-10-18	4203	4170	4186	4124	4174	4160	-43	20	166
2010-10-19	4160	4171	4215	4170	4174	4190	30	20	166
2010-10-20	4190	4122	4163	4122	4163	4147	-43	20	164
2010-10-21	4147	4202	4246	4171	4201	4209	62	42	164
2010-10-22	4209	4165	4205	4165	4205	4187	-22	16	156
2010-10-25	4187	4240	4278	4240	4263	4259	72	20	150
2010-10-26	4259	4304	4304	4238	4238	4254	-5	8	148
2010-10-27	4254	4210	4210	4161	4161	4187	-67	6	150
2010-10-28	4187	4195	4195	4161	4161	4178	-9	4	150
2010-10-29	4178	4175	4230	4127	4127	4182	4	90	148
2010-11-01	4182	4203	4219	4203	4219	4217	35	22	166
2010-11-02	4217	-	-	-	4217	4217	0	0	166
2010-11-03	4217	4228	4228	4182	4182	4186	-31	22	146
2010-11-04	4186	4219	4254	4219	4254	4245	59	22	140
2010-11-05	4245	4350	4378	4301	4351	4363	118	32	146
2010-11-08	4363	4280	4440	4280	4399	4357	-6	92	176
2010-11-09	4357	4388	4395	4388	4395	4390	33	22	176
2010-11-10	4390	4429	4490	4420	4423	4443	53	192	176
2010-11-11	4443	4380	4450	4380	4426	4442	-1	78	162
2010-11-12	4442	4592	4592	4265	4306	4340	-102	36	162
2010-11-15	4340	4409	4409	4194	4213	4246	-94	30	162
2010-11-16	4246	4223	4264	4150	4245	4222	-24	38	142
2010-11-17	4222	4054	4104	4054	4054	4059	-163	20	150
2010-11-18	4059	4118	4125	4078	4110	4097	38	12	142
2010-11-19	4097	4101	4147	4097	4118	4117	20	30	142
2010-11-22	4117	4125	4125	4124	4124	4124	7	6	136
2010-11-23	4124	4130	4130	4130	4130	4130	6	2	134
2010-11-24	4130	4107	4107	4105	4106	4105	-25	18	134
2010-11-25	4105	4036	4213	4036	4128	4145	40	104	176
2010-11-26	4145	4017	4080	4015	4046	4031	-114	26	168
2010-11-29	4031	3958	4084	3877	4058	3988	-43	140	216
2010-11-30	3988	4092	4092	4015	4049	4041	53	132	140
2010-12-01	4041	4072	4072	4072	4072	4072	31	2	142
2010-12-02	4072	4085	4140	4080	4102	4112	40	22	146
2010-12-03	4112	4096	4120	4082	4101	4105	-7	24	158
2010-12-06	4105	4147	4147	4101	4101	4106	1	22	158
2010-12-07	4106	4091	4091	4090	4090	4090	-16	4	160
2010-12-08	4090	4032	4060	3966	4050	4036	-54	12	156
2010-12-09	4036	4108	4108	4063	4076	4082	46	6	158
2010-12-10	4082	4048	4070	4026	4047	4047	-35	8	156
2010-12-13	4047	4100	4115	4075	4115	4102	55	54	194
2010-12-14	4102	4037	4117	4037	4092	4069	-33	72	218
2010-12-15	4069	4083	4083	4070	4070	4079	10	8	224
2010-12-16	4079	4078	4078	4078	4078	4078	-1	2	224
2010-12-17	4078	4041	4079	4041	4046	4061	-17	8	226
2010-12-20	4061	4107	4107	4063	4070	4081	20	28	232
2010-12-21	4081	4051	4070	4040	4057	4053	-28	14	238
2010-12-22	4053	4055	4055	4050	4050	4051	-2	6	242
2010-12-23	4051	4050	4066	4031	4066	4050	-1	52	204
2010-12-24	4050	4080	4119	4074	4119	4098	48	148	240
2010-12-27	4098	4118	4130	4100	4105	4118	20	88	262
2010-12-28	4118	4145	4145	4103	4118	4123	5	114	264
2010-12-29	4123	4116	4116	4081	4088	4089	-34	42	246
2010-12-30	4089	4100	4100	4100	4100	4100	11	2	246
2010-12-31	4100	4115	4129	4100	4129	4117	17	36	216
2011-01-04	4117	4110	4135	4110	4128	4123	6	10	216
2011-01-05	4123	4122	4122	4085	4091	4101	-22	36	210
2011-01-06	4101	4091	4091	4091	4091	4091	-10	2	210
2011-01-07	4091	4065	4095	4048	4048	4071	-20	32	198
2011-01-10	4071	4051	4074	4051	4064	4066	-5	26	180
2011-01-11	4066	4057	4060	4050	4050	4054	-12	8	180
2011-01-12	4054	4050	4070	4050	4070	4065	11	28	154
2011-01-13	4065	4095	4099	4045	4081	4082	17	28	152
2011-01-14	4082	4055	4088	4049	4085	4068	-14	22	148
2011-01-17	4068	4093	4100	4093	4095	4097	29	24	154
2011-01-18	4097	4051	4130	4051	4085	4088	-9	6	152
2011-01-19	4088	4090	4118	4090	4105	4109	21	16	154
2011-01-20	4109	4080	4108	4080	4108	4095	-14	16	154
2011-01-21	4095	4070	4145	4070	4144	4115	20	60	160
2011-01-24	4115	4148	4179	4102	4159	4158	43	36	156
2011-01-25	4158	4106	4189	4106	4130	4132	-26	16	156
2011-01-26	4132	4055	4125	4050	4068	4086	-46	34	154
2011-01-27	4086	4056	4075	4050	4075	4062	-24	44	152
2011-01-28	4062	4051	4051	4050	4050	4050	-12	10	152
2011-01-31	4050	4077	4077	4051	4062	4062	12	10	152
2011-02-01	4062	4000	4069	4000	4037	4051	-11	18	152
2011-02-09	4051	4049	4049	4049	4049	4049	-2	2	152
2011-02-10	4049	4050	4139	4050	4110	4088	39	64	152
2011-02-11	4088	4100	4149	4075	4148	4111	23	28	156
2011-02-14	4111	4140	4150	4140	4150	4148	37	14	154
2011-02-15	4148	-	-	-	4148	4148	0	0	154
2011-02-16	4148	4200	4200	4050	4130	4143	-5	48	152
2011-02-17	4143	4139	4139	4060	4060	4093	-50	20	152
2011-02-18	4093	4139	4140	4073	4135	4115	22	124	194
2011-02-21	4115	4148	4256	4148	4193	4178	63	172	226
2011-02-22	4178	4185	4280	4081	4215	4232	54	58	220
2011-02-23	4232	4111	4205	4111	4200	4166	-66	10	218
2011-02-24	4166	-	-	-	4166	4166	0	0	218
2011-02-25	4166	4350	4350	4181	4185	4245	79	20	224
2011-02-28	4245	4062	4250	4062	4250	4178	-67	42	218
2011-03-01	4178	4050	4170	3928	4100	4012	-166	22	216
2011-03-02	4012	-	-	-	4012	4012	0	0	216
2011-03-03	4012	-	-	-	4012	4012	0	0	216
2011-03-04	4012	-	-	-	4012	4012	0	0	164
2011-03-07	4012	4100	4100	4100	4100	4100	88	2	166
2011-03-08	4100	3900	4100	3900	4100	4000	-100	4	166
2011-03-09	4000	4100	4100	3800	3800	3950	-50	6	0
2011-03-10	3950	-	-	-	3950	3950	0	0	0
2011-03-11	3950	-	-	-	3950	3950	0	0	0
2011-03-14	3950	-	-	-	3950	4004	54	0	0
