2011-05-17	4605	-	-	-	4605	4605	0	0	0
2011-05-18	4605	-	-	-	4605	4605	0	0	0
2011-05-19	4605	-	-	-	4605	4605	0	0	0
2011-05-20	4605	4471	4690	4471	4551	4576	-29	12	0
2011-05-23	4576	-	-	-	4576	4576	0	0	0
2011-05-24	4576	4653	4653	4600	4600	4626	50	4	2
2011-05-25	4626	-	-	-	4626	4626	0	0	2
2011-05-26	4626	4638	4638	4627	4627	4632	6	4	2
2011-05-27	4632	-	-	-	4632	4632	0	0	2
2011-05-30	4632	-	-	-	4632	4632	0	0	2
2011-05-31	4632	-	-	-	4632	4632	0	0	2
2011-06-01	4632	-	-	-	4632	4632	0	0	2
2011-06-02	4632	-	-	-	4632	4632	0	0	2
2011-06-03	4632	-	-	-	4632	4632	0	0	2
2011-06-07	4632	-	-	-	4632	4632	0	0	2
2011-06-08	4632	-	-	-	4632	4632	0	0	2
2011-06-09	4632	-	-	-	4632	4632	0	0	2
2011-06-10	4632	-	-	-	4632	4632	0	0	2
2011-06-13	4632	-	-	-	4632	4632	0	0	2
2011-06-14	4632	-	-	-	4632	4632	0	0	2
2011-06-15	4632	4519	4640	4519	4640	4593	-39	6	2
2011-06-16	4593	-	-	-	4593	4593	0	0	2
2011-06-17	4593	4501	4587	4501	4587	4544	-49	4	2
2011-06-20	4544	-	-	-	4544	4544	0	0	2
2011-06-21	4544	-	-	-	4544	4544	0	0	2
2011-06-22	4544	-	-	-	4544	4544	0	0	2
2011-06-23	4544	4582	4582	4328	4540	4516	-28	50	10
2011-06-24	4516	4530	4555	4530	4555	4541	25	6	10
2011-06-27	4541	-	-	-	4541	4541	0	0	10
2011-06-28	4541	-	-	-	4541	4541	0	0	10
2011-06-29	4541	4583	4583	4583	4583	4583	42	2	10
2011-06-30	4583	-	-	-	4583	4583	0	0	10
2011-07-01	4583	-	-	-	4583	4583	0	0	10
2011-07-04	4583	-	-	-	4583	4583	0	0	10
2011-07-05	4583	4601	4630	4585	4620	4607	24	32	24
2011-07-06	4607	4628	4628	4614	4614	4621	14	4	24
2011-07-07	4621	4618	4618	4618	4618	4618	-3	2	24
2011-07-08	4618	4680	4700	4658	4700	4686	68	12	28
2011-07-11	4686	4708	4708	4692	4706	4704	18	18	30
2011-07-12	4704	-	-	-	4704	4704	0	0	30
2011-07-13	4704	4729	4729	4729	4729	4729	25	2	32
2011-07-14	4729	4780	4810	4765	4810	4780	51	12	36
2011-07-15	4780	-	-	-	4780	4780	0	0	36
2011-07-18	4780	4800	4800	4800	4800	4800	20	2	36
2011-07-19	4800	-	-	-	4800	4800	0	0	36
2011-07-20	4800	-	-	-	4800	4800	0	0	36
2011-07-21	4800	4780	4780	4771	4771	4778	-22	12	34
2011-07-22	4778	-	-	-	4778	4778	0	0	34
2011-07-25	4778	4741	4780	4741	4745	4755	-23	28	26
2011-07-26	4755	4750	4750	4750	4750	4750	-5	4	24
2011-07-27	4750	4776	4776	4776	4776	4776	26	4	26
2011-07-28	4776	4789	4789	4777	4777	4780	4	12	28
2011-07-29	4780	-	-	-	4780	4780	0	0	28
2011-08-01	4780	4767	4785	4767	4785	4777	-3	10	24
2011-08-02	4777	4790	4790	4790	4790	4790	13	2	24
2011-08-03	4790	4823	4823	4813	4813	4818	28	4	24
2011-08-04	4818	-	-	-	4818	4818	0	0	24
2011-08-05	4818	4690	4705	4687	4687	4693	-125	8	26
2011-08-08	4693	4655	4655	4655	4655	4655	-38	2	26
2011-08-09	4655	-	-	-	4655	4655	0	0	26
2011-08-10	4655	4658	4658	4621	4630	4629	-26	42	36
2011-08-11	4629	4634	4668	4610	4661	4641	12	24	32
2011-08-12	4641	4681	4687	4681	4687	4684	43	4	30
2011-08-15	4684	4718	4745	4718	4745	4730	46	26	20
2011-08-16	4730	4707	4707	4700	4700	4704	-26	6	24
2011-08-17	4704	4722	4722	4693	4707	4707	3	12	20
2011-08-18	4707	-	-	-	4707	4707	0	0	20
2011-08-19	4707	4675	4675	4675	4675	4675	-32	2	20
2011-08-22	4675	4722	4749	4699	4699	4723	48	6	20
2011-08-23	4723	4740	4743	4740	4743	4741	18	4	16
2011-08-24	4741	-	-	-	4741	4741	0	0	16
2011-08-25	4741	-	-	-	4741	4741	0	0	16
2011-08-26	4741	-	-	-	4741	4741	0	0	16
2011-08-29	4741	4804	4851	4804	4851	4834	93	14	16
2011-08-30	4834	4840	4840	4831	4831	4833	-1	8	18
2011-08-31	4833	4820	4820	4820	4820	4820	-13	2	18
2011-09-01	4820	4837	4868	4821	4835	4841	21	18	22
2011-09-02	4841	4876	4876	4876	4876	4876	35	2	22
2011-09-05	4876	4911	4911	4911	4911	4911	35	4	18
2011-09-06	4911	4831	4831	4800	4831	4821	-90	16	26
2011-09-07	4821	4845	4855	4845	4855	4852	31	10	22
2011-09-08	4852	4848	4848	4844	4844	4845	-7	6	18
2011-09-09	4845	-	-	-	4845	4845	0	0	18
2011-09-13	4845	4785	4785	4771	4771	4778	-67	4	18
2011-09-14	4778	4753	4753	4733	4733	4745	-33	6	18
2011-09-15	4745	4720	4744	4720	4724	4729	-16	8	24
2011-09-16	4729	-	-	-	4729	4729	0	0	24
2011-09-19	4729	4681	4683	4630	4630	4661	-68	14	28
2011-09-20	4661	4635	4635	4635	4635	4635	-26	2	28
2011-09-21	4635	4630	4630	4630	4630	4630	-5	2	28
2011-09-22	4630	4505	4604	4505	4599	4558	-72	8	28
2011-09-23	4558	4500	4500	4367	4367	4457	-101	10	28
2011-09-26	4457	4371	4371	4371	4371	4371	-86	4	26
2011-09-27	4371	-	-	-	4371	4371	0	0	26
2011-09-28	4371	4310	4310	4310	4310	4310	-61	2	24
2011-09-29	4310	4277	4277	4277	4277	4277	-33	2	22
2011-09-30	4277	4354	4355	4354	4355	4354	77	6	20
2011-10-10	4354	-	-	-	4354	4354	0	0	20
2011-10-11	4354	4385	4385	4301	4301	4333	-21	18	26
2011-10-12	4333	4435	4455	4350	4350	4398	65	66	50
2011-10-13	4398	4350	4350	4350	4350	4350	-48	2	48
2011-10-14	4350	4377	4390	4377	4390	4383	33	4	50
2011-10-17	4383	4376	4376	4370	4370	4373	-10	4	50
2011-10-18	4373	-	-	-	4373	4373	0	0	50
2011-10-19	4373	-	-	-	4373	4373	0	0	50
2011-10-20	4373	4201	4280	4162	4260	4237	-136	22	52
2011-10-21	4237	-	-	-	4237	4237	0	0	52
2011-10-24	4237	4383	4383	4383	4383	4383	146	2	50
2011-10-25	4383	-	-	-	4383	4383	0	0	50
2011-10-26	4383	-	-	-	4383	4383	0	0	50
2011-10-27	4383	-	-	-	4383	4383	0	0	50
2011-10-28	4383	4421	4421	4421	4421	4421	38	2	52
2011-10-31	4421	4483	4483	4333	4401	4399	-22	8	52
2011-11-01	4399	-	-	-	4399	4399	0	0	52
2011-11-02	4399	-	-	-	4399	4399	0	0	52
2011-11-03	4399	-	-	-	4399	4399	0	0	52
2011-11-04	4399	-	-	-	4399	4399	0	0	52
2011-11-07	4399	-	-	-	4399	4399	0	0	52
2011-11-08	4399	4358	4371	4358	4371	4366	-33	10	50
2011-11-09	4366	-	-	-	4366	4366	0	0	50
2011-11-10	4366	4363	4363	4286	4286	4324	-42	4	52
2011-11-11	4324	4297	4297	4297	4297	4297	-27	2	52
2011-11-14	4297	4300	4337	4300	4328	4331	34	32	70
2011-11-15	4331	4306	4306	4305	4305	4305	-26	4	66
2011-11-16	4305	4380	4380	4322	4326	4350	45	12	66
2011-11-17	4350	4340	4350	4338	4338	4342	-8	18	66
2011-11-18	4342	4314	4314	4314	4314	4314	-28	2	68
2011-11-21	4314	4315	4340	4310	4327	4323	9	10	70
2011-11-22	4323	4300	4300	4296	4296	4297	-26	30	72
2011-11-23	4297	4256	4256	4205	4205	4222	-75	6	74
2011-11-24	4222	4239	4239	4223	4226	4228	6	14	80
2011-11-25	4228	4219	4219	4219	4219	4219	-9	12	92
2011-11-28	4219	-	-	-	4219	4219	0	0	92
2011-11-29	4219	4208	4208	4208	4208	4208	-11	2	94
2011-11-30	4208	-	-	-	4208	4208	0	0	94
2011-12-01	4208	4295	4295	4251	4262	4268	60	28	104
2011-12-02	4268	4252	4252	4252	4252	4252	-16	2	106
2011-12-05	4252	-	-	-	4252	4252	0	0	106
2011-12-06	4252	4247	4247	4221	4242	4234	-18	16	108
2011-12-07	4234	4244	4250	4244	4250	4246	12	6	108
2011-12-08	4246	-	-	-	4246	4246	0	0	108
2011-12-09	4246	-	-	-	4246	4246	0	0	108
2011-12-12	4246	-	-	-	4246	4246	0	0	108
2011-12-13	4246	-	-	-	4246	4246	0	0	108
2011-12-14	4246	4225	4225	4225	4225	4225	-21	4	104
2011-12-15	4225	4225	4284	4225	4275	4259	34	22	110
2011-12-16	4259	4272	4289	4267	4289	4274	15	24	110
2011-12-19	4274	4308	4309	4284	4303	4299	25	32	116
2011-12-20	4299	4300	4300	4286	4287	4293	-6	20	124
2011-12-21	4293	4289	4289	4282	4282	4285	-8	4	124
2011-12-22	4285	4289	4289	4276	4276	4284	-1	6	126
2011-12-23	4284	4290	4290	4289	4290	4289	5	10	134
2011-12-26	4289	4308	4317	4291	4317	4309	20	24	140
2011-12-27	4309	-	-	-	4309	4309	0	0	140
2011-12-28	4309	4283	4313	4280	4310	4291	-18	28	140
2011-12-29	4291	4305	4320	4305	4315	4315	24	34	142
2011-12-30	4315	4318	4323	4302	4323	4315	0	8	142
2012-01-04	4315	4345	4345	4342	4342	4343	28	4	142
2012-01-05	4343	4342	4349	4342	4345	4345	2	12	146
2012-01-06	4345	4321	4325	4321	4325	4323	-22	6	148
2012-01-09	4323	4328	4332	4328	4332	4329	6	10	148
2012-01-10	4329	4358	4358	4342	4353	4353	24	24	152
2012-01-11	4353	4351	4357	4349	4357	4351	-2	32	178
2012-01-12	4351	4336	4343	4331	4343	4339	-12	26	182
2012-01-13	4339	4319	4319	4314	4314	4317	-22	6	178
2012-01-16	4317	4301	4301	4271	4275	4278	-39	48	188
2012-01-17	4278	4276	4309	4276	4309	4288	10	20	184
2012-01-18	4288	4282	4291	4282	4284	4288	0	12	178
2012-01-19	4288	4293	4293	4293	4293	4293	5	2	178
2012-01-20	4293	4309	4325	4309	4325	4316	23	12	178
2012-01-30	4316	4355	4355	4299	4329	4329	13	16	176
2012-01-31	4329	4322	4330	4322	4330	4328	-1	12	186
2012-02-01	4328	4355	4399	4355	4395	4375	47	64	194
2012-02-02	4375	4425	4440	4400	4440	4418	43	60	218
2012-02-03	4418	4401	4414	4400	4409	4401	-17	48	202
2012-02-06	4401	4428	4441	4421	4441	4430	29	90	200
2012-02-07	4430	4445	4631	4362	4422	4431	1	82	200
2012-02-08	4431	4417	4450	4417	4450	4431	0	224	278
2012-02-09	4431	4450	4450	4440	4440	4444	13	18	268
2012-02-10	4444	-	-	-	4444	4444	0	0	268
2012-02-13	4444	-	-	-	4444	4444	0	0	268
2012-02-14	4444	4458	4458	4458	4458	4458	14	2	266
2012-02-15	4458	4423	4450	4423	4450	4436	-22	4	266
2012-02-16	4436	-	-	-	4436	4436	0	0	266
2012-02-17	4436	4440	4440	4440	4440	4440	4	16	252
2012-02-20	4440	4474	4474	4450	4452	4459	19	30	252
2012-02-21	4459	4448	4476	4448	4476	4460	1	10	252
2012-02-22	4460	4465	4473	4453	4473	4463	3	12	254
2012-02-23	4463	4452	4456	4449	4456	4452	-11	24	244
2012-02-24	4452	4456	4456	4456	4456	4456	4	2	244
2012-02-27	4456	4480	4480	4480	4480	4480	24	22	222
2012-02-28	4480	4491	4491	4490	4490	4490	10	24	198
2012-02-29	4490	4495	4495	4494	4494	4494	4	4	194
2012-03-01	4494	4494	4494	4491	4491	4493	-1	28	170
2012-03-02	4493	4497	4498	4490	4490	4495	2	12	172
2012-03-05	4495	4495	4495	4495	4495	4495	0	4	170
2012-03-06	4495	4465	4487	4460	4460	4469	-26	10	172
2012-03-07	4469	4415	4476	4415	4476	4445	-24	4	172
2012-03-08	4445	4470	4471	4470	4471	4470	25	4	170
2012-03-09	4470	4499	4540	4499	4515	4517	47	26	174
2012-03-12	4517	-	-	-	4517	4517	0	0	174
2012-03-13	4517	-	-	-	4517	4517	0	0	174
2012-03-14	4517	4536	4536	4525	4525	4529	12	8	176
2012-03-15	4529	4527	4527	4513	4513	4520	-9	4	178
2012-03-16	4520	4535	4540	4508	4508	4527	7	6	176
2012-03-19	4527	4533	4537	4523	4527	4529	2	10	180
2012-03-20	4529	4503	4509	4491	4497	4500	-29	36	158
2012-03-21	4500	4485	4485	4483	4485	4484	-16	10	158
2012-03-22	4484	4494	4496	4494	4496	4495	11	6	158
2012-03-23	4495	4519	4520	4519	4520	4519	24	4	160
2012-03-26	4519	4529	4564	4529	4564	4548	29	10	166
2012-03-27	4548	4571	4574	4562	4569	4567	19	18	176
2012-03-28	4567	4568	4574	4566	4570	4570	3	10	178
2012-03-29	4570	4548	4548	4547	4547	4547	-23	4	178
2012-03-30	4547	4519	4519	4519	4519	4519	-28	2	178
2012-04-05	4519	4596	4619	4596	4619	4610	91	30	190
2012-04-06	4610	4640	4713	4640	4713	4663	53	34	188
2012-04-09	4663	4688	4689	4688	4689	4688	25	6	182
2012-04-10	4688	4711	4711	4700	4700	4708	20	14	176
2012-04-11	4708	4590	4651	4590	4629	4631	-77	12	178
2012-04-12	4631	-	-	-	4631	4631	0	0	178
2012-04-13	4631	-	-	-	4631	4631	0	0	178
2012-04-16	4631	4615	4615	4615	4615	4615	-16	2	178
2012-04-17	4615	4551	4614	4551	4614	4582	-33	4	180
2012-04-18	4582	4678	4678	4585	4588	4597	15	30	182
2012-04-19	4597	4616	4616	4568	4592	4577	-20	196	244
2012-04-20	4577	4599	4599	4579	4587	4594	17	76	212
2012-04-23	4594	4615	4615	4615	4615	4615	21	8	204
2012-04-24	4615	-	-	-	4615	4615	0	0	204
2012-04-25	4615	-	-	-	4615	4615	0	0	204
2012-04-26	4615	4592	4592	4566	4566	4579	-36	12	202
2012-04-27	4579	4584	4608	4582	4600	4590	11	22	204
2012-05-02	4590	-	-	-	4590	4590	0	0	204
2012-05-03	4590	-	-	-	4590	4590	0	0	204
2012-05-04	4590	4542	4557	4542	4557	4547	-43	8	200
2012-05-07	4547	4522	4526	4474	4509	4508	-39	18	194
2012-05-08	4508	4514	4525	4514	4525	4519	11	20	190
2012-05-09	4519	4460	4476	4460	4476	4466	-53	24	192
2012-05-10	4466	4476	4476	4466	4473	4472	6	32	190
2012-05-11	4472	-	-	-	4472	4472	0	0	190
2012-05-14	4472	4361	4361	4324	4324	4342	-130	4	186
2012-05-15	4342	4339	4339	4302	4336	4328	-14	22	190
2012-05-16	4328	4314	4314	4238	4290	4300	-28	16	178
2012-05-17	4300	4308	4315	4285	4300	4293	-7	18	164
2012-05-18	4293	4293	4293	4293	4293	4293	0	2	162
2012-05-21	4293	4300	4316	4300	4316	4305	12	6	164
2012-05-22	4305	4304	4304	4303	4303	4303	-2	10	154
2012-05-23	4303	4210	4253	4202	4202	4229	-74	8	154
2012-05-24	4229	4309	4309	4250	4262	4282	53	8	150
2012-05-25	4282	4276	4276	4238	4255	4263	-19	68	96
2012-05-28	4263	4263	4264	4263	4264	4263	0	6	96
2012-05-29	4263	-	-	-	4263	4263	0	0	96
2012-05-30	4263	4287	4287	4287	4287	4287	24	2	96
2012-05-31	4287	4279	4279	4279	4279	4279	-8	4	94
2012-06-01	4279	-	-	-	4279	4279	0	0	94
2012-06-04	4279	-	-	-	4279	4279	0	0	94
2012-06-05	4279	4266	4266	4266	4266	4266	-13	2	92
2012-06-06	4266	-	-	-	4266	4266	0	0	92
2012-06-07	4266	-	-	-	4266	4266	0	0	92
2012-06-08	4266	-	-	-	4266	4266	0	0	92
2012-06-11	4266	4334	4393	4333	4343	4350	84	8	94
2012-06-12	4350	4373	4385	4364	4385	4374	24	6	92
2012-06-13	4374	4420	4433	4358	4360	4388	14	24	102
2012-06-14	4388	-	-	-	4388	4388	0	0	102
2012-06-15	4388	-	-	-	4388	4388	0	0	102
2012-06-18	4388	4337	4340	4327	4327	4336	-52	18	106
2012-06-19	4336	4360	4385	4360	4381	4377	41	10	108
2012-06-20	4377	-	-	-	4377	4377	0	0	108
2012-06-21	4377	-	-	-	4377	4377	0	0	108
2012-06-25	4377	4450	4450	4450	4450	4450	73	12	98
2012-06-26	4450	4495	4495	4426	4431	4461	11	8	98
2012-06-27	4461	-	-	-	4461	4461	0	0	98
2012-06-28	4461	4402	4453	4402	4453	4427	-34	4	98
2012-06-29	4427	4427	4427	4427	4427	4427	0	16	82
2012-07-02	4427	-	-	-	4427	4427	0	0	82
2012-07-03	4427	4448	4448	4448	4448	4448	21	2	84
2012-07-04	4448	4470	4474	4467	4471	4470	22	10	92
2012-07-05	4470	-	-	-	4470	4470	0	0	92
2012-07-06	4470	-	-	-	4470	4470	0	0	92
2012-07-09	4470	4559	4648	4559	4610	4622	152	10	92
2012-07-10	4622	4604	4604	4603	4603	4603	-19	8	96
2012-07-11	4603	4708	4710	4603	4603	4671	68	18	90
2012-07-12	4671	4566	4566	4487	4493	4503	-168	60	132
2012-07-13	4503	4683	4683	4551	4590	4612	109	126	128
2012-07-16	4612	4689	4727	4681	4713	4703	91	54	124
2012-07-17	4703	4701	4701	4598	4657	4633	-70	28	142
2012-07-18	4633	4656	4656	4628	4649	4650	17	34	140
2012-07-19	4650	4664	4700	4661	4672	4691	41	70	152
2012-07-20	4691	4745	4790	4709	4720	4740	49	60	154
2012-07-23	4740	4763	4793	4716	4717	4746	6	116	140
2012-07-24	4746	4603	4609	4557	4557	4583	-163	20	126
2012-07-25	4583	4515	4578	4515	4526	4541	-42	34	110
2012-07-26	4541	4532	4532	4525	4525	4530	-11	12	106
2012-07-27	4530	4500	4500	4500	4500	4500	-30	2	106
2012-07-30	4500	4675	4680	4659	4669	4669	169	12	112
2012-07-31	4669	4701	4701	4701	4701	4701	32	2	110
2012-08-01	4701	4747	4747	4660	4660	4697	-4	8	108
2012-08-02	4697	4648	4648	4648	4648	4648	-49	4	106
2012-08-03	4648	4710	4747	4671	4676	4705	57	114	168
2012-08-06	4705	4701	4711	4648	4648	4682	-23	14	162
2012-08-07	4682	4682	4704	4640	4666	4677	-5	56	136
2012-08-08	4677	4675	4675	4587	4587	4625	-52	16	140
2012-08-09	4625	4614	4677	4614	4627	4635	10	26	138
2012-08-10	4635	4673	4677	4664	4677	4670	35	112	136
2012-08-13	4670	4715	4715	4641	4641	4671	1	20	134
2012-08-14	4671	4619	4619	4581	4581	4600	-71	18	134
2012-08-15	4600	4682	4682	4639	4639	4660	60	4	132
2012-08-16	4660	4659	4708	4653	4653	4672	12	8	132
2012-08-17	4672	-	-	-	4672	4672	0	0	132
2012-08-20	4672	-	-	-	4672	4672	0	0	132
2012-08-21	4672	-	-	-	4672	4672	0	0	132
2012-08-22	4672	4801	4801	4791	4797	4796	124	18	134
2012-08-23	4796	4800	4837	4769	4784	4806	10	26	142
2012-08-24	4806	4781	4814	4781	4814	4805	-1	56	160
2012-08-27	4805	4858	4886	4858	4880	4876	71	50	186
2012-08-28	4876	4812	4817	4812	4817	4814	-62	72	248
2012-08-29	4814	-	-	-	4814	4814	0	0	248
2012-08-30	4814	4850	4853	4830	4853	4840	26	44	244
2012-08-31	4840	4830	4830	4829	4830	4829	-11	12	242
2012-09-03	4829	4842	4955	4842	4948	4897	68	156	178
2012-09-04	4897	4959	5024	4959	5010	4982	85	66	200
2012-09-05	4982	-	-	-	4982	4982	0	0	200
2012-09-06	4982	-	-	-	4982	4982	0	0	200
2012-09-07	4982	4945	4945	4905	4908	4914	-68	52	196
2012-09-10	4914	4959	4959	4939	4939	4945	31	6	192
2012-09-11	4945	4920	4920	4920	4920	4920	-25	6	186
2012-09-12	4920	4944	4944	4944	4944	4944	24	2	184
2012-09-13	4944	4982	4983	4982	4983	4982	38	14	182
2012-09-14	4982	-	-	-	4982	4982	0	0	182
2012-09-17	4982	4901	4920	4901	4920	4906	-76	8	188
2012-09-18	4906	4831	4877	4802	4808	4825	-81	64	206
2012-09-19	4825	4820	4821	4791	4800	4811	-14	46	216
2012-09-20	4811	4781	4805	4776	4778	4786	-25	14	224
2012-09-21	4786	4776	4804	4760	4800	4771	-15	110	306
2012-09-24	4771	4765	4829	4624	4829	4761	-10	44	286
2012-09-25	4761	4880	4880	4820	4835	4838	77	20	294
2012-09-26	4838	-	-	-	4838	4838	0	0	294
2012-09-27	4838	-	-	-	4838	4838	0	0	294
2012-09-28	4838	4826	4826	4710	4710	4774	-64	6	292
2012-10-08	4774	4764	4764	4630	4675	4657	-117	128	220
2012-10-10	4694	4696	4703	4680	4703	4695	1	26	242
2012-10-11	4695	4668	4776	4668	4745	4758	63	96	314
2012-10-12	4758	4741	4770	4740	4740	4747	-11	10	308
2012-10-15	4747	4670	4670	4670	4670	4670	-77	2	308
2012-10-16	4670	4730	4748	4675	4692	4709	39	34	310
2012-10-17	4709	-	-	-	4709	4709	0	0	310
2012-10-18	4709	4704	4726	4704	4726	4715	6	4	310
2012-10-19	4715	4710	4710	4700	4700	4701	-14	62	320
2012-10-22	4701	4715	4715	4700	4702	4706	5	34	338
2012-10-23	4706	-	-	-	4706	4706	0	0	338
2012-10-24	4706	-	-	-	4706	4706	0	0	338
2012-10-25	4706	4710	4725	4700	4702	4715	9	58	324
2012-10-26	4715	4718	4720	4710	4710	4715	0	70	386
2012-10-29	4715	4700	4725	4681	4700	4700	-15	36	410
2012-10-30	4700	4709	4709	4685	4685	4697	-3	16	410
2012-10-31	4697	-	-	-	4697	4697	0	0	410
2012-11-01	4697	4511	4511	4511	4511	4511	-186	2	90
2012-11-02	4511	-	-	-	4511	4511	0	0	90
