2010-07-15	3870	3930	3935	3911	3920	3925	55	20	18
2010-07-16	3925	3922	3963	3922	3961	3953	28	18	28
2010-07-19	3953	3951	4015	3950	3974	3973	20	18	36
2010-07-20	3973	3975	4000	3956	3992	3980	7	14	42
2010-07-21	3980	3998	3998	3972	3972	3982	2	32	66
2010-07-22	3982	3982	3982	3955	3970	3965	-17	50	86
2010-07-23	3965	3973	3999	3973	3977	3979	14	20	88
2010-07-26	3979	3981	3990	3981	3984	3985	6	32	96
2010-07-27	3985	3969	3969	3945	3946	3955	-30	82	120
2010-07-28	3955	3954	3960	3934	3960	3952	-3	24	120
2010-07-29	3952	4000	4000	3960	3974	3976	24	72	150
2010-07-30	3976	3996	4000	3990	3992	3997	21	96	178
2010-08-02	3997	4030	4068	4030	4062	4057	60	48	174
2010-08-03	4057	4035	4044	4010	4010	4031	-26	102	166
2010-08-04	4031	4049	4049	4025	4026	4038	7	74	144
2010-08-05	4038	4040	4042	3990	3990	4015	-23	96	160
2010-08-06	4015	3991	4012	3960	4011	3989	-26	48	176
2010-08-09	3989	4012	4080	4003	4070	4061	72	88	180
2010-08-10	4061	4046	4046	4025	4033	4035	-26	74	198
2010-08-11	4035	4011	4041	4011	4020	4029	-6	14	200
2010-08-12	4029	4018	4057	4018	4041	4038	9	62	224
2010-08-13	4038	4060	4103	4060	4103	4081	43	34	222
2010-08-16	4081	4116	4177	4116	4166	4164	83	86	252
2010-08-17	4164	4188	4188	4132	4158	4157	-7	1836	2056
2010-08-18	4157	4175	4188	4108	4134	4161	4	152	2122
2010-08-19	4161	4131	4131	4093	4110	4111	-50	98	2136
2010-08-20	4111	4070	4076	4038	4051	4057	-54	232	2154
2010-08-23	4057	4061	4067	4045	4050	4056	-1	90	2174
2010-08-24	4056	4030	4049	4028	4028	4036	-20	184	2178
2010-08-25	4036	4038	4043	4011	4015	4028	-8	88	2198
2010-08-26	4028	4037	4038	4024	4038	4030	2	82	2214
2010-08-27	4030	4047	4065	4035	4052	4054	24	84	2238
2010-08-30	4054	4071	4104	4071	4083	4091	37	116	2252
2010-08-31	4091	4060	4060	4031	4042	4044	-47	2022	554
2010-09-01	4044	4042	4059	4026	4042	4041	-3	44	566
2010-09-02	4041	4045	4060	4039	4051	4048	7	52	568
2010-09-03	4048	4031	4087	4031	4083	4064	16	112	568
2010-09-06	4064	4115	4140	4115	4126	4125	61	98	576
2010-09-07	4125	4155	4155	4111	4144	4129	4	112	596
2010-09-08	4129	4161	4168	4132	4141	4149	20	130	624
2010-09-09	4149	4141	4141	4071	4093	4097	-52	276	724
2010-09-10	4097	4117	4117	4085	4111	4104	7	64	760
2010-09-13	4104	4088	4105	4088	4100	4100	-4	110	786
2010-09-14	4100	4090	4100	4080	4086	4086	-14	488	1208
2010-09-15	4086	4092	4129	4088	4121	4119	33	352	1204
2010-09-16	4119	4129	4150	4114	4135	4135	16	668	1194
2010-09-17	4135	4144	4162	4140	4160	4151	16	90	1216
2010-09-20	4151	4228	4285	4175	4225	4225	74	1648	1910
2010-09-21	4225	4200	4209	4171	4191	4187	-38	590	1590
2010-09-27	4187	4285	4300	4232	4235	4259	72	296	1570
2010-09-28	4259	4225	4245	4199	4232	4204	-55	1434	2408
2010-09-29	4204	4182	4198	4153	4171	4176	-28	366	2418
2010-09-30	4176	4175	4175	4155	4165	4166	-10	230	2402
2010-10-08	4166	4132	4174	4121	4150	4158	-8	194	2430
2010-10-11	4158	4324	4324	4324	4324	4324	166	60	2436
2010-10-12	4324	4302	4373	4282	4370	4349	25	1320	1932
2010-10-13	4349	4431	4431	4369	4395	4383	34	450	1996
2010-10-14	4383	4392	4415	4388	4405	4401	18	228	1956
2010-10-15	4401	4429	4439	4369	4439	4411	10	368	1996
2010-10-18	4411	4393	4406	4355	4370	4377	-34	796	2268
2010-10-19	4377	4377	4404	4377	4391	4392	15	284	2250
2010-10-20	4392	4355	4417	4341	4408	4382	-10	1648	2374
2010-10-21	4382	4459	4523	4459	4471	4489	107	1118	2628
2010-10-22	4489	4488	4516	4478	4502	4498	9	604	2912
2010-10-25	4498	4550	4605	4539	4589	4570	72	1238	3306
2010-10-26	4570	4610	4610	4535	4550	4550	-20	2344	5012
2010-10-27	4550	4579	4610	4420	4459	4510	-40	1974	5988
2010-10-28	4510	4475	4508	4470	4499	4490	-20	1014	6436
2010-10-29	4490	4477	4483	4420	4434	4447	-43	666	6612
2010-11-01	4447	4449	4547	4449	4532	4525	78	1688	7232
2010-11-02	4525	4532	4532	4489	4489	4505	-20	3414	9048
2010-11-03	4505	4499	4516	4471	4479	4502	-3	2332	9896
2010-11-04	4502	4500	4556	4500	4556	4528	26	2416	9540
2010-11-05	4528	4608	4709	4608	4709	4690	162	2212	10554
2010-11-08	4690	4648	4761	4648	4701	4705	15	4534	12714
2010-11-09	4705	4690	4761	4677	4745	4708	3	5704	15994
2010-11-10	4708	4781	4892	4781	4809	4832	124	4340	16772
2010-11-11	4832	4800	4884	4781	4839	4842	10	3226	17254
2010-11-12	4842	4859	4859	4649	4649	4692	-150	3354	17434
2010-11-15	4692	4580	4698	4505	4571	4594	-98	14870	24140
2010-11-16	4594	4595	4600	4421	4428	4504	-90	29778	43294
2010-11-17	4504	4324	4326	4324	4324	4324	-180	11208	43646
2010-11-18	4324	4350	4362	4230	4301	4303	-21	15002	48206
2010-11-19	4303	4355	4358	4268	4320	4312	9	12662	51358
2010-11-22	4312	4290	4315	4240	4277	4287	-25	9600	53352
2010-11-23	4287	4308	4338	4275	4315	4313	26	13120	55386
2010-11-24	4313	4340	4375	4330	4362	4359	46	9408	55604
2010-11-25	4359	4370	4375	4327	4327	4353	-6	28988	70228
2010-11-26	4353	4340	4342	4253	4284	4299	-54	28894	81844
2010-11-29	4299	4278	4292	4221	4288	4254	-45	30862	88484
2010-11-30	4254	4275	4275	4220	4261	4248	-6	16518	88442
2010-12-01	4248	4248	4285	4241	4280	4269	21	8336	88748
2010-12-02	4269	4340	4368	4325	4354	4344	75	22308	85010
2010-12-03	4344	4348	4384	4339	4370	4360	16	18936	86246
2010-12-06	4360	4396	4403	4352	4365	4377	17	28132	93510
2010-12-07	4377	4350	4372	4337	4371	4355	-22	15646	96214
2010-12-08	4355	4330	4338	4290	4291	4320	-35	18704	96966
2010-12-09	4320	4319	4399	4298	4310	4321	1	21180	101160
2010-12-10	4321	4305	4312	4285	4311	4299	-22	14280	104200
2010-12-13	4299	4297	4366	4280	4352	4339	40	25770	106168
2010-12-14	4339	4360	4391	4357	4380	4373	34	25262	107638
2010-12-15	4373	4378	4443	4371	4381	4403	30	43454	109262
2010-12-16	4403	4388	4418	4379	4405	4401	-2	37144	114582
2010-12-17	4401	4400	4414	4391	4402	4400	-1	30136	124182
2010-12-20	4400	4437	4450	4381	4405	4422	22	58312	131714
2010-12-21	4422	4420	4442	4406	4440	4426	4	31574	130942
2010-12-22	4426	4455	4458	4406	4411	4429	3	42000	141256
2010-12-23	4429	4419	4488	4418	4483	4459	30	87062	162534
2010-12-24	4459	4502	4556	4494	4536	4526	67	111690	162858
2010-12-27	4526	4503	4563	4502	4544	4537	11	87046	175686
2010-12-28	4537	4580	4613	4541	4545	4573	36	130436	207966
2010-12-29	4573	4557	4557	4465	4481	4497	-76	114096	204486
2010-12-30	4497	4472	4509	4456	4507	4486	-11	78320	208218
2010-12-31	4486	4486	4523	4474	4505	4502	16	78594	211736
2011-01-04	4502	4491	4534	4491	4524	4516	14	82586	224194
2011-01-05	4516	4500	4500	4463	4475	4480	-36	84692	232410
2011-01-06	4480	4500	4545	4500	4540	4529	49	112312	237712
2011-01-07	4529	4500	4510	4423	4439	4475	-54	138008	242780
2011-01-10	4475	4452	4470	4432	4445	4456	-19	85642	243922
2011-01-11	4456	4471	4479	4443	4459	4459	3	84768	236842
2011-01-12	4459	4448	4472	4435	4450	4454	-5	125408	238136
2011-01-13	4454	4550	4566	4502	4503	4519	65	124344	230016
2011-01-14	4519	4501	4536	4493	4531	4519	0	105114	231832
2011-01-17	4519	4530	4555	4518	4546	4538	19	155782	243754
2011-01-18	4538	4540	4604	4529	4601	4565	27	263230	265312
2011-01-19	4565	4601	4624	4588	4609	4609	44	241638	284234
2011-01-20	4609	4590	4597	4558	4565	4575	-34	163760	283130
2011-01-21	4575	4550	4570	4519	4541	4551	-24	111902	276698
2011-01-24	4551	4554	4603	4548	4580	4582	31	165042	278062
2011-01-25	4582	4555	4576	4525	4526	4547	-35	98358	277200
2011-01-26	4547	4496	4496	4402	4443	4440	-107	134668	272598
2011-01-27	4440	4474	4475	4438	4453	4454	14	70682	269286
2011-01-28	4454	4450	4470	4438	4450	4454	0	63512	268180
2011-01-31	4454	4455	4498	4451	4489	4479	25	70966	265128
2011-02-01	4479	4508	4517	4490	4516	4502	23	57864	265718
2011-02-09	4502	4531	4598	4516	4591	4574	72	147266	260242
2011-02-10	4574	4610	4681	4600	4646	4653	79	209642	272682
2011-02-11	4653	4632	4692	4622	4669	4662	9	216196	270754
2011-02-14	4662	4671	4706	4656	4682	4681	19	151160	278920
2011-02-15	4681	4652	4665	4622	4633	4645	-36	148576	287692
2011-02-16	4645	4581	4615	4572	4614	4595	-50	133734	297958
2011-02-17	4595	4615	4635	4574	4576	4608	13	132204	295662
2011-02-18	4608	4623	4630	4581	4583	4608	0	123416	290840
2011-02-21	4608	4560	4580	4550	4553	4562	-46	94268	291002
2011-02-22	4562	4572	4597	4511	4575	4558	-4	129234	287872
2011-02-23	4558	4440	4449	4400	4425	4430	-128	136488	287764
2011-02-24	4430	4445	4447	4361	4368	4404	-26	127166	287190
2011-02-25	4404	4383	4418	4378	4414	4400	-4	94384	276856
2011-02-28	4400	4451	4463	4432	4450	4445	45	83708	271956
2011-03-01	4445	4445	4464	4432	4453	4446	1	61416	273276
2011-03-02	4446	4450	4575	4442	4553	4525	79	289912	290962
2011-03-03	4525	4555	4555	4501	4506	4528	3	156890	286940
2011-03-04	4528	4550	4593	4521	4545	4549	21	220484	285242
2011-03-07	4549	4531	4543	4508	4536	4529	-20	84960	285042
2011-03-08	4529	4500	4508	4441	4453	4475	-54	117096	284766
2011-03-09	4475	4463	4468	4438	4453	4454	-21	76580	279168
2011-03-10	4454	4425	4435	4402	4408	4419	-35	81412	278682
2011-03-11	4419	4416	4432	4392	4399	4413	-6	68820	277548
2011-03-14	4413	4390	4445	4370	4392	4401	-12	145374	278316
2011-03-15	4401	4403	4467	4384	4456	4435	34	250716	301918
2011-03-16	4435	4380	4440	4380	4429	4411	-24	233620	305424
2011-03-17	4411	4429	4477	4408	4466	4448	37	201944	311918
2011-03-18	4448	4496	4497	4459	4466	4474	26	152268	304110
2011-03-21	4474	4480	4518	4461	4500	4494	20	229348	309020
2011-03-22	4494	4494	4527	4485	4508	4512	18	192612	314016
2011-03-23	4512	4513	4554	4507	4552	4537	25	197034	317466
2011-03-24	4537	4541	4550	4501	4514	4526	-11	151062	310266
2011-03-25	4526	4527	4612	4526	4609	4584	58	330448	337118
2011-03-28	4584	4604	4660	4574	4639	4625	41	651610	380680
2011-03-29	4625	4619	4659	4603	4651	4633	8	560460	410378
2011-03-30	4633	4660	4669	4610	4625	4635	2	402524	381244
2011-03-31	4635	4633	4650	4588	4610	4618	-17	326380	370812
2011-04-01	4618	4650	4659	4620	4635	4640	22	294540	351632
2011-04-06	4640	4616	4674	4613	4670	4644	4	292128	369762
2011-04-07	4644	4652	4666	4641	4649	4653	9	184194	361580
2011-04-08	4653	4636	4656	4606	4654	4631	-22	292424	359458
2011-04-11	4631	4684	4744	4674	4679	4705	74	542036	430008
2011-04-12	4705	4632	4654	4613	4616	4632	-73	312148	393734
2011-04-13	4632	4575	4605	4575	4600	4590	-42	284598	392654
2011-04-14	4590	4584	4590	4531	4534	4562	-28	264396	384272
2011-04-15	4562	4556	4565	4525	4529	4547	-15	219042	359352
2011-04-18	4547	4520	4568	4505	4562	4548	1	262108	378234
2011-04-19	4548	4565	4575	4540	4545	4554	6	213548	367640
2011-04-20	4554	4561	4582	4560	4579	4572	18	244278	405398
2011-04-21	4572	4577	4580	4557	4563	4568	-4	178426	380266
2011-04-22	4568	4590	4593	4555	4573	4574	6	171572	379768
2011-04-25	4574	4589	4590	4543	4553	4564	-10	146452	382010
2011-04-26	4564	4527	4541	4517	4517	4528	-36	119958	371606
2011-04-27	4528	4528	4543	4507	4516	4525	-3	145702	370974
2011-04-28	4525	4522	4548	4522	4544	4536	11	130726	374842
2011-04-29	4536	4505	4508	4451	4458	4475	-61	171006	372664
2011-05-03	4475	4490	4494	4464	4475	4474	-1	84900	370578
2011-05-04	4474	4453	4461	4419	4424	4434	-40	135020	382388
2011-05-05	4434	4412	4447	4396	4433	4428	-6	188568	395130
2011-05-06	4428	4390	4395	4350	4357	4370	-58	213106	386878
2011-05-09	4370	4380	4382	4366	4380	4374	4	92834	383622
2011-05-10	4374	4378	4405	4375	4403	4391	17	132522	382192
2011-05-11	4391	4408	4420	4394	4396	4405	14	130770	384072
2011-05-12	4405	4397	4422	4360	4366	4397	-8	211358	388658
2011-05-13	4397	4396	4414	4382	4412	4397	0	168030	389330
2011-05-16	4397	4400	4405	4386	4387	4393	-4	107164	383436
2011-05-17	4393	4381	4389	4326	4355	4355	-38	178486	393884
2011-05-18	4355	4380	4388	4364	4371	4376	21	124430	400234
2011-05-19	4376	4405	4415	4389	4390	4400	24	134956	401510
2011-05-20	4400	4395	4415	4389	4413	4404	4	146124	401716
2011-05-23	4404	4425	4448	4407	4413	4427	23	168280	382504
2011-05-24	4427	4420	4440	4413	4437	4424	-3	120116	383772
2011-05-25	4424	4430	4449	4428	4436	4436	12	116152	384612
2011-05-26	4436	4448	4465	4445	4462	4457	21	108412	379774
2011-05-27	4457	4470	4473	4441	4454	4456	-1	115210	373342
2011-05-30	4456	4450	4472	4436	4460	4455	-1	178260	375028
2011-05-31	4455	4465	4475	4446	4454	4458	3	105376	377928
2011-06-01	4458	4460	4464	4443	4448	4454	-4	75168	382446
2011-06-02	4454	4450	4479	4449	4478	4466	12	167340	384834
2011-06-03	4466	4493	4519	4486	4518	4499	33	145932	377990
2011-06-07	4499	4489	4489	4466	4475	4477	-22	110540	348222
2011-06-08	4477	4488	4490	4460	4473	4476	-1	92072	346642
2011-06-09	4476	4486	4493	4471	4472	4483	7	90492	335136
2011-06-10	4483	4475	4479	4447	4459	4464	-19	85372	325930
2011-06-13	4464	4451	4468	4448	4463	4459	-5	73118	330906
2011-06-14	4459	4454	4470	4454	4469	4463	4	59878	326426
2011-06-15	4463	4469	4469	4446	4458	4458	-5	69470	321806
2011-06-16	4458	4451	4460	4434	4437	4446	-12	70578	321362
2011-06-17	4446	4432	4432	4400	4407	4413	-33	101962	312964
2011-06-20	4413	4400	4406	4390	4394	4397	-16	52748	311832
2011-06-21	4397	4405	4419	4403	4417	4410	13	42842	308600
2011-06-22	4410	4420	4430	4412	4418	4419	9	51544	310652
2011-06-23	4419	4414	4414	4379	4396	4391	-28	54738	307070
2011-06-24	4391	4388	4423	4376	4416	4407	16	78042	311360
2011-06-27	4407	4403	4414	4380	4391	4395	-12	106434	320604
2011-06-28	4395	4410	4430	4404	4414	4416	21	107512	335036
2011-06-29	4416	4430	4430	4418	4421	4424	8	54054	334814
2011-06-30	4424	4420	4435	4418	4432	4428	4	71644	331286
2011-07-01	4428	4398	4409	4392	4404	4402	-26	60458	321244
2011-07-04	4402	4413	4440	4412	4434	4427	25	89452	307340
2011-07-05	4427	4437	4452	4427	4440	4439	12	85984	292034
2011-07-06	4439	4437	4444	4421	4423	4430	-9	50196	284112
2011-07-07	4430	4419	4433	4419	4428	4427	-3	36552	279220
2011-07-08	4427	4443	4460	4441	4460	4451	24	85366	266156
2011-07-11	4451	4462	4470	4455	4456	4460	9	44174	267296
2011-07-12	4460	4457	4458	4410	4440	4440	-20	52296	247160
2011-07-13	4440	4453	4476	4453	4474	4468	28	76246	209428
2011-07-14	4468	4500	4500	4473	4478	4484	16	48708	204234
2011-07-15	4484	4475	4476	4463	4466	4470	-14	30604	202032
2011-07-18	4470	4470	4475	4446	4448	4464	-6	37020	198436
2011-07-19	4464	4454	4454	4432	4453	4446	-18	19892	195712
2011-07-20	4446	4453	4458	4440	4455	4450	4	16570	192778
2011-07-21	4450	4448	4462	4443	4455	4455	5	30936	179230
2011-07-22	4455	4459	4460	4452	4453	4454	-1	10736	174464
2011-07-25	4454	4444	4444	4416	4418	4425	-29	27712	160314
2011-07-26	4425	4422	4430	4416	4430	4424	-1	9432	159696
2011-07-27	4424	4438	4455	4435	4447	4445	21	18508	160210
2011-07-28	4445	4434	4437	4426	4431	4433	-12	7180	156956
2011-07-29	4433	4440	4446	4421	4427	4433	0	12540	152990
2011-08-01	4433	4435	4466	4430	4463	4445	12	14932	154736
2011-08-02	4445	4455	4468	4444	4455	4456	11	18828	153088
2011-08-03	4456	4468	4478	4451	4453	4465	9	18862	149018
2011-08-04	4465	4461	4461	4426	4429	4442	-23	22242	144266
2011-08-05	4442	4396	4396	4306	4359	4363	-79	56608	113206
2011-08-08	4363	4347	4364	4321	4347	4345	-18	16448	105360
2011-08-09	4345	4306	4332	4290	4327	4316	-29	36168	88804
2011-08-10	4316	4352	4355	4325	4336	4338	22	9304	86930
2011-08-11	4338	4328	4359	4320	4350	4346	8	7748	85520
2011-08-12	4346	4360	4376	4355	4358	4367	21	4614	84846
2011-08-15	4367	4370	4408	4370	4398	4396	29	7620	85414
2011-08-16	4396	4403	4404	4366	4366	4380	-16	7440	83140
2011-08-17	4380	4379	4391	4373	4376	4379	-1	5560	82178
2011-08-18	4379	4382	4391	4372	4375	4380	1	4170	81024
2011-08-19	4380	4360	4371	4342	4365	4362	-18	6584	77798
2011-08-22	4362	4383	4396	4375	4375	4386	24	5926	77896
2011-08-23	4386	4390	4408	4390	4403	4399	13	6370	78778
2011-08-24	4399	4408	4408	4386	4390	4391	-8	6582	80034
2011-08-25	4391	4395	4395	4373	4381	4381	-10	3612	79646
2011-08-26	4381	4386	4390	4365	4369	4376	-5	2650	79342
2011-08-29	4376	4410	4484	4405	4475	4437	61	27234	77318
2011-08-30	4437	4452	4498	4452	4467	4478	41	12746	75904
2011-08-31	4478	4480	4496	4471	4481	4485	7	8364	74836
2011-09-01	4485	4486	4497	4463	4471	4480	-5	5330	74394
2011-09-02	4480	4460	4475	4454	4470	4463	-17	6354	76596
2011-09-05	4463	4466	4546	4449	4453	4507	44	14210	76518
2011-09-06	4507	4410	4457	4408	4445	4425	-82	10904	71314
2011-09-07	4425	4455	4488	4448	4487	4461	36	6248	73242
2011-09-08	4461	4481	4481	4451	4464	4464	3	3064	73176
2011-09-09	4464	4464	4486	4453	4485	4471	7	4458	73292
2011-09-13	4471	4412	4438	4388	4391	4402	-69	10738	67038
2011-09-14	4402	4392	4408	4352	4356	4368	-34	9136	62536
2011-09-15	4368	4363	4370	4345	4353	4361	-7	3264	61782
2011-09-16	4361	4343	4354	4317	4352	4337	-24	4240	60868
2011-09-19	4337	4347	4347	4287	4292	4310	-27	9716	56598
2011-09-20	4310	4298	4319	4298	4310	4309	-1	2626	56490
2011-09-21	4309	4285	4315	4280	4306	4293	-16	2980	56138
2011-09-22	4293	4260	4281	4246	4259	4263	-30	11164	52762
2011-09-23	4263	4205	4235	4050	4097	4153	-110	21956	43098
2011-09-26	4153	4100	4113	4029	4035	4077	-76	16176	42430
2011-09-27	4077	4080	4157	4078	4137	4114	37	4638	42400
2011-09-28	4114	4115	4122	4088	4115	4099	-15	5910	41966
2011-09-29	4099	4050	4065	3980	4044	4032	-67	5188	40698
2011-09-30	4032	4067	4117	4060	4108	4084	52	4390	38990
2011-10-10	4084	4099	4134	4011	4088	4095	11	2614	39014
2011-10-11	4095	4112	4132	4090	4105	4113	18	3726	39586
2011-10-12	4113	4180	4180	4127	4159	4152	39	2432	39310
2011-10-13	4152	4161	4171	4148	4166	4160	8	1272	39072
2011-10-14	4160	4178	4183	4164	4174	4173	13	1142	38966
2011-10-17	4173	4179	4182	4144	4146	4159	-14	764	38758
2011-10-18	4159	4122	4128	4078	4099	4106	-53	1504	38782
2011-10-19	4106	4120	4142	4084	4100	4110	4	1446	38654
2011-10-20	4110	4037	4051	4013	4043	4034	-76	4142	38714
2011-10-21	4034	4051	4077	4051	4074	4066	32	768	38574
2011-10-24	4066	4121	4135	4050	4127	4101	35	1024	38492
2011-10-25	4101	4141	4150	4116	4128	4131	30	804	38464
2011-10-26	4131	4118	4142	4101	4132	4120	-11	1116	38458
2011-10-27	4120	4102	4157	4102	4154	4142	22	1280	38488
2011-10-28	4142	4163	4180	4135	4135	4160	18	858	38452
2011-10-31	4160	4150	4150	4084	4088	4101	-59	464	38488
2011-11-01	4101	4109	4126	4089	4107	4109	8	434	38458
2011-11-02	4109	4086	4132	4081	4132	4107	-2	290	38462
2011-11-03	4107	4122	4130	4101	4106	4115	8	380	38382
2011-11-04	4115	4133	4145	4130	4137	4138	23	354	38396
2011-11-07	4138	4121	4128	4112	4113	4119	-19	540	38388
2011-11-08	4119	4100	4110	4086	4103	4100	-19	254	38438
2011-11-09	4100	4121	4121	4093	4099	4101	1	410	38412
2011-11-10	4101	4057	4057	4030	4032	4043	-58	596	38404
2011-11-11	4043	4043	4051	4026	4051	4043	0	194	38340
2011-11-14	4043	4059	4072	4050	4070	4063	20	232	38306
2011-11-15	4063	4092	4092	4051	4080	4071	8	154	38306
2011-11-16	4071	4085	4091	4057	4064	4071	0	554	38080
2011-11-17	4071	4060	4089	4055	4085	4060	-11	8682	37920
2011-11-18	4060	4062	4078	4058	4078	4066	6	722	37720
2011-11-21	4066	4077	4085	4067	4070	4073	7	1004	37528
2011-11-22	4073	4042	4077	4042	4058	4064	-9	502	37502
2011-11-23	4064	4058	4072	4032	4052	4051	-13	646	37308
2011-11-24	4051	4030	4051	4014	4035	4035	-16	1412	36826
2011-11-25	4035	4035	4035	4002	4005	4008	-27	358	36826
2011-11-28	4008	4020	4020	4001	4006	4010	2	496	36806
2011-11-29	4010	4024	4040	4013	4033	4025	15	2406	37038
2011-11-30	4025	4024	4037	4005	4008	4019	-6	528	36972
2011-12-01	4019	4019	4058	4019	4058	4039	20	1486	36964
2011-12-02	4039	4039	4055	4038	4048	4045	6	240	36936
2011-12-05	4045	4048	4057	4044	4056	4048	3	466	36982
2011-12-06	4048	4039	4049	4039	4045	4040	-8	180	36964
2011-12-07	4040	4056	4058	4048	4054	4054	14	240	36958
2011-12-08	4054	4054	4054	4021	4028	4028	-26	2868	36880
2011-12-09	4028	4024	4044	4024	4040	4037	9	226	36862
2011-12-12	4037	4012	4027	4011	4013	4018	-19	514	36816
2011-12-13	4018	4014	4037	4014	4031	4029	11	400	36752
2011-12-14	4029	4042	4068	4038	4040	4049	20	476	36690
2011-12-15	4049	4019	4066	4010	4046	4042	-7	902	36422
2011-12-16	4042	4067	4068	4043	4052	4050	8	184	36410
2011-12-19	4050	4047	4062	4039	4060	4056	6	1804	34622
2011-12-20	4056	4041	4055	4041	4043	4044	-12	546	34286
2011-12-21	4044	4050	4050	4040	4043	4045	1	272	34146
2011-12-22	4045	4033	4049	4013	4049	4038	-7	646	34060
2011-12-23	4038	4036	4050	4034	4036	4040	2	212	34130
2011-12-26	4040	4035	4056	4035	4050	4050	10	970	33458
2011-12-27	4050	4041	4058	4041	4052	4054	4	532	33286
2011-12-28	4054	4055	4075	4055	4068	4065	11	366	33280
2011-12-29	4065	4069	4082	4056	4074	4075	10	380	33274
2011-12-30	4075	4079	4084	4032	4070	4065	-10	658	33184
2012-01-04	4065	4080	4180	4080	4120	4087	22	4536	16094
2012-01-05	4087	4150	4150	4115	4124	4124	37	42	13094
2012-01-06	4124	4143	4143	4124	4139	4130	6	732	3922
2012-01-09	4130	4170	4170	4120	4149	4141	11	134	116
2012-01-10	4141	4188	4188	4188	4188	4188	47	10	44
2012-01-11	4188	4109	4109	4100	4100	4101	-87	20	60
2012-01-12	4101	-	-	-	4101	4101	0	0	60
2012-01-13	4101	4100	4100	4100	4100	4100	-1	18	78
2012-01-16	4100	4100	4100	4090	4100	4099	-1	44	60
2012-01-17	4099	4110	4200	4100	4100	4095	-4	64	0
