2009-01-19	3336	3478	3478	3320	3320	3399	63	80	0
2009-01-20	3399	-	-	-	3399	3399	0	0	0
2009-01-21	3399	-	-	-	3399	3399	0	0	0
2009-01-22	3399	-	-	-	3399	3399	0	0	0
2009-01-23	3399	-	-	-	3399	3399	0	0	0
2009-02-02	3399	3216	3420	3216	3420	3361	-38	8	4
2009-02-03	3361	3222	3340	3222	3340	3307	-54	16	8
2009-02-04	3307	3343	3360	3343	3360	3348	41	6	4
2009-02-05	3348	3385	3426	3385	3402	3404	56	6	4
2009-02-06	3404	3420	3420	3420	3420	3420	16	2	6
2009-02-09	3420	3520	3525	3505	3505	3518	98	8	12
2009-02-10	3518	3525	3525	3525	3525	3525	7	4	16
2009-02-11	3525	3495	3495	3466	3466	3475	-50	6	16
2009-02-12	3475	-	-	-	3475	3475	0	0	16
2009-02-13	3475	-	-	-	3475	3475	0	0	16
2009-02-16	3475	3470	3470	3464	3464	3467	-8	4	18
2009-02-17	3467	3440	3440	3440	3440	3440	-27	2	18
2009-02-18	3440	3367	3367	3315	3315	3336	-104	8	16
2009-02-19	3336	-	-	-	3336	3336	0	0	16
2009-02-20	3336	3390	3390	3390	3390	3390	54	2	18
2009-02-23	3390	3358	3358	3358	3358	3358	-32	2	18
2009-02-24	3358	-	-	-	3358	3358	0	0	18
2009-02-25	3358	3394	3476	3394	3427	3432	74	6	18
2009-02-26	3432	3390	3390	3390	3390	3390	-42	2	18
2009-02-27	3390	3306	3306	3306	3306	3306	-84	2	18
2009-03-02	3306	3278	3278	3278	3278	3278	-28	2	18
2009-03-03	3278	-	-	-	3278	3278	0	0	18
2009-03-04	3278	3319	3320	3319	3320	3319	41	6	24
2009-03-05	3319	-	-	-	3319	3319	0	0	24
2009-03-06	3319	3261	3324	3260	3324	3281	-38	14	26
2009-03-09	3281	-	-	-	3281	3281	0	0	26
2009-03-10	3281	-	-	-	3281	3281	0	0	26
2009-03-11	3281	-	-	-	3281	3281	0	0	26
2009-03-12	3281	3260	3278	3260	3278	3273	-8	8	26
2009-03-13	3273	3280	3280	3280	3280	3280	7	2	26
2009-03-16	3280	-	-	-	3280	3280	0	0	26
2009-03-17	3280	-	-	-	3280	3280	0	0	26
2009-03-18	3280	3330	3330	3312	3312	3321	41	4	28
2009-03-19	3321	3362	3362	3350	3350	3354	33	6	28
2009-03-20	3354	3375	3375	3375	3375	3375	21	2	28
2009-03-23	3375	3468	3468	3468	3468	3468	93	2	26
2009-03-24	3468	3406	3406	3406	3406	3406	-62	4	26
2009-03-25	3406	3403	3422	3391	3422	3410	4	32	36
2009-03-26	3410	3379	3379	3379	3379	3379	-31	2	36
2009-03-27	3379	3376	3376	3376	3376	3376	-3	2	36
2009-03-30	3376	-	-	-	3376	3376	0	0	36
2009-03-31	3376	3310	3333	3310	3333	3321	-55	4	36
2009-04-01	3321	-	-	-	3321	3321	0	0	36
2009-04-02	3321	3399	3415	3390	3415	3401	80	6	36
2009-04-03	3401	3414	3444	3404	3404	3420	19	6	36
2009-04-07	3420	3442	3442	3442	3442	3442	22	2	34
2009-04-08	3442	-	-	-	3442	3442	0	0	34
2009-04-09	3442	-	-	-	3442	3442	0	0	34
2009-04-10	3442	3412	3508	3412	3508	3458	16	36	34
2009-04-13	3458	-	-	-	3458	3458	0	0	34
2009-04-14	3458	-	-	-	3458	3458	0	0	34
2009-04-15	3458	-	-	-	3458	3458	0	0	34
2009-04-16	3458	3502	3502	3502	3502	3502	44	2	34
2009-04-17	3502	3570	3570	3502	3502	3536	34	4	34
2009-04-20	3536	3405	3487	3400	3471	3410	-126	46	72
2009-04-21	3410	3458	3458	3288	3386	3362	-48	38	70
2009-04-22	3362	-	-	-	3362	3362	0	0	70
2009-04-23	3362	3448	3448	3448	3448	3448	86	2	72
2009-04-24	3448	3468	3468	3396	3396	3430	-18	16	76
2009-04-27	3430	3306	3306	3259	3259	3270	-160	20	90
2009-04-28	3270	3289	3320	3281	3281	3316	46	44	128
2009-04-29	3316	3320	3320	3282	3308	3305	-11	172	128
2009-04-30	3305	-	-	-	3305	3305	0	0	128
2009-05-04	3305	-	-	-	3305	3305	0	0	128
2009-05-05	3305	3470	3470	3450	3450	3465	160	18	118
2009-05-06	3465	-	-	-	3465	3465	0	0	118
2009-05-07	3465	3500	3500	3466	3466	3483	18	4	116
2009-05-08	3483	3472	3472	3471	3471	3471	-12	4	116
2009-05-11	3471	-	-	-	3471	3471	0	0	116
2009-05-12	3471	3426	3442	3426	3442	3439	-32	28	94
2009-05-13	3439	3563	3563	3465	3465	3493	54	18	98
2009-05-14	3493	3433	3460	3433	3460	3463	-30	20	98
2009-05-15	3463	3472	3480	3472	3480	3467	4	22	100
2009-05-18	3467	-	-	-	3467	3451	-16	4	100
2009-05-19	3451	-	-	-	3451	3449	-2	8	100
2009-05-20	3449	3481	3570	3481	3540	3499	50	28	100
2009-05-21	3499	3549	3562	3526	3531	3539	40	34	98
2009-05-22	3539	3607	3607	3596	3596	3587	48	16	98
2009-05-25	3587	3590	3666	3590	3651	3646	59	28	92
2009-05-26	3646	3630	3635	3630	3630	3635	-11	22	92
2009-05-27	3635	-	-	-	3635	3635	0	0	92
2009-06-01	3635	3745	3749	3745	3749	3746	111	8	94
2009-06-02	3746	3749	3752	3747	3747	3749	3	20	100
2009-06-03	3749	3744	3744	3744	3744	3742	-7	12	96
2009-06-04	3742	3720	3720	3693	3693	3706	-36	4	96
2009-06-05	3706	3760	3760	3726	3726	3733	27	8	92
2009-06-08	3733	3690	3690	3690	3690	3690	-43	2	92
2009-06-09	3690	3690	3690	3690	3690	3690	0	2	92
2009-06-10	3690	3691	3691	3656	3656	3685	-5	20	94
2009-06-11	3685	3721	3721	3682	3682	3691	6	14	90
2009-06-12	3691	3735	3735	3702	3702	3713	22	6	90
2009-06-15	3713	3639	3639	3639	3639	3639	-74	2	88
2009-06-16	3639	3639	3640	3600	3603	3621	-18	36	94
2009-06-17	3621	3605	3645	3605	3636	3624	3	44	94
2009-06-18	3624	3639	3639	3639	3639	3639	15	2	94
2009-06-19	3639	3601	3640	3601	3640	3620	-19	4	94
2009-06-22	3620	3551	3569	3551	3569	3558	-62	8	94
2009-06-23	3558	3588	3627	3526	3620	3578	20	82	108
2009-06-24	3578	3611	3611	3594	3594	3599	21	24	102
2009-06-25	3599	3603	3603	3594	3594	3597	-2	6	104
2009-06-26	3597	3600	3630	3600	3630	3619	22	42	108
2009-06-29	3619	3582	3683	3582	3612	3651	32	86	96
2009-06-30	3651	3536	3623	3536	3614	3613	-38	42	108
2009-07-01	3613	3640	3646	3640	3640	3643	30	8	102
2009-07-02	3643	3663	3663	3648	3653	3658	15	12	106
2009-07-03	3658	3633	3633	3592	3592	3619	-39	34	96
2009-07-06	3619	3571	3609	3571	3585	3596	-23	98	132
2009-07-07	3596	3576	3585	3555	3555	3573	-23	8	128
2009-07-08	3573	3451	3507	3443	3480	3480	-93	70	122
2009-07-09	3480	3518	3518	3491	3507	3506	26	26	122
2009-07-10	3506	3500	3535	3500	3510	3516	10	8	122
2009-07-13	3516	3492	3533	3492	3526	3514	-2	36	122
2009-07-14	3514	3484	3524	3484	3521	3503	-11	48	122
2009-07-15	3503	-	-	-	3503	3503	0	0	122
2009-07-16	3503	-	-	-	3503	3503	0	0	122
2009-07-17	3503	3488	3513	3468	3502	3493	-10	66	122
2009-07-20	3493	3507	3559	3507	3559	3520	27	14	122
2009-07-21	3520	-	-	-	3520	3520	0	0	122
2009-07-22	3520	3575	3575	3540	3570	3554	34	14	128
2009-07-23	3554	3597	3597	3555	3557	3572	18	10	122
2009-07-24	3572	3557	3566	3532	3532	3541	-31	54	146
2009-07-27	3541	3522	3522	3522	3522	3522	-19	30	146
2009-07-28	3522	-	-	-	3522	3522	0	0	146
2009-07-29	3522	-	-	-	3522	3522	0	0	146
2009-07-30	3522	3536	3562	3536	3562	3554	32	8	146
2009-07-31	3554	3558	3558	3558	3558	3558	4	2	146
2009-08-03	3558	3677	3722	3667	3714	3699	141	28	146
2009-08-04	3699	3755	3755	3695	3701	3709	10	16	138
2009-08-05	3709	3749	3770	3726	3726	3743	34	90	160
2009-08-06	3743	3710	3710	3691	3691	3700	-43	30	150
2009-08-07	3700	3690	3690	3650	3650	3671	-29	6	150
2009-08-10	3671	3743	3743	3710	3720	3729	58	8	148
2009-08-11	3729	3770	3770	3710	3770	3755	26	18	152
2009-08-12	3755	3856	3856	3780	3780	3826	71	56	146
2009-08-13	3826	3899	3977	3815	3815	3848	22	132	156
2009-08-14	3848	3820	3820	3745	3745	3785	-63	30	160
2009-08-17	3785	3760	3760	3600	3615	3633	-152	148	152
2009-08-18	3633	3650	3650	3605	3640	3637	4	12	154
2009-08-19	3637	3600	3650	3555	3571	3586	-51	48	146
2009-08-20	3586	3634	3634	3590	3620	3618	32	34	166
2009-08-21	3618	3562	3629	3562	3605	3597	-21	78	152
2009-08-24	3597	3720	3720	3680	3700	3702	105	56	130
2009-08-25	3702	3738	3749	3674	3681	3702	0	160	184
2009-08-26	3702	3730	3730	3691	3705	3711	9	26	184
2009-08-27	3711	3681	3696	3681	3685	3690	-21	34	182
2009-08-28	3690	3758	3758	3705	3705	3715	25	122	202
2009-08-31	3715	3737	3737	3650	3650	3672	-43	60	226
2009-09-01	3672	3636	3675	3620	3641	3640	-32	96	206
2009-09-02	3640	3620	3630	3545	3548	3583	-57	96	244
2009-09-03	3583	3585	3620	3585	3620	3608	25	34	232
2009-09-04	3608	3670	3670	3541	3541	3577	-31	26	234
2009-09-07	3577	3513	3554	3513	3536	3535	-42	18	232
2009-09-08	3535	3560	3580	3555	3561	3564	29	28	244
2009-09-09	3564	3580	3580	3567	3570	3570	6	32	242
2009-09-10	3570	-	-	-	3570	3570	0	0	242
2009-09-11	3570	3580	3620	3560	3560	3581	11	12	240
2009-09-14	3581	3520	3520	3520	3520	3546	-35	6	240
2009-09-15	3546	3488	3556	3488	3535	3535	-11	10	244
2009-09-16	3535	3566	3613	3566	3609	3601	66	42	230
2009-09-17	3601	3590	3630	3590	3630	3608	7	34	222
2009-09-18	3608	3722	3730	3679	3680	3708	100	50	218
2009-09-21	3708	3687	3687	3648	3665	3667	-41	50	218
2009-09-22	3667	3659	3695	3659	3670	3669	2	36	196
2009-09-23	3669	3671	3671	3636	3636	3656	-13	14	196
2009-09-24	3656	3648	3648	3576	3576	3600	-56	26	204
2009-09-25	3600	3585	3765	3581	3581	3639	39	50	216
2009-09-28	3639	3570	3570	3505	3530	3530	-109	32	222
2009-09-29	3530	3544	3544	3505	3505	3520	-10	8	220
2009-09-30	3520	3515	3520	3491	3491	3508	-12	86	264
2009-10-09	3508	3556	3636	3535	3564	3567	59	40	268
2009-10-12	3567	3629	3656	3611	3640	3637	70	152	314
2009-10-13	3637	3689	3689	3622	3622	3644	7	132	314
2009-10-14	3644	3624	3662	3624	3642	3642	-2	110	284
2009-10-15	3642	3640	3660	3640	3645	3645	3	54	270
2009-10-16	3645	3645	3670	3640	3665	3656	11	148	188
2009-10-19	3656	3669	3700	3665	3700	3681	25	98	146
2009-10-20	3681	3687	3714	3687	3714	3705	24	26	156
2009-10-21	3705	3682	3728	3680	3728	3693	-12	36	140
2009-10-22	3693	3749	3749	3713	3718	3722	29	12	140
2009-10-23	3722	3739	3750	3713	3750	3732	10	20	148
2009-10-26	3732	3730	3798	3715	3742	3737	5	144	168
2009-10-27	3737	3702	3724	3691	3713	3703	-34	32	166
2009-10-28	3703	3681	3681	3681	3681	3681	-22	8	164
2009-10-29	3681	3672	3689	3670	3672	3675	-6	10	158
2009-10-30	3675	3699	3699	3699	3699	3699	24	2	158
2009-11-02	3699	3670	3710	3670	3710	3677	-22	20	142
2009-11-03	3677	3740	3750	3720	3727	3736	59	14	142
2009-11-04	3736	3769	3769	3736	3741	3754	18	10	140
2009-11-05	3754	-	-	-	3754	3754	0	0	140
2009-11-06	3754	3735	3735	3735	3735	3735	-19	4	136
2009-11-09	3735	-	-	-	3735	3735	0	0	136
2009-11-10	3735	3720	3722	3720	3722	3721	-14	10	136
2009-11-11	3721	3730	3730	3730	3730	3730	9	2	134
2009-11-12	3730	3735	3755	3735	3735	3740	10	14	136
2009-11-13	3740	3755	3778	3742	3778	3767	27	96	168
2009-11-16	3767	3777	3790	3777	3787	3785	18	28	176
2009-11-17	3785	3755	3795	3702	3789	3770	-15	48	168
2009-11-18	3770	3781	3811	3781	3788	3787	17	56	160
2009-11-19	3787	3812	3814	3806	3806	3812	25	50	154
2009-11-20	3812	3832	3839	3796	3800	3808	-4	40	148
2009-11-23	3808	3860	3890	3860	3876	3875	67	16	146
2009-11-24	3875	3890	3910	3870	3883	3897	22	514	530
2009-11-25	3897	3883	3950	3883	3934	3922	25	146	578
2009-11-26	3922	3955	3996	3953	3977	3967	45	124	534
2009-11-27	3967	3962	4000	3895	3897	3953	-14	200	550
2009-11-30	3953	3970	4090	3970	4065	4030	77	116	568
2009-12-01	4030	4055	4055	4020	4038	4033	3	78	548
2009-12-02	4033	4042	4080	4010	4049	4036	3	54	546
2009-12-03	4036	4038	4038	3990	3990	4015	-21	90	552
2009-12-04	4015	4018	4040	4018	4027	4025	10	64	552
2009-12-07	4025	4027	4155	4027	4140	4130	105	1154	1270
2009-12-08	4130	4130	4184	4130	4176	4169	39	200	1360
2009-12-09	4169	4143	4189	4143	4166	4170	1	398	1462
2009-12-10	4170	4122	4170	4100	4130	4128	-42	232	1452
2009-12-11	4128	4140	4158	4133	4142	4142	14	64	1448
2009-12-14	4142	4151	4151	4100	4121	4112	-30	288	1448
2009-12-15	4112	4133	4159	4131	4146	4145	33	146	1408
2009-12-16	4145	4133	4163	4132	4163	4150	5	42	1402
2009-12-17	4150	4162	4171	4140	4154	4153	3	104	1402
2009-12-18	4153	4121	4121	4101	4112	4114	-39	154	1404
2009-12-21	4114	4110	4114	4095	4095	4105	-9	98	1404
2009-12-22	4105	4097	4115	4087	4090	4100	-5	52	1406
2009-12-23	4100	4101	4101	4069	4100	4087	-13	112	1406
2009-12-24	4087	4105	4124	4104	4120	4113	26	58	1406
2009-12-25	4113	4114	4117	4110	4110	4112	-1	14	1406
2009-12-28	4112	4127	4159	4126	4155	4142	30	30	1402
2009-12-29	4142	4189	4189	4155	4174	4173	31	32	1408
2009-12-30	4173	4155	4160	4153	4153	4157	-16	64	1408
2009-12-31	4157	4176	4180	4168	4180	4172	15	10	1412
2010-01-04	4172	4202	4228	4191	4203	4208	36	82	1426
2010-01-05	4208	4203	4220	4185	4217	4214	6	234	1410
2010-01-06	4214	4200	4285	4200	4261	4249	35	264	1414
2010-01-07	4249	4263	4273	4175	4188	4211	-38	452	1446
2010-01-08	4211	4192	4192	4131	4157	4157	-54	152	1442
2010-01-11	4157	4197	4200	4171	4171	4181	24	260	1280
2010-01-12	4181	4116	4159	4116	4153	4147	-34	28	1268
2010-01-13	4147	4065	4107	4065	4070	4082	-65	100	1254
2010-01-14	4082	4070	4091	4070	4091	4079	-3	8	1254
2010-01-15	4079	4085	4097	4070	4070	4083	4	50	1240
2010-01-18	4083	4063	4071	4062	4070	4069	-14	26	1228
2010-01-19	4069	4090	4090	4075	4080	4080	11	38	1214
2010-01-20	4080	4054	4066	4045	4048	4056	-24	148	1216
2010-01-21	4056	4041	4070	4039	4053	4054	-2	146	1262
2010-01-22	4054	4057	4057	4030	4054	4040	-14	14	1262
2010-01-25	4040	4040	4081	4040	4066	4066	26	34	1264
2010-01-26	4066	4032	4065	4031	4055	4046	-20	106	1250
2010-01-27	4046	4070	4071	4056	4068	4063	17	96	1234
2010-01-28	4063	4058	4058	4019	4024	4029	-34	124	1230
2010-01-29	4029	4030	4041	4015	4015	4031	2	62	1226
2010-02-01	4031	3988	3988	3942	3948	3968	-63	194	1276
2010-02-02	3968	3972	3972	3910	3918	3931	-37	72	1278
2010-02-03	3931	3937	3937	3937	3937	3937	6	2	1278
2010-02-04	3937	3900	3930	3900	3928	3909	-28	14	1278
2010-02-05	3909	3945	3970	3945	3970	3958	49	28	1266
2010-02-08	3958	3970	4016	3970	4016	4003	45	42	1270
2010-02-09	4003	4047	4047	4005	4022	4017	14	74	1250
2010-02-10	4017	4016	4040	3995	3995	4028	11	140	1210
2010-02-11	4028	4040	4067	4026	4026	4045	17	52	1210
2010-02-12	4045	4022	4040	4012	4029	4036	-9	94	1210
2010-02-22	4036	4031	4031	4031	4031	4031	-5	2	1212
2010-02-23	4031	4074	4074	4050	4067	4062	31	226	1214
2010-02-24	4062	4050	4067	4050	4065	4063	1	22	1214
2010-02-25	4063	4075	4075	4040	4050	4062	-1	28	1218
2010-02-26	4062	4035	4054	4032	4045	4040	-22	54	1218
2010-03-01	4040	4054	4080	4050	4070	4066	26	104	1220
2010-03-02	4066	4060	4070	4055	4056	4060	-6	44	1216
2010-03-03	4060	4052	4080	4036	4061	4062	2	56	1212
2010-03-04	4062	4063	4064	4039	4039	4045	-17	32	1212
2010-03-05	4045	4011	4045	4011	4036	4033	-12	52	1208
2010-03-08	4033	4056	4056	4049	4055	4054	21	32	1210
2010-03-09	4054	4063	4063	4037	4051	4052	-2	62	1230
2010-03-10	4052	4055	4055	4048	4048	4051	-1	12	1230
2010-03-11	4051	4066	4066	4038	4041	4044	-7	178	1230
2010-03-12	4044	4030	4030	4016	4021	4024	-20	48	1212
2010-03-15	4024	4010	4010	4005	4010	4007	-17	34	1210
2010-03-16	4007	4048	4048	4015	4030	4030	23	118	1216
2010-03-17	4030	4050	4050	4040	4042	4042	12	60	1216
2010-03-18	4042	4021	4055	4021	4035	4038	-4	124	1218
2010-03-19	4038	4055	4059	4037	4055	4051	13	40	1220
2010-03-22	4051	4057	4067	4041	4051	4056	5	198	1322
2010-03-23	4056	4058	4062	4043	4049	4055	-1	40	1320
2010-03-24	4055	4037	4038	4033	4034	4035	-20	42	1320
2010-03-25	4035	4039	4040	4037	4037	4038	3	30	1314
2010-03-26	4038	4012	4012	3995	4005	4004	-34	144	1302
2010-03-29	4004	4010	4016	3990	4011	4009	5	74	1276
2010-03-30	4009	4018	4018	4006	4015	4014	5	12	1278
2010-03-31	4014	4017	4022	4012	4012	4017	3	62	1272
2010-04-01	4017	4000	4002	3991	4002	3996	-21	24	1268
2010-04-02	3996	4019	4019	4000	4004	4006	10	14	1264
2010-04-06	4006	4002	4012	4001	4002	4005	-1	72	1240
2010-04-07	4005	4019	4019	3999	4004	4005	0	60	1212
2010-04-08	4005	4012	4012	3961	3961	3985	-20	218	1054
2010-04-09	3985	3967	3980	3965	3977	3973	-12	98	1024
2010-04-12	3973	3988	3988	3962	3977	3972	-1	124	926
2010-04-13	3972	3961	3971	3919	3925	3939	-33	500	528
2010-04-14	3939	3927	3928	3880	3887	3906	-33	466	426
2010-04-15	3906	3903	3903	3849	3857	3871	-35	324	344
2010-04-16	3871	3870	3879	3832	3878	3874	3	100	338
2010-04-19	3874	3872	3947	3842	3853	3865	-9	410	324
2010-04-20	3865	3851	3855	3777	3855	3833	-32	86	310
2010-04-21	3833	3858	3858	3858	3858	3858	25	2	308
2010-04-22	3858	3930	3930	3863	3874	3877	19	46	312
2010-04-23	3877	3872	3893	3872	3884	3886	9	64	312
2010-04-26	3886	3890	3890	3890	3890	3890	4	24	310
2010-04-27	3890	3876	3876	3865	3865	3870	-20	8	310
2010-04-28	3870	3834	3867	3834	3860	3855	-15	20	314
2010-04-29	3855	3875	3876	3865	3875	3871	16	34	306
2010-04-30	3871	3886	3886	3866	3874	3871	0	36	298
2010-05-04	3871	3875	3875	3848	3871	3866	-5	14	298
2010-05-05	3866	3876	3895	3857	3895	3884	18	44	290
2010-05-06	3884	3841	3881	3841	3862	3856	-28	22	282
2010-05-07	3856	3862	3862	3840	3842	3845	-11	58	276
2010-05-10	3845	3860	3860	3845	3845	3849	4	8	276
2010-05-11	3849	3850	3853	3825	3825	3840	-9	22	276
2010-05-12	3840	3850	3855	3845	3845	3851	11	94	336
2010-05-13	3851	-	-	-	3851	3851	0	0	336
2010-05-14	3851	3847	3847	3818	3830	3831	-20	6	336
2010-05-17	3831	3801	3801	3711	3712	3761	-70	28	326
2010-05-18	3761	3712	3790	3712	3764	3759	-2	58	322
2010-05-19	3759	3778	3800	3748	3751	3763	4	134	304
2010-05-20	3763	3790	3790	3750	3765	3765	2	88	310
2010-05-21	3765	3775	3800	3761	3773	3770	5	62	290
2010-05-24	3770	3770	3877	3756	3788	3798	28	260	280
2010-05-25	3798	3771	3788	3771	3775	3776	-22	58	312
2010-05-26	3776	3798	3798	3770	3788	3778	2	46	302
2010-05-27	3778	3799	3799	3775	3783	3785	7	32	308
2010-05-28	3785	3782	3798	3782	3791	3791	6	34	302
2010-05-31	3791	3790	3790	3765	3765	3777	-14	32	302
2010-06-01	3777	3787	3860	3751	3770	3799	22	90	258
2010-06-02	3799	3755	3772	3754	3759	3761	-38	68	248
2010-06-03	3761	3825	3825	3756	3766	3766	5	38	228
2010-06-04	3766	3767	3777	3766	3766	3772	6	18	224
2010-06-07	3772	3725	3766	3725	3747	3753	-19	30	218
2010-06-08	3753	3770	3770	3750	3756	3756	3	64	182
2010-06-09	3756	3760	3760	3741	3742	3749	-7	52	172
2010-06-10	3749	3750	3770	3705	3769	3752	3	22	168
2010-06-11	3752	3750	3756	3731	3731	3746	-6	32	164
2010-06-17	3746	3751	3755	3740	3751	3749	3	22	150
2010-06-18	3749	3712	3755	3712	3755	3750	1	38	130
2010-06-21	3750	3800	3800	3740	3795	3772	22	52	134
2010-06-22	3772	3764	3774	3750	3764	3764	-8	32	140
2010-06-23	3764	3765	3765	3722	3722	3746	-18	16	138
2010-06-24	3746	3748	3748	3736	3742	3741	-5	12	134
2010-06-25	3741	3656	3768	3656	3735	3701	-40	26	134
2010-06-28	3701	3680	3702	3680	3702	3698	-3	48	134
2010-06-29	3698	3700	3718	3695	3712	3704	6	40	136
2010-06-30	3704	3702	3720	3629	3715	3701	-3	78	114
2010-07-01	3701	3650	3650	3650	3650	3650	-51	4	76
2010-07-02	3650	3650	3650	3650	3650	3650	0	8	84
2010-07-05	3650	3740	3740	3645	3646	3723	73	82	86
2010-07-06	3723	3580	3629	3580	3629	3610	-113	12	98
2010-07-07	3610	3629	3629	3629	3629	3629	19	4	102
2010-07-08	3629	3634	3634	3629	3629	3629	0	74	78
2010-07-09	3629	-	-	-	3629	3629	0	0	78
2010-07-12	3629	-	-	-	3629	3629	0	0	78
2010-07-13	3629	-	-	-	3629	3629	0	0	78
2010-07-14	3629	-	-	-	3629	3671	42	0	0
