2009-11-16	3700	3777	3780	3777	3780	3778	78	6	6
2009-11-17	3778	3780	3780	3752	3765	3765	-13	14	14
2009-11-18	3765	3781	3805	3779	3802	3794	29	62	66
2009-11-19	3794	3797	3817	3797	3812	3811	17	32	82
2009-11-20	3811	3835	3841	3818	3833	3834	23	40	114
2009-11-23	3834	3781	3912	3781	3892	3880	46	138	162
2009-11-24	3880	3840	3898	3840	3858	3868	-12	200	268
2009-11-25	3868	3878	3919	3875	3915	3887	19	62	276
2009-11-26	3887	3922	3957	3922	3939	3940	53	198	302
2009-11-27	3940	3876	3971	3842	3858	3883	-57	308	388
2009-11-30	3883	3960	3990	3952	3975	3969	86	158	438
2009-12-01	3969	4072	4075	3950	3966	3969	0	90	456
2009-12-02	3969	3978	4001	3972	3981	3987	18	84	512
2009-12-03	3987	3979	3985	3961	3971	3975	-12	110	556
2009-12-04	3975	3975	3999	3973	3988	3981	6	150	602
2009-12-07	3981	4021	4069	4015	4058	4040	59	274	666
2009-12-08	4040	4045	4065	4043	4055	4056	16	122	662
2009-12-09	4056	4020	4049	3992	3992	4017	-39	166	760
2009-12-10	4017	4001	4005	3922	3949	3962	-55	188	840
2009-12-11	3962	3966	3977	3953	3963	3968	6	200	878
2009-12-14	3968	3950	3986	3904	3944	3943	-25	154	942
2009-12-15	3943	3950	3980	3950	3969	3971	28	44	942
2009-12-16	3971	3980	3991	3972	3989	3982	11	28	944
2009-12-17	3982	3981	3986	3964	3968	3976	-6	116	948
2009-12-18	3976	3905	3933	3905	3922	3923	-53	88	942
2009-12-21	3923	3918	3934	3890	3920	3917	-6	76	934
2009-12-22	3917	3916	3939	3909	3909	3926	9	48	930
2009-12-23	3926	3926	3929	3890	3908	3915	-11	90	996
2009-12-24	3915	3918	3937	3918	3934	3925	10	98	1006
2009-12-25	3925	3938	3938	3924	3926	3933	8	34	998
2009-12-28	3933	3956	3984	3955	3973	3972	39	64	1024
2009-12-29	3972	3996	3999	3972	3982	3986	14	54	1028
2009-12-30	3986	3993	3993	3974	3980	3984	-2	70	1042
2009-12-31	3984	3982	3999	3982	3999	3995	11	100	1046
2010-01-04	3995	4027	4095	4016	4027	4029	34	206	1066
2010-01-05	4029	4027	4049	4022	4025	4036	7	222	966
2010-01-06	4036	4041	4121	4041	4096	4083	47	174	942
2010-01-07	4083	4124	4124	3923	3999	4021	-62	410	890
2010-01-08	4021	3973	3985	3930	3940	3951	-70	148	928
2010-01-11	3951	3966	4009	3966	3991	3995	44	56	930
2010-01-12	3995	3954	3986	3951	3965	3971	-24	226	1052
2010-01-13	3971	3900	3900	3866	3869	3881	-90	1574	2196
2010-01-14	3881	3882	3892	3868	3871	3874	-7	766	2554
2010-01-15	3874	3865	3880	3856	3862	3866	-8	324	2586
2010-01-18	3866	3860	3866	3845	3852	3857	-9	1402	3756
2010-01-19	3857	3862	3870	3853	3861	3861	4	182	3832
2010-01-20	3861	3860	3860	3800	3808	3816	-45	1122	4590
2010-01-21	3816	3810	3840	3802	3822	3822	6	544	4594
2010-01-22	3822	3820	3827	3786	3816	3818	-4	8204	4616
2010-01-25	3818	3818	3859	3818	3849	3844	26	652	4796
2010-01-26	3844	3844	3852	3825	3825	3834	-10	1276	5752
2010-01-27	3834	3836	3852	3836	3846	3845	11	242	5714
2010-01-28	3845	3806	3826	3769	3784	3801	-44	1210	6166
2010-01-29	3801	3789	3803	3774	3774	3790	-11	374	6142
2010-02-01	3790	3771	3775	3710	3712	3723	-67	1720	6988
2010-02-02	3723	3724	3727	3670	3675	3694	-29	862	7378
2010-02-03	3694	3719	3724	3688	3724	3710	16	1178	7370
2010-02-04	3710	3685	3697	3679	3696	3686	-24	922	7598
2010-02-05	3686	3680	3724	3671	3721	3710	24	890	7596
2010-02-08	3710	3745	3756	3730	3737	3734	24	1792	6432
2010-02-09	3734	3740	3747	3735	3743	3740	6	438	6326
2010-02-10	3740	3743	3751	3696	3704	3711	-29	2950	8112
2010-02-11	3711	3734	3738	3721	3730	3729	18	840	7838
2010-02-12	3729	3721	3729	3691	3713	3707	-22	948	7864
2010-02-22	3707	3750	3750	3724	3735	3723	16	8034	8034
2010-02-23	3723	3738	3790	3738	3781	3747	24	10326	8840
2010-02-24	3747	3790	3790	3761	3776	3765	18	13008	8756
2010-02-25	3765	3780	3789	3760	3767	3772	7	1468	9094
2010-02-26	3772	3762	3780	3762	3769	3770	-2	780	9286
2010-03-01	3770	3782	3816	3782	3810	3806	36	2964	10508
2010-03-02	3806	3808	3824	3796	3812	3814	8	2250	10824
2010-03-03	3814	3823	3833	3816	3824	3823	9	2374	10668
2010-03-04	3823	3816	3822	3783	3784	3799	-24	2254	11350
2010-03-05	3799	3775	3780	3767	3779	3772	-27	3946	13030
2010-03-08	3772	3776	3795	3773	3792	3786	14	2354	13710
2010-03-09	3786	3794	3797	3780	3792	3788	2	1918	14312
2010-03-10	3788	3788	3796	3783	3785	3790	2	1696	14936
2010-03-11	3790	3799	3805	3770	3786	3787	-3	4232	14916
2010-03-12	3787	3762	3768	3755	3759	3758	-29	2090	15400
2010-03-15	3758	3756	3763	3742	3750	3751	-7	3080	16058
2010-03-16	3751	3752	3789	3752	3789	3769	18	1956	16002
2010-03-17	3769	3796	3799	3787	3790	3792	23	2394	16064
2010-03-18	3792	3798	3798	3779	3784	3788	-4	2006	16106
2010-03-19	3788	3789	3812	3786	3809	3804	16	4236	14848
2010-03-22	3804	3820	3820	3798	3811	3811	7	2374	14880
2010-03-23	3811	3820	3832	3807	3813	3820	9	2224	14862
2010-03-24	3820	3817	3817	3794	3798	3803	-17	1766	14968
2010-03-25	3803	3800	3812	3799	3806	3807	4	1336	14982
2010-03-26	3807	3795	3805	3788	3804	3794	-13	1992	15134
2010-03-29	3794	3809	3829	3804	3822	3818	24	2690	15192
2010-03-30	3818	3833	3843	3813	3837	3832	14	3946	15232
2010-03-31	3832	3838	3848	3826	3829	3837	5	3680	15166
2010-04-01	3837	3801	3820	3798	3815	3811	-26	2490	15320
2010-04-02	3811	3820	3829	3815	3820	3819	8	3532	16478
2010-04-06	3819	3816	3829	3810	3821	3821	2	2186	16562
2010-04-07	3821	3825	3852	3822	3851	3840	19	4250	16490
2010-04-08	3840	3850	3877	3848	3850	3860	20	7580	16536
2010-04-09	3860	3851	3885	3851	3884	3871	11	7662	17208
2010-04-12	3871	3899	3929	3898	3926	3913	42	19678	20852
2010-04-13	3913	3913	3944	3886	3935	3921	8	53226	32800
2010-04-14	3921	3948	3954	3935	3940	3942	21	43552	50222
2010-04-15	3942	3942	3944	3917	3920	3932	-10	25102	59452
2010-04-16	3932	3938	3958	3936	3954	3950	18	28268	63128
2010-04-19	3950	3945	3949	3915	3928	3935	-15	27242	65318
2010-04-20	3935	3948	3992	3942	3987	3972	37	45054	71704
2010-04-21	3972	3980	4009	3977	4001	3993	21	41476	70498
2010-04-22	3993	4015	4030	3995	4028	4018	25	43500	74574
2010-04-23	4018	4048	4074	4033	4071	4058	40	61668	78998
2010-04-26	4058	4085	4098	4051	4087	4077	19	71474	90136
2010-04-27	4077	4071	4072	4040	4056	4055	-22	71402	83706
2010-04-28	4055	4006	4039	3990	4019	4020	-35	76330	87240
2010-04-29	4020	4028	4039	4024	4030	4031	11	30122	86412
2010-04-30	4031	4031	4080	4031	4076	4049	18	82948	91258
2010-05-04	4049	4049	4061	4035	4040	4044	-5	62346	88632
2010-05-05	4044	4030	4106	4029	4105	4071	27	127944	97444
2010-05-06	4071	4089	4102	4041	4044	4063	-8	81082	96616
2010-05-07	4063	4005	4014	3939	3941	3972	-91	113698	71902
2010-05-10	3972	3970	4001	3965	3995	3983	11	52268	73904
2010-05-11	3983	3988	3991	3953	3957	3971	-12	52348	74088
2010-05-12	3971	3975	4010	3967	3992	3994	23	63802	75484
2010-05-13	3994	3990	3997	3979	3995	3989	-5	28684	75854
2010-05-14	3989	3988	3993	3965	3970	3978	-11	25288	76084
2010-05-17	3978	3955	3963	3860	3893	3902	-76	41410	77460
2010-05-18	3902	3888	3924	3875	3922	3906	4	34946	75216
2010-05-19	3906	3890	3909	3880	3885	3897	-9	33482	75572
2010-05-20	3897	3900	3917	3885	3900	3901	4	28624	77596
2010-05-21	3901	3898	3930	3890	3923	3915	14	44712	76282
2010-05-24	3915	3925	3937	3917	3930	3928	13	22738	76528
2010-05-25	3928	3923	3924	3878	3882	3896	-32	38988	82232
2010-05-26	3896	3900	3909	3868	3897	3888	-8	57938	84656
2010-05-27	3888	3898	3906	3885	3900	3895	7	22344	83064
2010-05-28	3895	3916	3916	3890	3892	3904	9	29312	83578
2010-05-31	3904	3880	3880	3830	3833	3852	-52	45636	90016
2010-06-01	3852	3842	3844	3818	3827	3832	-20	26562	85704
2010-06-02	3832	3827	3848	3822	3842	3837	5	30704	84484
2010-06-03	3837	3843	3855	3839	3843	3844	7	19554	83850
2010-06-04	3844	3865	3865	3845	3854	3855	11	17692	81942
2010-06-07	3855	3800	3802	3778	3793	3791	-64	17646	81198
2010-06-08	3791	3802	3820	3793	3814	3809	18	14278	81500
2010-06-09	3809	3801	3808	3780	3807	3794	-15	22652	79756
2010-06-10	3794	3815	3824	3801	3805	3812	18	15518	78646
2010-06-11	3812	3805	3816	3798	3802	3807	-5	9940	77894
2010-06-17	3807	3845	3845	3816	3818	3830	23	18154	85664
2010-06-18	3830	3826	3846	3823	3835	3835	5	22604	86264
2010-06-21	3835	3858	3905	3849	3897	3879	44	30040	88154
2010-06-22	3879	3880	3888	3872	3878	3878	-1	16356	86682
2010-06-23	3878	3863	3885	3860	3873	3872	-6	18084	86604
2010-06-24	3872	3861	3883	3861	3875	3875	3	8888	87148
2010-06-25	3875	3866	3871	3853	3859	3861	-14	11258	87712
2010-06-28	3861	3861	3866	3857	3858	3861	0	13254	90588
2010-06-29	3861	3863	3872	3828	3841	3850	-11	17934	90362
2010-06-30	3850	3820	3828	3809	3820	3817	-33	11908	91290
2010-07-01	3817	3817	3823	3810	3810	3818	1	6140	91326
2010-07-02	3818	3809	3845	3809	3841	3830	12	15650	93074
2010-07-05	3830	3833	3840	3824	3825	3831	1	8964	93932
2010-07-06	3831	3820	3830	3805	3825	3815	-16	13480	95158
2010-07-07	3815	3820	3838	3818	3830	3831	16	13014	97308
2010-07-08	3831	3888	3890	3868	3870	3874	43	21708	99368
2010-07-09	3874	3886	3894	3873	3891	3883	9	38122	105224
2010-07-12	3883	3890	3902	3869	3871	3885	2	24040	103822
2010-07-13	3885	3880	3884	3851	3856	3866	-19	22952	106908
2010-07-14	3866	3865	3880	3864	3869	3870	4	18722	107718
2010-07-15	3870	3871	3912	3867	3883	3894	24	71814	113150
2010-07-16	3894	3920	3946	3912	3939	3935	41	93944	126926
2010-07-19	3935	3934	3953	3922	3947	3932	-3	46790	128846
2010-07-20	3932	3930	3970	3923	3961	3947	15	95356	140980
2010-07-21	3947	3966	3976	3950	3956	3962	15	115282	146764
2010-07-22	3962	3960	3967	3928	3941	3945	-17	97526	147638
2010-07-23	3945	3943	3978	3939	3959	3965	20	136958	155262
2010-07-26	3965	3956	3985	3951	3972	3970	5	139252	162848
2010-07-27	3970	3950	3957	3918	3922	3935	-35	97242	160484
2010-07-28	3935	3931	3937	3923	3936	3931	-4	71704	161470
2010-07-29	3931	3950	3960	3934	3952	3948	17	103792	162022
2010-07-30	3948	3965	3985	3964	3977	3975	27	120576	167022
2010-08-02	3975	4006	4065	4000	4047	4044	69	212692	190772
2010-08-03	4044	4039	4042	3995	4000	4019	-25	184028	191648
2010-08-04	4019	4018	4055	4007	4022	4030	11	286986	214804
2010-08-05	4030	4052	4054	3965	3973	4000	-30	271196	216622
2010-08-06	4000	3990	4010	3963	4007	3989	-11	267860	223884
2010-08-09	3989	4015	4095	4001	4069	4055	66	634226	276712
2010-08-10	4055	4054	4054	4018	4027	4035	-20	325578	267672
2010-08-11	4035	4019	4052	4015	4023	4036	1	327614	254052
2010-08-12	4036	4021	4075	4002	4037	4049	13	657870	292660
2010-08-13	4049	4051	4106	4051	4103	4080	31	607018	331462
2010-08-16	4080	4115	4164	4105	4145	4142	62	757314	389952
2010-08-17	4142	4120	4137	4102	4135	4117	-25	533466	390032
2010-08-18	4117	4159	4177	4085	4105	4139	22	709270	368988
2010-08-19	4139	4110	4116	4071	4090	4093	-46	553422	357956
2010-08-20	4093	4052	4056	4014	4020	4032	-61	398900	333572
2010-08-23	4032	4032	4048	4008	4018	4027	-5	378596	322426
2010-08-24	4027	4012	4032	3994	3997	4016	-11	296472	313998
2010-08-25	4016	4001	4012	3974	3981	3995	-21	267606	301682
2010-08-26	3995	3991	4011	3991	4010	4000	5	237798	296874
2010-08-27	4000	4027	4037	4014	4026	4025	25	238032	294502
2010-08-30	4025	4060	4078	4045	4059	4062	37	260856	278740
2010-08-31	4062	4031	4031	3987	3990	4004	-58	245490	267774
2010-09-01	4004	3999	4018	3981	4002	4001	-3	234628	268714
2010-09-02	4001	4005	4010	3983	3998	3996	-5	295294	270996
2010-09-03	3996	4002	4037	3998	4033	4021	25	335558	262214
2010-09-06	4021	4069	4087	4053	4071	4072	51	298456	273996
2010-09-07	4072	4077	4092	4055	4092	4079	7	398622	279808
2010-09-08	4079	4112	4119	4063	4077	4091	12	277396	280230
2010-09-09	4091	4070	4089	3982	4023	4036	-55	326164	252780
2010-09-10	4036	4031	4042	4016	4034	4027	-9	210198	247048
2010-09-13	4027	4013	4031	4011	4030	4020	-7	188712	239734
2010-09-14	4020	4025	4035	4006	4009	4020	0	209300	247630
2010-09-15	4020	4022	4045	4012	4038	4029	9	313248	246696
2010-09-16	4029	4044	4054	4014	4026	4034	5	229816	239682
2010-09-17	4034	4040	4045	4023	4037	4034	0	222414	230018
2010-09-20	4034	4100	4190	4091	4146	4158	124	722904	282944
2010-09-21	4158	4130	4137	4081	4110	4111	-47	385860	244682
2010-09-27	4111	4225	4254	4156	4177	4194	83	365840	237800
2010-09-28	4194	4160	4189	4148	4182	4169	-25	180622	222754
2010-09-29	4169	4149	4154	4088	4120	4123	-46	179928	202358
2010-09-30	4123	4110	4128	4095	4124	4116	-7	98480	198250
2010-10-08	4116	4090	4131	4090	4092	4112	-4	107540	201478
2010-10-11	4112	4276	4276	4269	4276	4275	163	55002	207710
2010-10-12	4275	4250	4287	4203	4257	4259	-16	358862	217874
2010-10-13	4259	4286	4295	4250	4279	4273	14	258156	220940
2010-10-14	4273	4290	4299	4271	4280	4284	11	219138	230496
2010-10-15	4284	4294	4309	4236	4302	4288	4	285458	234946
2010-10-18	4288	4257	4269	4230	4240	4247	-41	179830	228928
2010-10-19	4247	4258	4279	4240	4256	4262	15	160406	219532
2010-10-20	4262	4206	4263	4184	4243	4235	-27	158838	214594
2010-10-21	4235	4288	4341	4278	4290	4312	77	281760	210408
2010-10-22	4312	4305	4313	4283	4293	4301	-11	131828	203032
2010-10-25	4301	4309	4394	4308	4368	4355	54	178748	177792
2010-10-26	4355	4360	4376	4317	4330	4345	-10	115870	153818
2010-10-27	4345	4343	4372	4238	4240	4296	-49	79844	145714
2010-10-28	4296	4281	4284	4251	4270	4269	-27	53288	142854
2010-10-29	4269	4269	4269	4197	4212	4224	-45	63240	134894
2010-11-01	4224	4234	4302	4231	4283	4279	55	62892	130740
2010-11-02	4279	4288	4288	4259	4284	4277	-2	43614	128504
2010-11-03	4277	4286	4297	4255	4266	4283	6	40820	119900
2010-11-04	4283	4300	4333	4283	4328	4308	25	44906	116316
2010-11-05	4308	4398	4478	4382	4467	4440	132	93894	115506
2010-11-08	4440	4475	4508	4410	4489	4470	30	90802	114312
2010-11-09	4470	4448	4537	4448	4512	4502	32	60328	117216
2010-11-10	4502	4580	4645	4517	4562	4593	91	73134	110566
2010-11-11	4593	4580	4636	4538	4593	4595	2	55620	108390
2010-11-12	4595	4635	4635	4412	4427	4461	-134	84848	102056
2010-11-15	4461	4447	4475	4284	4358	4384	-77	106142	85246
2010-11-16	4384	4378	4388	4292	4301	4342	-42	71944	70360
2010-11-17	4342	4171	4200	4169	4169	4176	-166	41272	66552
2010-11-18	4176	4246	4249	4130	4193	4176	0	57432	59396
2010-11-19	4176	4240	4240	4151	4201	4198	22	35462	57108
2010-11-22	4198	4123	4195	4123	4167	4167	-31	24926	53438
2010-11-23	4167	4185	4213	4155	4180	4186	19	43936	51706
2010-11-24	4186	4200	4240	4196	4211	4214	28	25496	51064
2010-11-25	4214	4231	4235	4201	4205	4220	6	15868	50436
2010-11-26	4220	4213	4217	4130	4155	4165	-55	16470	48866
2010-11-29	4165	4140	4167	4111	4164	4135	-30	16202	44286
2010-11-30	4135	4146	4160	4121	4151	4143	8	13624	39674
2010-12-01	4143	4143	4171	4132	4169	4155	12	5704	38656
2010-12-02	4155	4210	4243	4209	4226	4222	67	10996	34042
2010-12-03	4222	4218	4260	4210	4243	4238	16	6966	31734
2010-12-06	4238	4270	4274	4240	4250	4259	21	4878	30822
2010-12-07	4259	4250	4257	4225	4253	4240	-19	3498	31002
2010-12-08	4240	4238	4238	4180	4180	4206	-34	6670	29574
2010-12-09	4206	4212	4218	4198	4202	4210	4	2892	29424
2010-12-10	4210	4204	4204	4183	4201	4192	-18	2512	28784
2010-12-13	4192	4180	4244	4168	4231	4223	31	5782	27284
2010-12-14	4223	4250	4273	4240	4261	4256	33	5598	25318
2010-12-15	4256	4251	4370	4231	4232	4258	2	8394	21646
2010-12-16	4258	4232	4254	4232	4242	4243	-15	3276	20162
2010-12-17	4243	4246	4252	4237	4241	4242	-1	4086	17742
2010-12-20	4242	4266	4279	4200	4230	4243	1	4698	17166
2010-12-21	4243	4251	4261	4230	4261	4248	5	3378	15896
2010-12-22	4248	4276	4276	4236	4237	4253	5	1664	15448
2010-12-23	4253	4246	4267	4238	4264	4254	1	1710	14870
2010-12-24	4254	4288	4350	4274	4341	4310	56	9102	15850
2010-12-27	4310	4325	4380	4316	4374	4356	46	7590	16980
2010-12-28	4356	4425	4445	4402	4402	4423	67	2962	17032
2010-12-29	4423	4380	4411	4347	4358	4376	-47	1674	16814
2010-12-30	4376	4344	4375	4329	4375	4347	-29	1082	16716
2010-12-31	4347	4363	4372	4350	4361	4362	15	790	16586
2011-01-04	4362	4355	4382	4355	4367	4372	10	2208	17532
2011-01-05	4372	4360	4360	4311	4311	4319	-53	1012	17576
2011-01-06	4319	4323	4360	4323	4352	4345	26	894	17364
2011-01-07	4345	4283	4330	4267	4267	4295	-50	4400	17014
2011-01-10	4295	4275	4294	4272	4274	4282	-13	730	16986
2011-01-11	4282	4298	4298	4280	4286	4285	3	364	16930
2011-01-12	4285	4279	4288	4265	4273	4275	-10	606	16842
2011-01-13	4275	4366	4388	4315	4316	4340	65	684	16780
2011-01-14	4340	4320	4337	4306	4332	4328	-12	1244	16136
2011-01-17	4328	4330	4359	4329	4344	4350	22	1622	16704
2011-01-18	4350	4335	4374	4332	4374	4356	6	1812	17064
2011-01-19	4356	4388	4396	4363	4392	4384	28	774	16858
2011-01-20	4384	4381	4393	4357	4372	4381	-3	1516	17528
2011-01-21	4381	4361	4379	4360	4370	4369	-12	2060	17616
2011-01-24	4369	4375	4398	4371	4384	4387	18	552	17446
2011-01-25	4387	4387	4387	4339	4343	4356	-31	1274	16992
2011-01-26	4356	4322	4339	4273	4292	4291	-65	2198	15146
2011-01-27	4291	4312	4316	4292	4295	4301	10	114	15136
2011-01-28	4301	4300	4304	4290	4291	4296	-5	212	15074
2011-01-31	4296	4280	4316	4275	4316	4309	13	386	14852
2011-02-01	4309	4317	4344	4317	4344	4329	20	548	14762
2011-02-09	4329	4330	4380	4290	4375	4361	32	970	14816
2011-02-10	4361	4389	4430	4384	4408	4415	54	888	14964
2011-02-11	4415	4396	4435	4394	4420	4418	3	748	15202
2011-02-14	4418	4425	4585	4413	4458	4482	64	1352	15524
2011-02-15	4482	4458	4458	4417	4417	4439	-43	292	15518
2011-02-16	4439	4408	4408	4380	4395	4395	-44	550	15196
2011-02-17	4395	4300	4410	4300	4374	4385	-10	218	15134
2011-02-18	4385	4403	4411	4384	4384	4404	19	148	15078
2011-02-21	4404	4373	4373	4340	4349	4356	-48	260	14958
2011-02-22	4356	4357	4400	4320	4343	4344	-12	398	14836
2011-02-23	4344	4250	4294	4217	4266	4264	-80	610	14844
2011-02-24	4264	4300	4300	4238	4240	4253	-11	130	14868
2011-02-25	4253	4240	4273	4240	4273	4259	6	54	14840
2011-02-28	4259	4286	4365	4280	4307	4298	39	802	14946
2011-03-01	4298	4310	4310	4280	4285	4297	-1	278	15060
2011-03-02	4297	4283	4346	4282	4339	4317	20	634	15018
2011-03-03	4317	4339	4373	4306	4311	4323	6	224	15008
2011-03-04	4323	4348	4366	4315	4326	4335	12	380	15114
2011-03-07	4335	4322	4333	4314	4327	4325	-10	82	15102
2011-03-08	4325	4294	4300	4260	4264	4275	-50	154	15024
2011-03-09	4275	4264	4278	4264	4268	4267	-8	292	15002
2011-03-10	4267	4288	4288	4225	4227	4237	-30	180	14962
2011-03-11	4237	4221	4241	4218	4219	4220	-17	434	14906
2011-03-14	4220	4226	4248	4171	4177	4207	-13	368	14950
2011-03-15	4207	4198	4239	4171	4234	4211	4	652	15220
2011-03-16	4211	4198	4210	4131	4204	4182	-29	252	15158
2011-03-17	4182	4210	4230	4186	4224	4209	27	332	15326
2011-03-18	4209	4265	4265	4225	4225	4233	24	366	15456
2011-03-21	4233	4268	4450	4232	4305	4292	59	3854	17470
2011-03-22	4292	4308	4326	4304	4306	4311	19	906	17504
2011-03-23	4311	4292	4317	4291	4317	4311	0	392	17512
2011-03-24	4311	4302	4312	4292	4292	4307	-4	1688	17474
2011-03-25	4307	4301	4324	4301	4312	4305	-2	352	17708
2011-03-28	4305	4318	4360	4306	4356	4343	38	1786	18972
2011-03-29	4343	4348	4375	4332	4365	4344	1	10790	19090
2011-03-30	4344	4389	4389	4360	4360	4368	24	764	19330
2011-03-31	4368	4352	4375	4320	4328	4336	-32	360	19388
2011-04-01	4336	4350	4378	4333	4336	4350	14	640	19506
2011-04-06	4350	4318	4380	4316	4347	4344	-6	1114	19926
2011-04-07	4344	4340	4343	4327	4327	4333	-11	266	19750
2011-04-08	4333	4314	4326	4308	4320	4321	-12	280	19736
2011-04-11	4321	4333	4380	4333	4340	4357	36	1274	20572
2011-04-12	4357	4304	4320	4295	4302	4309	-48	690	20068
2011-04-13	4309	4299	4299	4259	4288	4273	-36	524	20152
2011-04-14	4273	4270	4270	4250	4252	4254	-19	316	20070
2011-04-15	4254	4236	4253	4223	4233	4237	-17	402	20132
2011-04-18	4237	4240	4252	4235	4247	4242	5	422	20080
2011-04-19	4242	4255	4264	4236	4236	4249	7	180	20072
2011-04-20	4249	4251	4251	4240	4241	4246	-3	108	20102
2011-04-21	4246	4241	4249	4237	4238	4240	-6	286	20230
2011-04-22	4240	4265	4269	4235	4247	4249	9	396	20392
2011-04-25	4249	4251	4251	4230	4231	4239	-10	206	20384
2011-04-26	4239	4206	4233	4206	4221	4223	-16	198	20342
2011-04-27	4223	4227	4254	4210	4210	4219	-4	226	20282
2011-04-28	4219	4200	4214	4199	4210	4201	-18	1618	20270
2011-04-29	4201	4162	4185	4153	4160	4168	-33	458	20186
2011-05-03	4168	4130	4150	4130	4130	4131	-37	206	5480
2011-05-04	4131	4130	4150	4120	4120	4138	7	352	4354
2011-05-05	4138	4109	4120	4105	4120	4113	-25	234	2736
2011-05-06	4113	4105	4105	4050	4060	4080	-33	174	2230
2011-05-09	4080	4045	4060	4045	4055	4055	-25	48	1852
2011-05-10	4055	4060	4060	4060	4060	4060	5	12	1864
2011-05-11	4060	4060	4060	4060	4060	4060	0	38	1884
2011-05-12	4060	4055	4057	4049	4050	4052	-8	92	1880
2011-05-13	4052	-	-	-	4052	4052	0	0	1276
2011-05-16	4052	4088	4088	3900	4000	4107	55	20	0
