2009-03-16	3266	3420	3420	3323	3323	3359	93	18	10
2009-03-17	3359	3320	3463	3320	3374	3388	29	28	30
2009-03-18	3388	3360	3360	3338	3343	3341	-47	76	46
2009-03-19	3341	3348	3390	3348	3370	3369	28	88	40
2009-03-20	3369	3400	3435	3380	3435	3405	36	60	68
2009-03-23	3405	3523	3523	3438	3490	3483	78	138	100
2009-03-24	3483	3500	3500	3454	3462	3467	-16	70	126
2009-03-25	3467	3470	3470	3412	3412	3451	-16	136	194
2009-03-26	3451	3465	3472	3443	3472	3453	2	28	194
2009-03-27	3453	3456	3456	3395	3395	3427	-26	80	214
2009-03-30	3427	3420	3420	3377	3377	3388	-39	108	248
2009-03-31	3388	3399	3399	3376	3376	3388	0	88	266
2009-04-01	3388	3416	3459	3416	3453	3447	59	172	282
2009-04-02	3447	3530	3530	3432	3465	3459	12	50	292
2009-04-03	3459	3474	3490	3462	3474	3475	16	150	216
2009-04-07	3475	3465	3520	3465	3520	3488	13	106	208
2009-04-08	3488	3525	3525	3470	3473	3492	4	158	300
2009-04-09	3492	3610	3610	3492	3520	3520	28	234	292
2009-04-10	3520	3521	3549	3502	3545	3520	0	108	266
2009-04-13	3520	3476	3577	3476	3531	3558	38	182	292
2009-04-14	3558	3530	3558	3526	3526	3537	-21	12	290
2009-04-15	3537	3607	3607	3530	3562	3570	33	182	310
2009-04-16	3570	3599	3613	3580	3590	3594	24	140	314
2009-04-17	3594	3655	3657	3572	3593	3604	10	188	308
2009-04-20	3604	3570	3575	3510	3530	3541	-63	80	340
2009-04-21	3541	3500	3500	3428	3450	3457	-84	220	304
2009-04-22	3457	3510	3578	3451	3451	3492	35	158	314
2009-04-23	3492	3480	3485	3461	3484	3477	-15	44	326
2009-04-24	3477	3470	3484	3467	3470	3472	-5	8	326
2009-04-27	3472	3402	3402	3299	3301	3316	-156	356	540
2009-04-28	3316	3335	3370	3330	3337	3341	25	144	530
2009-04-29	3341	3345	3382	3343	3373	3358	17	170	490
2009-04-30	3358	3400	3450	3400	3438	3424	66	180	480
2009-05-04	3424	3594	3594	3480	3570	3568	144	164	452
2009-05-05	3568	3570	3570	3506	3518	3522	-46	150	472
2009-05-06	3522	3520	3550	3515	3542	3533	11	46	470
2009-05-07	3533	3540	3559	3527	3527	3545	12	86	498
2009-05-08	3545	3540	3541	3513	3533	3528	-17	70	506
2009-05-11	3528	3456	3543	3456	3470	3482	-46	84	534
2009-05-12	3482	3528	3529	3500	3529	3513	31	144	622
2009-05-13	3513	3530	3548	3526	3533	3533	20	100	646
2009-05-14	3533	3480	3515	3480	3515	3498	-35	102	648
2009-05-15	3498	3543	3554	3520	3526	3537	39	218	658
2009-05-18	3537	3480	3492	3468	3486	3481	-56	204	684
2009-05-19	3481	3516	3516	3502	3510	3510	29	96	710
2009-05-20	3510	3510	3614	3510	3569	3555	45	612	690
2009-05-21	3555	3579	3620	3579	3580	3598	43	202	690
2009-05-22	3598	3610	3647	3610	3630	3629	31	150	722
2009-05-25	3629	3649	3693	3631	3685	3670	41	190	672
2009-05-26	3670	3706	3706	3660	3660	3685	15	142	656
2009-05-27	3685	3690	3706	3678	3691	3689	4	82	638
2009-06-01	3689	3700	3780	3700	3767	3760	71	186	668
2009-06-02	3760	3788	3789	3755	3756	3777	17	106	716
2009-06-03	3777	3766	3782	3756	3778	3767	-10	118	724
2009-06-04	3767	3732	3750	3728	3742	3737	-30	88	726
2009-06-05	3737	3780	3806	3769	3769	3784	47	258	850
2009-06-08	3784	3776	3784	3733	3733	3761	-23	174	880
2009-06-09	3761	3746	3746	3705	3740	3724	-37	188	898
2009-06-10	3724	3750	3762	3703	3715	3733	9	180	904
2009-06-11	3733	3720	3758	3718	3732	3737	4	98	898
2009-06-12	3737	3756	3756	3700	3700	3717	-20	112	912
2009-06-15	3717	3699	3699	3662	3673	3675	-42	200	918
2009-06-16	3675	3665	3679	3660	3677	3671	-4	218	1048
2009-06-17	3671	3678	3700	3664	3671	3672	1	98	1072
2009-06-18	3672	3681	3686	3660	3668	3675	3	148	1110
2009-06-19	3675	3675	3677	3666	3672	3670	-5	156	1150
2009-06-22	3670	3624	3629	3606	3606	3613	-57	336	960
2009-06-23	3613	3599	3665	3590	3665	3633	20	242	938
2009-06-24	3633	3649	3656	3635	3637	3647	14	74	940
2009-06-25	3647	3643	3652	3626	3647	3643	-4	36	948
2009-06-26	3643	3650	3689	3650	3672	3669	26	234	1080
2009-06-29	3669	3663	3680	3640	3640	3656	-13	170	1098
2009-06-30	3656	3661	3663	3640	3648	3653	-3	138	1130
2009-07-01	3653	3670	3688	3670	3686	3677	24	220	1146
2009-07-02	3677	3702	3702	3670	3671	3686	9	76	1156
2009-07-03	3686	3680	3685	3635	3646	3663	-23	250	1148
2009-07-06	3663	3600	3645	3600	3603	3620	-43	274	1112
2009-07-07	3620	3615	3630	3601	3615	3619	-1	304	1294
2009-07-08	3619	3550	3550	3488	3530	3524	-95	438	1456
2009-07-09	3524	3533	3545	3530	3533	3537	13	104	1446
2009-07-10	3537	3545	3570	3520	3559	3546	9	350	1508
2009-07-13	3546	3561	3565	3530	3530	3552	6	102	1516
2009-07-14	3552	3538	3550	3538	3540	3544	-8	188	1632
2009-07-15	3544	3556	3580	3552	3580	3556	12	238	1626
2009-07-16	3556	3578	3578	3540	3546	3552	-4	106	1634
2009-07-17	3552	3540	3545	3520	3538	3534	-18	120	1702
2009-07-20	3534	3565	3598	3565	3598	3580	46	84	1688
2009-07-21	3580	3587	3587	3569	3569	3576	-4	108	1716
2009-07-22	3576	3559	3618	3556	3618	3598	22	260	1712
2009-07-23	3598	3620	3629	3585	3590	3596	-2	1310	2530
2009-07-24	3596	3600	3608	3543	3557	3577	-19	1624	3632
2009-07-27	3577	3565	3575	3521	3521	3550	-27	726	3516
2009-07-28	3550	3535	3579	3535	3573	3558	8	478	3438
2009-07-29	3558	3560	3599	3560	3570	3580	22	352	3388
2009-07-30	3580	3550	3593	3550	3590	3586	6	354	3462
2009-07-31	3586	3650	3683	3633	3676	3658	72	1374	3900
2009-08-03	3658	3729	3769	3701	3743	3733	75	4472	6436
2009-08-04	3733	3733	3775	3692	3702	3717	-16	5706	9302
2009-08-05	3717	3748	3748	3711	3721	3730	13	2272	9276
2009-08-06	3730	3712	3718	3663	3680	3687	-43	3068	9856
2009-08-07	3687	3670	3672	3647	3661	3662	-25	1934	9816
2009-08-10	3662	3658	3734	3658	3731	3708	46	2240	9934
2009-08-11	3708	3708	3788	3697	3779	3740	32	3762	10014
2009-08-12	3740	3798	3850	3773	3783	3813	73	4864	9976
2009-08-13	3813	3810	3847	3800	3824	3822	9	2648	10410
2009-08-14	3822	3800	3816	3752	3760	3781	-41	3594	11152
2009-08-17	3781	3700	3700	3601	3611	3626	-155	14370	16726
2009-08-18	3626	3617	3642	3606	3620	3621	-5	10552	22648
2009-08-19	3621	3620	3636	3549	3570	3592	-29	7004	22708
2009-08-20	3592	3582	3606	3570	3604	3594	2	4452	22710
2009-08-21	3594	3582	3617	3580	3598	3601	7	4050	22762
2009-08-24	3601	3770	3770	3676	3709	3702	101	10638	23248
2009-08-25	3702	3712	3730	3677	3696	3704	2	11726	25006
2009-08-26	3704	3692	3710	3689	3697	3699	-5	8876	28956
2009-08-27	3699	3690	3700	3663	3677	3677	-22	8406	33246
2009-08-28	3677	3690	3706	3681	3704	3697	20	8928	33862
2009-08-31	3697	3720	3729	3638	3643	3665	-32	12642	36538
2009-09-01	3665	3630	3650	3628	3633	3636	-29	7422	37440
2009-09-02	3636	3599	3609	3532	3546	3569	-67	12490	40382
2009-09-03	3569	3550	3607	3550	3599	3582	13	9564	41110
2009-09-04	3582	3598	3598	3536	3540	3556	-26	11514	43846
2009-09-07	3556	3520	3550	3505	3521	3523	-33	9694	44646
2009-09-08	3523	3505	3565	3505	3563	3537	14	7450	44580
2009-09-09	3537	3565	3573	3543	3553	3558	21	6792	44620
2009-09-10	3558	3554	3581	3546	3560	3565	7	19982	54018
2009-09-11	3565	3565	3568	3532	3534	3555	-10	5758	53974
2009-09-14	3555	3500	3513	3463	3499	3496	-59	9910	55262
2009-09-15	3496	3512	3533	3512	3512	3523	27	7650	57106
2009-09-16	3523	3598	3608	3560	3571	3576	53	11344	58008
2009-09-17	3576	3555	3635	3555	3630	3594	18	14026	58628
2009-09-18	3594	3630	3708	3622	3657	3669	75	60306	62754
2009-09-21	3669	3645	3660	3616	3627	3634	-35	34176	69554
2009-09-22	3634	3620	3655	3604	3646	3637	3	47778	71084
2009-09-23	3637	3661	3672	3602	3605	3638	1	63698	74288
2009-09-24	3638	3610	3613	3537	3540	3564	-74	43918	77822
2009-09-25	3564	3540	3568	3539	3548	3552	-12	23724	77998
2009-09-28	3552	3552	3560	3464	3482	3498	-54	27906	77556
2009-09-29	3498	3485	3502	3468	3484	3483	-15	14310	79422
2009-09-30	3483	3482	3490	3444	3464	3461	-22	19770	79930
2009-10-09	3461	3510	3531	3506	3519	3519	58	13840	79388
2009-10-12	3519	3574	3608	3563	3600	3592	73	30172	82572
2009-10-13	3592	3620	3620	3583	3583	3599	7	23486	83198
2009-10-14	3599	3595	3618	3589	3605	3602	3	26522	89524
2009-10-15	3602	3620	3625	3595	3600	3608	6	25480	89908
2009-10-16	3608	3600	3640	3593	3639	3612	4	26890	90480
2009-10-19	3612	3628	3667	3620	3658	3652	40	59072	100892
2009-10-20	3652	3675	3694	3644	3660	3667	15	57300	102776
2009-10-21	3667	3650	3715	3643	3692	3690	23	138512	125250
2009-10-22	3690	3718	3726	3672	3674	3699	9	120068	136304
2009-10-23	3699	3700	3726	3694	3725	3711	12	117548	145060
2009-10-26	3711	3715	3743	3709	3742	3727	16	142068	155558
2009-10-27	3727	3702	3719	3696	3697	3705	-22	80790	156684
2009-10-28	3705	3691	3711	3657	3668	3683	-22	103004	160596
2009-10-29	3683	3652	3665	3641	3654	3653	-30	70360	161542
2009-10-30	3653	3675	3685	3664	3666	3674	21	68602	161996
2009-11-02	3674	3638	3712	3638	3705	3690	16	177408	177550
2009-11-03	3690	3715	3755	3708	3721	3734	44	310324	192074
2009-11-04	3734	3748	3754	3725	3739	3739	5	200306	198184
2009-11-05	3739	3727	3736	3718	3721	3727	-12	107504	194450
2009-11-06	3727	3700	3725	3700	3720	3717	-10	98834	194322
2009-11-09	3717	3710	3730	3710	3721	3719	2	116532	198900
2009-11-10	3719	3727	3734	3701	3704	3716	-3	111708	195178
2009-11-11	3716	3708	3725	3708	3715	3717	1	83702	189176
2009-11-12	3717	3721	3746	3717	3726	3730	13	123336	186402
2009-11-13	3730	3733	3773	3730	3770	3756	26	284142	213392
2009-11-16	3756	3775	3794	3760	3780	3778	22	185268	216546
2009-11-17	3778	3808	3808	3763	3763	3779	1	139104	208952
2009-11-18	3779	3790	3818	3779	3808	3799	20	222378	216172
2009-11-19	3799	3793	3817	3786	3803	3804	5	152214	213096
2009-11-20	3804	3820	3849	3805	3823	3827	23	203930	212460
2009-11-23	3827	3842	3913	3836	3911	3882	55	273214	232060
2009-11-24	3882	3879	3903	3824	3843	3872	-10	209708	214458
2009-11-25	3872	3864	3916	3855	3907	3886	14	287666	228556
2009-11-26	3886	3920	3995	3912	3972	3960	74	852900	282168
2009-11-27	3960	3960	3991	3859	3901	3935	-25	1759168	305350
2009-11-30	3935	3990	4066	3970	4059	4030	95	1471300	455246
2009-12-01	4030	4059	4063	4005	4023	4028	-2	940042	424134
2009-12-02	4028	4025	4040	3991	4014	4016	-12	834828	427870
2009-12-03	4016	3990	4006	3966	3990	3988	-28	832634	401266
2009-12-04	3988	3980	4032	3976	4019	4014	26	928542	388028
2009-12-07	4014	4020	4128	4014	4077	4085	71	1205478	379972
2009-12-08	4085	4101	4130	4073	4113	4109	24	1179504	391618
2009-12-09	4109	4078	4097	4033	4036	4070	-39	806514	391534
2009-12-10	4070	4018	4053	3946	3987	3996	-74	745168	344980
2009-12-11	3996	4000	4024	3993	4004	4009	13	520894	345356
2009-12-14	4009	4012	4032	3935	3977	3969	-40	655590	333630
2009-12-15	3969	4027	4033	4001	4013	4017	48	538168	337526
2009-12-16	4017	4017	4039	4003	4034	4027	10	446454	341240
2009-12-17	4027	4050	4073	4006	4018	4038	11	631828	342346
2009-12-18	4038	3961	3969	3935	3951	3954	-84	522222	334036
2009-12-21	3954	3955	3967	3925	3946	3945	-9	382426	323644
2009-12-22	3945	3925	3970	3924	3939	3951	6	451454	319148
2009-12-23	3951	3931	3954	3903	3936	3929	-22	396100	306348
2009-12-24	3929	3953	3975	3934	3973	3953	24	275176	300976
2009-12-25	3953	3970	3973	3954	3958	3962	9	184750	296118
2009-12-28	3962	3967	4017	3960	4014	3996	34	312320	292210
2009-12-29	3996	4030	4045	4003	4009	4023	27	320698	284034
2009-12-30	4023	4017	4027	4003	4007	4013	-10	197900	281978
2009-12-31	4013	4015	4041	4009	4038	4026	13	234450	277306
2010-01-04	4026	4080	4090	4049	4057	4069	43	321838	284296
2010-01-05	4069	4067	4082	4060	4066	4070	1	253640	283384
2010-01-06	4070	4066	4194	4057	4154	4140	70	860812	352830
2010-01-07	4140	4165	4188	3975	4044	4090	-50	705704	297236
2010-01-08	4090	4040	4050	3947	3981	4000	-90	526594	270074
2010-01-11	4000	4012	4050	4012	4031	4035	35	316116	270738
2010-01-12	4035	4000	4029	3981	4004	4004	-31	447848	271068
2010-01-13	4004	3905	3938	3896	3909	3917	-87	300960	260966
2010-01-14	3917	3943	3943	3918	3919	3931	14	190364	259500
2010-01-15	3931	3905	3949	3902	3915	3928	-3	313576	265124
2010-01-18	3928	3908	3925	3890	3909	3908	-20	249986	269332
2010-01-19	3908	3935	3935	3910	3919	3921	13	167968	274202
2010-01-20	3921	3910	3929	3858	3861	3881	-40	335400	290088
2010-01-21	3881	3860	3903	3852	3901	3878	-3	271388	280512
2010-01-22	3878	3887	3893	3837	3889	3872	-6	280556	270304
2010-01-25	3872	3878	3926	3875	3911	3907	35	337600	277594
2010-01-26	3907	3910	3930	3883	3885	3904	-3	470020	278582
2010-01-27	3904	3905	3938	3900	3922	3920	16	618382	296746
2010-01-28	3920	3900	3900	3842	3863	3865	-55	401078	277646
2010-01-29	3865	3870	3884	3850	3853	3868	3	260046	264630
2010-02-01	3868	3839	3849	3760	3768	3795	-73	404240	282970
2010-02-02	3795	3785	3798	3728	3735	3755	-40	374218	279460
2010-02-03	3755	3771	3785	3744	3782	3767	12	291838	271958
2010-02-04	3767	3740	3760	3720	3755	3742	-25	250890	274098
2010-02-05	3742	3740	3793	3728	3785	3777	35	539114	280652
2010-02-08	3777	3810	3825	3801	3812	3812	35	224846	275382
2010-02-09	3812	3812	3819	3796	3809	3807	-5	141526	271300
2010-02-10	3807	3807	3815	3748	3769	3779	-28	302080	273654
2010-02-11	3779	3807	3828	3784	3798	3807	28	243738	251010
2010-02-12	3807	3801	3808	3763	3776	3780	-27	133432	246028
2010-02-22	3780	3815	3850	3800	3819	3816	36	171364	249340
2010-02-23	3816	3830	3878	3825	3874	3854	38	342832	269414
2010-02-24	3854	3851	3867	3848	3858	3858	4	204128	261240
2010-02-25	3858	3867	3874	3825	3838	3849	-9	205796	252990
2010-02-26	3849	3830	3845	3820	3830	3833	-16	182768	252534
2010-03-01	3833	3860	3904	3843	3883	3880	47	422434	272608
2010-03-02	3880	3881	3898	3865	3873	3882	2	428712	272774
2010-03-03	3882	3886	3910	3878	3892	3894	12	388958	275790
2010-03-04	3894	3882	3889	3833	3834	3861	-33	299648	272514
2010-03-05	3861	3814	3840	3804	3835	3822	-39	212816	262814
2010-03-08	3822	3842	3845	3821	3842	3836	14	201768	267618
2010-03-09	3836	3836	3855	3826	3845	3840	4	217344	263458
2010-03-10	3840	3835	3852	3834	3836	3842	2	118736	259312
2010-03-11	3842	3855	3876	3830	3850	3856	14	466534	261064
2010-03-12	3856	3825	3830	3806	3810	3815	-41	293040	256978
2010-03-15	3815	3813	3816	3786	3800	3800	-15	212506	253694
2010-03-16	3800	3805	3839	3804	3838	3820	20	208026	243116
2010-03-17	3820	3850	3859	3841	3846	3848	28	170430	238796
2010-03-18	3848	3858	3858	3827	3835	3842	-6	129994	234726
2010-03-19	3842	3842	3875	3841	3861	3862	20	236678	230474
2010-03-22	3862	3850	3885	3850	3870	3867	5	182286	220340
2010-03-23	3867	3900	3901	3861	3870	3880	13	175342	214350
2010-03-24	3880	3867	3871	3850	3858	3860	-20	117950	210272
2010-03-25	3860	3855	3874	3855	3862	3865	5	89278	211644
2010-03-26	3865	3850	3858	3835	3853	3845	-20	120740	209620
2010-03-29	3845	3868	3878	3855	3869	3867	22	80396	201918
2010-03-30	3867	3880	3898	3862	3893	3883	16	168978	197156
2010-03-31	3883	3896	3920	3885	3888	3902	19	281680	205352
2010-04-01	3902	3847	3876	3838	3868	3863	-39	122882	194516
2010-04-02	3863	3867	3884	3867	3878	3876	13	64704	196756
2010-04-06	3876	3872	3885	3869	3875	3878	2	58094	194454
2010-04-07	3878	3884	3903	3880	3894	3891	13	127604	198182
2010-04-08	3891	3895	3916	3881	3883	3902	11	142680	191820
2010-04-09	3902	3885	3896	3885	3891	3890	-12	56112	189198
2010-04-12	3890	3905	3914	3890	3908	3905	15	90922	181570
2010-04-13	3905	3910	3910	3888	3904	3898	-7	89558	183170
2010-04-14	3898	3919	3922	3901	3902	3911	13	85970	175678
2010-04-15	3911	3905	3906	3888	3892	3895	-16	46140	168494
2010-04-16	3895	3910	3915	3901	3901	3905	10	41262	159592
2010-04-19	3905	3894	3899	3863	3872	3883	-22	49664	148886
2010-04-20	3883	3890	3894	3883	3891	3888	5	38984	138380
2010-04-21	3888	3894	3898	3889	3893	3893	5	27354	131910
2010-04-22	3893	3899	3907	3895	3899	3901	8	25794	125382
2010-04-23	3901	3910	3916	3905	3909	3909	8	30100	115966
2010-04-26	3909	3914	3919	3905	3911	3910	1	19532	110542
2010-04-27	3910	3900	3905	3888	3894	3894	-16	11934	107624
2010-04-28	3894	3880	3880	3850	3874	3866	-28	14852	101348
2010-04-29	3866	3878	3887	3873	3876	3880	14	5878	100636
2010-04-30	3880	3880	3894	3872	3893	3881	1	8262	98974
2010-05-04	3881	3880	3880	3868	3878	3874	-7	5960	97642
2010-05-05	3874	3864	3926	3862	3920	3907	33	33600	85816
2010-05-06	3907	3920	3920	3890	3891	3903	-4	15724	80236
2010-05-07	3903	3868	3869	3825	3825	3847	-56	19992	74464
2010-05-10	3847	3840	3864	3840	3858	3852	5	14616	70260
2010-05-11	3852	3852	3858	3835	3837	3844	-8	7160	68042
2010-05-12	3844	3843	3865	3842	3859	3857	13	14366	64788
2010-05-13	3857	3869	3869	3845	3854	3852	-5	3778	64332
2010-05-14	3852	3852	3853	3826	3833	3836	-16	6050	63978
2010-05-17	3836	3808	3819	3714	3740	3763	-73	19854	57634
2010-05-18	3763	3749	3767	3717	3763	3749	-14	7026	56844
2010-05-19	3749	3749	3749	3723	3728	3732	-17	7988	55968
2010-05-20	3732	3742	3747	3725	3729	3736	4	5450	56322
2010-05-21	3736	3725	3766	3724	3757	3750	14	10470	53072
2010-05-24	3750	3750	3769	3750	3767	3760	10	4524	51948
2010-05-25	3760	3757	3761	3743	3749	3753	-7	7214	48946
2010-05-26	3753	3754	3771	3740	3761	3759	6	4284	48660
2010-05-27	3759	3765	3766	3757	3765	3762	3	1958	48184
2010-05-28	3762	3777	3781	3759	3759	3765	3	6446	48214
2010-05-31	3765	3730	3754	3730	3746	3747	-18	4790	46548
2010-06-01	3747	3746	3752	3722	3724	3734	-13	4570	45390
2010-06-02	3734	3729	3739	3718	3728	3730	-4	3690	44896
2010-06-03	3730	3730	3738	3730	3733	3733	3	3180	44848
2010-06-04	3733	3770	3770	3743	3749	3753	20	3270	44414
2010-06-07	3753	3725	3725	3683	3698	3702	-51	3766	44672
2010-06-08	3702	3700	3726	3700	3713	3712	10	3500	44802
2010-06-09	3712	3700	3705	3679	3702	3693	-19	4794	43714
2010-06-10	3693	3707	3715	3698	3700	3705	12	7490	40986
2010-06-11	3705	3701	3705	3683	3690	3694	-11	5508	39212
2010-06-17	3694	3712	3723	3704	3712	3716	22	4678	38044
2010-06-18	3716	3710	3726	3710	3723	3720	4	3808	38642
2010-06-21	3720	3740	3769	3733	3767	3751	31	6090	37588
2010-06-22	3751	3755	3756	3746	3755	3749	-2	1936	37056
2010-06-23	3749	3730	3758	3730	3747	3747	-2	1278	36654
2010-06-24	3747	3740	3751	3740	3743	3745	-2	1306	36766
2010-06-25	3745	3745	3745	3726	3729	3732	-13	1592	35956
2010-06-28	3732	3721	3745	3721	3744	3742	10	3720	33240
2010-06-29	3742	3740	3754	3726	3740	3743	1	3802	31802
2010-06-30	3743	3725	3731	3720	3728	3726	-17	2450	30312
2010-07-01	3726	3726	3743	3724	3734	3737	11	2948	28014
2010-07-02	3737	3737	3760	3725	3757	3748	11	3310	26728
2010-07-05	3748	3750	3754	3747	3747	3748	0	940	25992
2010-07-06	3748	3743	3754	3730	3749	3745	-3	2536	25036
2010-07-07	3745	3753	3760	3744	3758	3756	11	1924	23696
2010-07-08	3756	3785	3794	3766	3772	3770	14	1478	22822
2010-07-09	3770	3777	3781	3769	3778	3774	4	1724	22018
2010-07-12	3774	3788	3791	3768	3768	3774	0	1778	20828
2010-07-13	3774	3765	3776	3760	3762	3764	-10	864	20332
2010-07-14	3764	3765	3767	3760	3764	3762	-2	286	20308
2010-07-15	3762	3764	3780	3764	3767	3771	9	986	19978
2010-07-16	3771	3788	3790	3773	3784	3782	11	1426	19736
2010-07-19	3782	3784	3784	3772	3781	3778	-4	948	19422
2010-07-20	3778	3772	3793	3769	3788	3780	2	1716	18470
2010-07-21	3780	3790	3796	3786	3792	3790	10	1182	17872
2010-07-22	3790	3796	3796	3785	3789	3790	0	3318	15160
2010-07-23	3790	3795	3801	3788	3795	3794	4	1104	14486
2010-07-26	3794	3790	3808	3788	3802	3800	6	2196	13916
2010-07-27	3800	3790	3792	3775	3786	3785	-15	1034	13398
2010-07-28	3785	3791	3793	3784	3791	3788	3	1082	12942
2010-07-29	3788	3800	3801	3790	3797	3796	8	584	12778
2010-07-30	3796	3806	3815	3799	3803	3803	7	1450	12288
2010-08-02	3803	3815	3851	3801	3845	3833	30	5672	10788
2010-08-03	3833	3833	3849	3820	3849	3843	10	2518	10234
2010-08-04	3843	3853	3866	3835	3838	3852	9	1132	9654
2010-08-05	3852	3858	3872	3822	3822	3839	-13	856	9316
2010-08-06	3839	3830	3834	3817	3834	3824	-15	290	9158
2010-08-09	3824	3834	3859	3829	3855	3847	23	1750	8434
2010-08-10	3847	3830	3843	3802	3834	3832	-15	912	7996
2010-08-11	3832	3834	3840	3821	3821	3834	2	556	7728
2010-08-12	3834	3821	3840	3803	3818	3811	-23	3982	7568
2010-08-13	3811	3848	3848	3824	3835	3835	24	362	7426
2010-08-16	3835	3835	3839	3820	3832	3832	-3	454	7198
2010-08-17	3832	3810	3820	3810	3820	3813	-19	666	6592
2010-08-18	3813	3838	3838	3810	3819	3829	16	350	6488
2010-08-19	3829	3824	3824	3790	3801	3804	-25	188	6414
2010-08-20	3804	3790	3790	3753	3760	3768	-36	360	6164
2010-08-23	3768	3778	3778	3746	3757	3755	-13	206	6054
2010-08-24	3755	3730	3780	3730	3771	3764	9	452	5738
2010-08-25	3764	3752	3781	3745	3745	3757	-7	138	5678
2010-08-26	3757	3741	3763	3741	3763	3750	-7	586	5150
2010-08-27	3750	3756	3786	3752	3785	3765	15	504	4750
2010-08-30	3765	3806	3810	3789	3789	3804	39	774	4324
2010-08-31	3804	3747	3760	3726	3728	3740	-64	490	4118
2010-09-01	3740	3735	3748	3721	3721	3738	-2	166	2680
2010-09-02	3738	3721	3766	3721	3727	3754	16	56	1976
2010-09-03	3754	3746	3776	3746	3776	3764	10	32	1932
2010-09-06	3764	3790	3800	3782	3795	3786	22	146	1892
2010-09-07	3786	-	-	-	3786	3786	0	0	1740
2010-09-08	3786	3795	3800	3795	3800	3795	9	34	1554
2010-09-09	3795	-	-	-	3795	3795	0	0	1552
2010-09-10	3795	-	-	-	3795	3795	0	0	548
2010-09-13	3795	3766	3774	3766	3772	3772	-23	42	508
2010-09-14	3772	-	-	-	3772	3763	-9	0	0
