2008-06-19	19790	19530	19990	19530	19990	19760	-30	4	?
2008-06-25	19760	19600	19980	19600	19980	19790	30	200	?
2008-06-30	19790	19830	20200	19830	19850	20010	220	402	2
2008-07-01	20010	?	?	?	19850	20010	0	?	2
2008-07-02	20010	20200	20500	20200	20500	20290	280	92	62
2008-07-03	20290	20400	20620	20400	20500	20515	225	48	92
2008-07-04	20515	20800	20800	20300	20300	20440	-75	14	102
2008-07-07	20440	20500	20700	20500	20700	20625	185	24	118
2008-07-08	20625	20700	20800	20600	20730	20705	80	28	136
2008-07-09	20705	?	?	?	20730	20705	0	?	136
2008-07-10	20705	20280	20280	20280	20280	20280	-425	2	134
2008-07-11	20280	20450	20450	20020	20020	20060	-220	100	78
2008-07-14	20060	20000	20175	19960	20100	20040	-20	82	62
2008-07-15	20040	20000	20000	19900	19900	19965	-75	6	60
2008-07-16	19965	?	?	?	19900	19965	0	?	60
2008-07-17	19965	?	?	?	19900	19965	0	?	60
2008-07-18	19965	?	?	?	19900	19965	0	?	60
2008-07-21	19965	19600	20200	19600	19895	19865	-100	24	64
2008-07-22	19865	19780	19815	19780	19815	19790	-75	6	64
2008-07-23	19790	?	?	?	19815	19790	0	?	64
2008-07-24	19790	?	?	?	19815	19790	0	?	64
2008-07-25	19790	?	?	?	19815	19790	0	?	64
2008-07-28	19790	?	?	?	?	?	?	?	64
2008-07-29	19790	19800	19800	19800	19800	19800	10	4	64
2008-07-30	19800	?	?	?	19800	19800	0	?	64
2008-07-31	19800	19880	19880	19880	19880	19880	80	4	60
2008-08-01	19880	?	?	?	19880	19880	0	?	60
2008-08-04	19880	?	?	?	19880	19880	0	?	60
2008-08-05	19880	19730	19980	19700	19880	19790	-90	24	60
2008-08-06	19790	?	?	?	19880	19790	0	?	60
2008-08-07	19790	?	?	?	19880	19790	0	?	60
2008-08-08	19790	19700	19750	19700	19750	19725	-65	4	62
2008-08-11	19725	?	?	?	19750	19725	0	?	62
2008-08-12	19725	19680	19680	19060	19120	19275	-450	118	52
2008-08-13	19275	19120	19120	19120	19120	19120	-155	2	50
2008-08-14	19120	?	?	?	19120	19120	0	?	50
2008-08-15	19120	19400	19400	19400	19400	19400	280	6	46
2008-08-18	19400	?	?	?	19400	19400	0	?	46
2008-08-19	19400	?	?	?	19400	19400	0	?	46
2008-08-20	19400	19150	19150	18810	19150	19025	-375	12	46
2008-08-21	19025	?	?	?	19150	19025	0	?	46
2008-08-22	19025	?	?	?	19150	19025	0	?	46
2008-08-25	19025	?	?	?	19150	19025	0	?	46
2008-08-26	19025	18805	18805	18805	18805	18805	-220	2	46
2008-08-27	18805	19100	19100	18780	18780	18990	185	6	44
2008-08-28	18990	?	?	?	18780	18990	0	?	44
2008-08-29	18990	18515	18830	18515	18830	18670	-320	4	46
2008-09-01	18670	18485	18790	18485	18485	18565	-105	34	52
2008-09-02	18565	18410	18410	18410	18410	18410	-155	10	52
2008-09-03	18410	18190	18190	18190	18190	18190	-220	2	50
2008-09-04	18190	18130	18200	18100	18100	18155	-35	8	50
2008-09-05	18155	18200	18200	18200	18200	18200	45	2	50
2008-09-08	18200	18170	18185	18170	18185	18175	-25	4	50
2008-09-09	18175	18165	18165	18015	18015	18090	-85	4	50
2008-09-10	18090	17600	17600	17560	17560	17590	-500	36	70
2008-09-11	17590	17600	17600	17550	17550	17580	-10	6	74
2008-09-12	17580	17590	17620	17590	17620	17605	25	12	74
2008-09-16	17605	17200	17200	16900	16900	16955	-650	52	112
2008-09-17	16955	16900	16900	16405	16485	16690	-265	48	136
2008-09-18	16690	16250	16345	16220	16270	16280	-410	30	152
2008-09-19	16280	16185	16305	16185	16295	16280	0	118	212
2008-09-22	16280	16600	16600	16095	16555	16435	155	12	208
2008-09-23	16435	16450	16450	16450	16450	16450	15	4	204
2008-09-24	16450	16000	16040	15855	16040	15935	-515	220	144
2008-09-25	15935	16000	16150	16000	16150	16085	150	36	124
2008-09-26	16085	16120	16180	16120	16180	16150	65	8	122
2008-10-06	16150	15500	15500	15500	15500	15500	-650	4	120
2008-10-07	15500	14780	14945	14725	14830	14770	-730	86	134
2008-10-08	14770	15055	15055	14730	14730	14765	-5	76	180
2008-10-09	14765	14780	14780	14580	14610	14605	-160	32	180
2008-10-10	14605	14020	14150	14020	14020	14035	-570	676	576
2008-10-13	14035	14645	14735	14075	14695	14460	425	254	484
2008-10-14	14460	15035	15035	14925	14945	15020	560	54	454
2008-10-15	15020	14430	15000	14430	15000	14645	-375	110	446
2008-10-16	14645	14055	14435	14055	14055	14330	-315	318	430
2008-10-17	14330	14850	14945	14480	14800	14640	310	120	440
2008-10-20	14640	14915	15155	14915	15100	15060	420	134	492
2008-10-21	15060	14850	14980	14505	14590	14685	-375	188	500
2008-10-22	14685	14390	14390	14115	14240	14215	-470	168	602
2008-10-23	14215	13810	14380	13800	14325	13940	-275	128	598
2008-10-24	13940	14495	14495	14200	14250	14280	340	356	806
2008-10-27	14280	14305	14305	14000	14060	14175	-105	184	864
2008-10-28	14175	14120	14450	14070	14430	14245	70	204	924
2008-10-29	14245	14430	14480	14300	14330	14355	110	1156	1274
2008-10-30	14355	14650	14750	14440	14685	14595	240	516	1036
2008-10-31	14595	14300	14395	14260	14310	14310	-285	198	1108
2008-11-03	14310	14880	14880	14205	14460	14540	230	72	1102
2008-11-04	14540	14410	14410	14230	14260	14300	-240	20	1116
2008-11-05	14300	14260	14260	14090	14115	14195	-105	390	1346
2008-11-06	14195	13960	14150	13900	13950	13930	-265	506	1704
2008-11-07	13930	13660	14085	13650	14030	13975	45	1598	1940
2008-11-10	13975	14050	14245	14040	14105	14100	125	318	1902
2008-11-11	14100	13985	14000	13900	13900	13925	-175	196	1940
2008-11-12	13925	13950	13950	13905	13950	13935	10	148	1916
2008-11-13	13935	13830	13870	13730	13855	13805	-130	314	1928
2008-11-14	13805	13990	13990	13930	13930	13945	140	162	1976
2008-11-17	13945	14385	14385	13705	13875	13890	-55	434	2012
2008-11-18	13890	13975	14000	13945	13950	13975	85	102	1966
2008-11-19	13975	14000	14050	14000	14050	14025	50	184	1960
2008-11-20	14025	13875	13880	13650	13700	13760	-265	332	2098
2008-11-21	13760	13435	13500	13270	13410	13410	-350	1308	2348
2008-11-24	13410	13415	13415	13300	13375	13355	-55	78	2310
2008-11-25	13355	13490	13550	13480	13500	13500	145	584	2374
2008-11-26	13500	13510	13510	13400	13490	13455	-45	94	2370
2008-11-27	13455	13600	13600	13240	13250	13425	-30	378	2476
2008-11-28	13425	13110	13165	12885	12885	12930	-495	620	2742
2008-12-01	12930	12885	12950	12600	12750	12730	-200	1096	2872
2008-12-02	12730	12500	12560	12220	12220	12315	-415	1976	3732
2008-12-03	12315	12260	12260	11820	11825	11895	-420	1268	3960
2008-12-04	11895	11500	11500	11415	11415	11420	-475	782	3834
2008-12-05	11420	10850	10905	10845	10845	10845	-575	1296	3880
2008-12-08	10845	10275	11445	10275	10940	10905	60	5528	4778
2008-12-09	10905	10950	11095	10465	10490	10575	-330	4194	6184
2008-12-10	10575	10585	10995	10500	10995	10825	250	1526	6246
2008-12-11	10825	10905	11200	10875	11135	11040	215	2024	5754
2008-12-12	11040	11250	11280	10605	10755	10840	-200	1786	5854
2008-12-15	10840	10720	11150	10720	11035	11000	160	1046	5610
2008-12-16	11000	10750	10805	10575	10680	10675	-325	2820	6902
2008-12-17	10675	10775	10965	10510	10795	10715	40	1604	6950
2008-12-18	10715	10790	10900	10720	10790	10805	90	608	6816
2008-12-19	10805	10650	10835	10625	10810	10765	-40	1308	7002
2008-12-22	10765	10955	11170	10950	11150	11080	315	2066	6816
2008-12-23	11080	11110	11290	11020	11110	11100	20	402	6836
2008-12-24	11100	11130	11400	11130	11380	11270	170	466	6780
2008-12-25	11270	11345	11500	11285	11450	11435	165	1834	7130
2008-12-26	11435	11440	11490	11165	11240	11275	-160	768	7182
2008-12-29	11275	11555	11555	11145	11400	11315	40	1198	7326
2008-12-30	11315	11300	11445	11270	11400	11390	75	678	7324
2008-12-31	11390	11440	11700	11400	11610	11520	130	3170	7748
2009-01-05	11520	12080	12120	11730	12065	12000	480	4282	8406
2009-01-06	12000	11955	12300	11830	12210	12100	100	3014	8732
2009-01-07	12100	12345	12705	12150	12300	12505	405	6194	8002
2009-01-08	12505	11960	12280	11875	11875	11985	-520	3160	8432
2009-01-09	11985	11935	12360	11840	12140	12060	75	2046	8600
2009-01-12	12060	12200	12365	11930	11930	12215	155	1724	8978
2009-01-13	12215	11700	11900	11600	11610	11715	-500	3844	9844
2009-01-14	11715	11830	11995	11725	11955	11815	100	2572	9248
2009-01-15	11815	11890	11920	11730	11810	11800	-15	2078	9426
2009-01-16	11800	12005	12005	11830	11975	11950	150	2454	9818
2009-01-19	11950	12005	12120	11925	12025	12035	85	2798	9526
2009-01-20	12035	11935	11935	11430	11510	11565	-470	6578	11340
2009-01-21	11565	11480	11515	11320	11400	11410	-155	10280	14092
2009-01-22	11410	11430	11490	11150	11375	11290	-120	6934	15428
2009-01-23	11290	11340	11700	11230	11700	11400	110	4942	16166
2009-02-02	11400	11590	11590	11310	11390	11405	5	5524	16900
2009-02-03	11405	11505	11750	11500	11735	11625	220	7110	16772
2009-02-04	11625	11770	11880	11700	11705	11790	165	8422	17924
2009-02-05	11790	11780	11840	11710	11740	11770	-20	5998	18302
2009-02-06	11770	11770	11960	11755	11915	11855	85	7056	17882
2009-02-09	11855	12000	12390	12000	12265	12245	390	11332	20244
2009-02-10	12245	12105	12240	12005	12170	12120	-125	7494	22212
2009-02-11	12120	11895	11970	11680	11770	11840	-280	11230	22356
2009-02-12	11840	11830	12130	11815	12095	12000	160	12534	23464
2009-02-13	12000	12015	12070	11960	12030	12010	10	5548	23830
2009-02-16	12010	11985	12125	11850	11925	11950	-60	11862	25160
2009-02-17	11950	11950	12165	11835	12095	12020	70	18328	27296
2009-02-18	12020	11920	12500	11835	11955	12005	-15	28108	28194
2009-02-19	12005	12005	12120	11880	11955	11975	-30	23844	28988
2009-02-20	11975	11930	12080	11500	11560	11765	-210	33342	34094
2009-02-23	11765	11400	11625	11345	11585	11490	-275	44002	36860
2009-02-24	11490	11385	11545	11320	11440	11425	-65	40580	42318
2009-02-25	11425	11750	11830	11650	11720	11715	290	23104	39456
2009-02-26	11715	11800	11840	11660	11660	11785	70	24008	38232
2009-02-27	11785	11785	11785	11585	11610	11655	-130	14598	38724
2009-03-02	11655	11540	11680	11540	11640	11610	-45	15726	41310
2009-03-03	11610	11575	11660	11510	11610	11610	0	14882	43758
2009-03-04	11610	11640	11680	11580	11675	11630	20	20784	47860
2009-03-05	11630	11980	11980	11715	11720	11785	155	25748	48942
2009-03-06	11785	11690	11745	11650	11700	11705	-80	20316	50858
2009-03-09	11705	11715	11730	11405	11435	11510	-195	107568	79414
2009-03-10	11510	11450	11625	11440	11585	11545	35	91118	74500
2009-03-11	11545	11625	11640	11550	11560	11600	55	50462	74574
2009-03-12	11600	11530	11690	11530	11665	11630	30	53352	76152
2009-03-13	11630	11680	11820	11665	11765	11760	130	84384	81984
2009-03-16	11760	11760	11980	11750	11890	11880	120	90334	88772
2009-03-17	11880	11920	11970	11835	11875	11900	20	96612	87210
2009-03-18	11900	11900	12070	11895	12010	12000	100	91022	92574
2009-03-19	12000	12080	12425	12080	12350	12270	270	161386	108554
2009-03-20	12270	12580	12590	12410	12540	12490	220	208432	103770
2009-03-23	12490	12530	13110	12410	12960	12815	325	405510	112008
2009-03-24	12815	12925	13090	12560	12720	12755	-60	246344	104344
2009-03-25	12755	12700	12835	12620	12755	12735	-20	160622	110572
2009-03-26	12735	12800	13045	12755	13030	12915	180	170166	117198
2009-03-27	12915	13100	13170	12760	12820	13000	85	136690	113454
2009-03-30	13000	12710	12880	12700	12715	12795	-205	89960	117024
2009-03-31	12795	12685	12790	12590	12780	12700	-95	78910	113492
2009-04-01	12700	12780	12840	12625	12645	12745	45	55820	109444
2009-04-02	12745	12745	12745	12450	12615	12565	-180	94044	108048
2009-04-03	12565	12745	12755	12645	12730	12695	130	41150	106072
2009-04-07	12695	12850	13185	12750	13120	13005	310	49024	103636
2009-04-08	13005	13000	13065	12820	12860	12940	-65	30814	102774
2009-04-09	12940	12960	13200	12960	13165	13065	125	37384	101538
2009-04-10	13065	13380	13525	13255	13485	13415	350	36758	98330
2009-04-13	13415	13505	13740	13205	13250	13415	0	34998	98484
2009-04-14	13415	13250	13290	12980	13040	13100	-315	19228	93842
2009-04-15	13100	13000	13150	12600	12735	12865	-235	33034	91292
2009-04-16	12865	12865	12990	12670	12790	12795	-70	27308	83270
2009-04-17	12795	12600	12950	12600	12890	12800	5	13544	80788
2009-04-20	12800	12895	13050	12860	12950	12965	165	8134	78574
2009-04-21	12965	12700	12840	12570	12635	12650	-315	15666	75180
2009-04-22	12650	12750	12900	12710	12765	12835	185	7864	72924
2009-04-23	12835	12780	12975	12750	12965	12850	15	5130	71450
2009-04-24	12850	12850	12965	12825	12885	12880	30	5354	69666
2009-04-27	12880	12900	12930	12650	12675	12755	-125	6704	68058
2009-04-28	12755	12680	12730	12400	12430	12515	-240	8366	65284
2009-04-29	12515	12420	12585	12305	12560	12460	-55	4980	62526
2009-04-30	12460	12560	12745	12560	12650	12655	195	4230	59998
2009-05-04	12655	12920	12995	12800	12885	12890	235	7504	57172
2009-05-05	12890	12895	12895	12700	12750	12730	-160	6106	54566
2009-05-06	12730	12750	12850	12740	12790	12795	65	2762	52838
2009-05-07	12795	12930	12930	12780	12830	12830	35	3542	51154
2009-05-08	12830	12825	12925	12795	12920	12845	15	3610	48858
2009-05-11	12845	12820	12895	12760	12765	12785	-60	2856	48242
2009-05-12	12785	12830	12880	12800	12850	12835	50	1806	47312
2009-05-13	12835	12890	12925	12850	12910	12900	65	3094	45164
2009-05-14	12900	12800	12875	12710	12795	12795	-105	3892	44520
2009-05-15	12795	12715	12875	12715	12810	12800	5	2878	43594
2009-05-18	12800	12705	12775	12670	12740	12725	-75	2690	41674
2009-05-19	12725	12750	12875	12750	12850	12810	85	6168	38234
2009-05-20	12810	12740	12840	12740	12800	12800	-10	2388	36872
2009-05-21	12800	12760	12840	12750	12810	12795	-5	3390	35968
2009-05-22	12795	12725	12785	12725	12785	12755	-40	3384	34076
2009-05-25	12755	12850	12850	12785	12810	12805	50	4774	32164
2009-05-26	12805	12790	12840	12790	12790	12825	20	3730	30390
2009-05-27	12825	12850	12850	12770	12820	12800	-25	3338	29290
2009-06-01	12800	12850	12990	12850	12965	12925	125	4550	27630
2009-06-02	12925	13050	13120	12975	13000	13055	130	3970	26330
2009-06-03	13055	13100	13340	13095	13340	13200	145	2480	25500
2009-06-04	13200	13270	13350	13250	13320	13310	110	3030	24010
2009-06-05	13310	13850	13850	13580	13630	13665	355	3030	22670
2009-06-08	13665	13530	13600	13420	13500	13505	-160	1940	21570
2009-06-09	13505	13630	13630	13470	13520	13510	5	3880	19010
2009-06-10	13510	13620	13680	13555	13680	13630	120	3020	17910
2009-06-11	13630	13640	13640	13560	13585	13585	-45	2070	16820
2009-06-12	13585	13650	13665	13620	13620	13645	60	2550	15260
2009-06-15	13645	13515	13550	13410	13500	13500	-145	2600	13750
