2009-01-20	11970	11900	11900	11610	11610	11710	-260	12	?
2009-02-09	11710	11800	12295	11800	12295	12120	410	14	10
2009-02-10	12120	12200	12200	12200	12200	12200	80	10	2
2009-02-11	12200	11895	11895	11890	11890	11890	-310	6	4
2009-02-12	11890	?	?	?	11890	11890	0	?	4
2009-02-13	11890	?	?	?	11890	11890	0	?	4
2009-02-16	11890	11880	12105	11880	12105	11990	100	4	6
2009-02-17	11990	?	?	?	12105	11990	0	?	6
2009-02-18	11990	12200	12200	12200	12200	12200	210	2	6
2009-02-19	12200	12110	12110	12110	12110	12110	-90	2	8
2009-02-20	12110	11970	11970	11900	11900	11935	-175	4	12
2009-02-23	11935	?	?	?	11900	11935	0	?	12
2009-02-24	11935	11600	11600	11600	11600	11600	-335	2	12
2009-02-25	11600	?	?	?	11600	11600	0	?	12
2009-02-26	11600	12180	12180	11850	11850	12015	415	4	14
2009-02-27	12015	11760	11760	11760	11760	11760	-255	4	14
2009-03-02	11760	?	?	?	11760	11760	0	?	14
2009-03-03	11760	11630	11630	11630	11630	11630	-130	4	18
2009-03-04	11630	?	?	?	11630	11630	0	?	18
2009-03-05	11630	11965	11970	11710	11720	11740	110	94	62
2009-03-06	11740	11760	11760	11750	11750	11750	10	18	76
2009-03-09	11750	11695	11695	11540	11540	11620	-130	32	104
2009-03-10	11620	11565	11650	11520	11535	11540	-80	352	276
2009-03-11	11540	11595	11620	11580	11600	11600	60	118	276
2009-03-12	11600	11595	11620	11595	11600	11600	0	12	276
2009-03-13	11600	11750	11750	11665	11695	11710	110	44	288
2009-03-16	11710	11730	11810	11720	11810	11775	65	22	292
2009-03-17	11775	11780	11845	11780	11815	11820	45	22	304
2009-03-18	11820	11850	11995	11850	11940	11930	110	22	312
2009-03-19	11930	12100	12345	12100	12345	12110	180	36	314
2009-03-20	12110	12500	12500	12425	12455	12485	375	54	342
2009-03-23	12485	12455	13060	12455	13000	12885	400	20	342
2009-03-24	12885	12950	13100	12700	12750	12945	60	40	370
2009-03-25	12945	12685	12760	12620	12710	12665	-280	56	376
2009-03-26	12665	12885	12885	12750	12885	12800	135	68	344
2009-03-27	12800	12950	13030	12730	12730	12915	115	56	356
2009-03-30	12915	12680	12855	12655	12655	12690	-225	26	366
2009-03-31	12690	12500	12695	12500	12695	12535	-155	10	372
2009-04-01	12535	12540	12630	12540	12550	12580	45	30	378
2009-04-02	12580	12520	12520	12485	12515	12505	-75	74	438
2009-04-03	12505	12640	12690	12640	12690	12665	160	8	434
2009-04-07	12665	13040	13160	13040	13055	13065	400	32	434
2009-04-08	13065	13080	13080	12850	12860	12885	-180	164	520
2009-04-09	12885	13000	13060	12930	13000	12985	100	62	498
2009-04-10	12985	13300	13360	13200	13310	13290	305	274	470
2009-04-13	13290	13400	13500	13160	13180	13310	20	122	488
2009-04-14	13310	13100	13100	12970	13030	13010	-300	206	476
2009-04-15	13010	12900	13100	12780	12910	12920	-90	156	518
2009-04-16	12920	13100	13200	13005	13200	13075	155	174	514
2009-04-17	13075	12955	13150	12955	13075	13045	-30	170	546
2009-04-20	13045	13170	13200	13075	13120	13120	75	52	536
2009-04-21	13120	12765	12900	12630	12750	12770	-350	244	500
2009-04-22	12770	12945	12970	12780	12800	12850	80	114	506
2009-04-23	12850	12870	12950	12870	12950	12930	80	52	520
2009-04-24	12930	12860	12860	12770	12770	12810	-120	180	506
2009-04-27	12810	12725	12725	12625	12660	12655	-155	44	514
2009-04-28	12655	12560	12735	12505	12550	12585	-70	426	558
2009-04-29	12585	12520	12635	12520	12635	12610	25	30	552
2009-04-30	12610	12650	12810	12650	12800	12730	120	144	566
2009-05-04	12730	12940	13230	12900	13230	13065	335	366	642
2009-05-05	13065	12885	13050	12885	13000	12960	-105	132	664
2009-05-06	12960	13090	13090	12950	13050	13005	45	56	658
2009-05-07	13005	13190	13200	13020	13075	13110	105	152	712
2009-05-08	13110	13120	13120	13120	13120	13120	10	2	712
2009-05-11	13120	13060	13060	12965	12975	12995	-125	16	706
2009-05-12	12995	12975	13045	12975	13045	13010	15	8	702
2009-05-13	13010	13095	13150	13045	13130	13095	85	44	694
2009-05-14	13095	12945	12980	12935	12950	12940	-155	170	714
2009-05-15	12940	13050	13050	12940	12960	12970	30	166	774
2009-05-18	12970	12880	12950	12850	12950	12895	-75	88	794
2009-05-19	12895	12980	13065	12940	13065	12985	90	104	784
2009-05-20	12985	12950	13000	12950	12970	12970	-15	196	812
2009-05-21	12970	12920	12950	12880	12915	12915	-55	22	818
2009-05-22	12915	12900	12900	12800	12850	12820	-95	268	794
2009-05-25	12820	12830	12880	12820	12880	12845	25	82	820
2009-05-26	12845	12900	12900	12850	12865	12865	20	36	820
2009-05-27	12865	12815	12870	12815	12820	12840	-25	92	802
2009-06-01	12840	12850	13065	12850	13020	12990	150	106	798
2009-06-02	12990	12965	13100	12960	13015	13050	60	150	816
2009-06-03	13050	13020	13305	13020	13215	13135	85	164	790
2009-06-04	13135	13130	13165	13115	13160	13150	15	358	1000
2009-06-05	13150	13750	13750	13405	13515	13610	460	300	944
2009-06-08	13610	13540	13540	13370	13450	13490	-120	138	990
2009-06-09	13490	13620	13700	13445	13510	13480	-10	310	1180
2009-06-10	13480	13675	13735	13560	13600	13620	140	252	1236
2009-06-11	13620	13530	13635	13450	13565	13550	-70	238	1274
2009-06-12	13550	13630	13650	13555	13560	13605	55	218	1302
2009-06-15	13605	13490	13515	13310	13365	13380	-225	316	1414
2009-06-16	13380	13265	13470	13265	13470	13365	-15	148	1370
2009-06-17	13365	13460	13505	13400	13480	13445	80	92	1352
2009-06-18	13445	13500	13515	13450	13490	13485	40	130	1380
2009-06-19	13485	13525	13525	13415	13445	13475	-10	62	1372
2009-06-22	13475	13410	13470	13395	13400	13440	-35	424	1636
2009-06-23	13440	13240	13310	13215	13300	13275	-165	304	1672
2009-06-24	13275	13315	13415	13315	13415	13355	80	196	1720
2009-06-25	13355	13530	13530	13400	13420	13445	90	248	1774
2009-06-26	13445	13500	13540	13430	13540	13485	40	350	1774
2009-06-29	13485	13490	13520	13425	13435	13460	-25	212	1848
2009-06-30	13460	13475	13480	13440	13450	13465	5	286	2030
2009-07-01	13465	13375	13435	13375	13420	13415	-50	120	2042
2009-07-02	13415	13475	13490	13455	13485	13470	55	104	2050
2009-07-03	13470	13415	13645	13415	13495	13560	90	560	1948
2009-07-06	13560	13455	13510	13430	13445	13470	-90	258	2030
2009-07-07	13470	13495	13500	13480	13480	13495	25	38	2006
2009-07-08	13495	13435	13485	13410	13470	13465	-30	612	2406
2009-07-09	13465	13360	13430	13360	13400	13395	-70	758	2984
2009-07-10	13395	13420	13525	13405	13415	13425	30	172	3026
2009-07-13	13425	13415	13420	13330	13330	13380	-45	280	3068
2009-07-14	13380	13390	13425	13365	13395	13385	5	550	3462
2009-07-15	13385	13465	13545	13450	13530	13505	120	436	3468
2009-07-16	13505	13590	13665	13550	13560	13585	80	844	3542
2009-07-17	13585	13610	13690	13595	13625	13620	35	3270	4284
2009-07-20	13620	13740	13955	13700	13910	13775	155	3168	5502
2009-07-21	13775	13910	13925	13800	13835	13855	80	1470	5988
2009-07-22	13855	13815	13865	13790	13820	13820	-35	1172	6378
2009-07-23	13820	13880	13980	13865	13900	13915	95	1982	6820
2009-07-24	13915	13940	14220	13930	14185	14115	200	5270	9724
2009-07-27	14115	14230	14805	14200	14770	14600	485	5434	11412
2009-07-28	14600	14715	14835	14660	14730	14755	155	5350	12556
2009-07-29	14755	14660	14690	14030	14220	14430	-325	4844	13366
2009-07-30	14430	14205	14675	14205	14585	14460	30	2220	13638
2009-07-31	14460	14925	15150	14815	15100	15000	540	7344	14972
2009-08-03	15000	15250	15325	14800	14960	15020	20	4640	15226
2009-08-04	15020	15295	15310	14840	15045	15010	-10	5854	14738
2009-08-05	15010	15210	15380	15015	15160	15230	220	6708	16782
2009-08-06	15230	15240	15400	15100	15325	15310	80	6042	17556
2009-08-07	15310	15145	15215	14960	14960	15070	-240	4930	17552
2009-08-10	15070	15040	15320	15030	15315	15235	165	3734	17952
2009-08-11	15235	15200	15250	15035	15150	15120	-115	4334	17762
2009-08-12	15120	15050	15070	14860	14880	14975	-145	3544	17770
2009-08-13	14975	15095	15315	15095	15270	15255	280	5680	18634
2009-08-14	15255	15390	15460	15105	15255	15295	40	3530	18794
2009-08-17	15295	15010	15010	14535	14575	14705	-590	8440	19312
2009-08-18	14705	14745	15095	14745	15010	14915	210	7792	18914
2009-08-19	14915	15050	15165	14690	14855	14920	5	3214	18642
2009-08-20	14920	15000	15030	14780	14970	14935	15	5126	18772
2009-08-21	14935	14750	14865	14700	14840	14800	-135	3190	19586
2009-08-24	14800	15060	15300	15030	15150	15170	370	10558	23400
2009-08-25	15170	15000	15015	14885	14995	14965	-205	4688	22270
2009-08-26	14965	14910	15080	14900	15040	15005	40	2878	21716
2009-08-27	15005	14930	14940	14850	14935	14905	-100	2582	22132
2009-08-28	14905	15080	15145	14990	15000	15020	115	6910	24434
2009-08-31	15020	15020	15035	14780	14880	14885	-135	3610	23796
2009-09-01	14885	14890	14985	14855	14935	14930	45	2396	23738
2009-09-02	14930	14750	14850	14705	14755	14760	-170	4472	24104
2009-09-03	14760	14800	14895	14800	14890	14835	75	3998	24762
2009-09-04	14835	14950	15140	14875	15035	15015	180	7446	25380
2009-09-07	15015	15000	15055	14910	14985	14970	-45	4070	25676
2009-09-08	14970	14975	15150	14965	15150	15050	80	5654	26714
2009-09-09	15050	15195	15240	15075	15080	15140	90	10684	30850
2009-09-10	15140	15080	15135	15020	15095	15080	-60	5054	31644
2009-09-11	15080	14980	15050	14940	14945	14990	-90	8082	33158
2009-09-14	14990	14785	14800	14240	14770	14640	-350	16914	33688
2009-09-15	14640	14850	14920	14805	14865	14840	200	4720	34344
2009-09-16	14840	14950	14950	14880	14895	14900	60	4904	34374
2009-09-17	14900	15100	15100	14955	14985	15020	120	15310	36630
2009-09-18	15020	15010	15010	14890	14900	14930	-90	6086	36306
2009-09-21	14930	14825	14970	14805	14955	14900	-30	5566	36978
2009-09-22	14900	14920	14950	14855	14890	14905	5	4370	37468
2009-09-23	14905	14950	14980	14825	14830	14880	-25	8738	37218
2009-09-24	14880	14805	14850	14780	14830	14810	-70	5284	38606
2009-09-25	14810	14600	14725	14550	14715	14685	-125	12000	40594
2009-09-28	14685	14715	14755	14500	14510	14590	-95	14852	43882
2009-09-29	14590	14700	14700	14515	14685	14600	10	9630	42770
2009-09-30	14600	14720	14850	14710	14850	14790	190	14220	42682
2009-10-09	14790	15005	15185	14805	14820	14920	130	23710	44446
2009-10-12	14920	14890	14950	14830	14905	14890	-30	27204	49586
2009-10-13	14890	14945	14990	14915	14925	14950	60	30032	53322
2009-10-14	14950	14890	14975	14870	14970	14935	-15	27876	56650
2009-10-15	14935	14960	15000	14895	14915	14950	15	26968	57304
2009-10-16	14950	14950	14955	14895	14940	14920	-30	15992	55864
2009-10-19	14920	14875	15010	14875	14980	14965	45	40030	60782
2009-10-20	14965	15105	15120	15010	15050	15060	95	47142	66874
2009-10-21	15060	14975	15025	14940	14965	14970	-90	28464	64746
2009-10-22	14970	15100	15100	14980	14985	15040	70	47828	66318
2009-10-23	15040	15010	15110	15010	15110	15065	25	43898	71298
2009-10-26	15065	15065	15330	15050	15270	15245	180	155310	99248
2009-10-27	15245	15160	15270	15125	15220	15190	-55	84056	98452
2009-10-28	15190	15190	15560	15190	15290	15395	205	317948	119678
2009-10-29	15395	15110	15150	15050	15120	15105	-290	120394	101258
2009-10-30	15105	15250	15335	15200	15235	15260	155	62520	100158
2009-11-02	15260	15095	15210	15080	15185	15155	-105	42538	99152
2009-11-03	15155	15195	15280	15170	15175	15215	60	40838	99778
2009-11-04	15215	15210	15290	15170	15225	15235	20	73830	104740
2009-11-05	15235	15230	15235	15170	15190	15190	-45	28630	103316
2009-11-06	15190	15240	15240	15185	15205	15210	20	27692	100680
2009-11-09	15210	15185	15220	15140	15185	15180	-30	28748	98262
2009-11-10	15180	15220	15230	15085	15120	15150	-30	34016	88462
2009-11-11	15150	15150	15155	15115	15115	15135	-15	15988	84840
2009-11-12	15135	15155	15175	15080	15150	15125	-10	16946	82972
2009-11-13	15125	15095	15165	15095	15145	15130	5	10512	78860
2009-11-16	15130	15170	15300	15160	15255	15255	125	28248	68400
2009-11-17	15255	15405	15430	15240	15260	15315	60	12004	63894
2009-11-18	15315	15330	15380	15285	15345	15330	15	10170	60324
2009-11-19	15330	15335	15460	15285	15405	15365	35	10798	56284
2009-11-20	15365	15375	15555	15375	15440	15440	75	7758	55410
2009-11-23	15440	15495	15645	15460	15645	15565	125	13502	55186
2009-11-24	15565	15510	15590	15320	15380	15510	-55	11214	54030
2009-11-25	15510	15380	15495	15380	15495	15440	-70	3700	51678
2009-11-26	15440	15540	15580	15425	15500	15500	60	3972	50204
2009-11-27	15500	15420	15440	15260	15310	15345	-155	5746	48304
2009-11-30	15345	15360	15485	15360	15420	15420	75	6548	45916
2009-12-01	15420	15560	15560	15410	15450	15470	50	2954	44472
2009-12-02	15470	15540	15600	15455	15495	15500	30	3658	42874
2009-12-03	15500	15545	15660	15535	15625	15595	95	4134	41248
2009-12-04	15595	15570	15630	15535	15595	15585	-10	2460	40044
2009-12-07	15585	15600	15815	15600	15810	15690	105	2828	38800
2009-12-08	15690	15800	15980	15800	15900	15910	220	3054	37620
2009-12-09	15910	15780	15840	15720	15760	15790	-120	3840	35748
2009-12-10	15790	15830	15950	15770	15910	15860	70	3350	34840
2009-12-11	15860	16005	16010	15925	16000	15975	115	3482	34640
2009-12-14	15975	16170	16300	16140	16295	16215	240	3200	33894
2009-12-15	16215	16265	16280	16150	16210	16250	35	2396	33038
2009-12-16	16250	16220	16255	16155	16180	16200	-50	2140	32442
2009-12-17	16200	16295	16295	16150	16160	16185	-15	1922	31524
2009-12-18	16185	16095	16095	15965	16050	16055	-130	1196	31080
2009-12-21	16055	16225	16225	16000	16015	16035	-20	1206	30794
2009-12-22	16035	16050	16100	16000	16005	16035	0	1376	30362
2009-12-23	16035	16020	16030	15960	16020	15995	-40	2458	29442
2009-12-24	15995	16120	16150	16060	16150	16090	95	1202	28712
2009-12-25	16090	16150	16150	16075	16145	16100	10	784	28242
2009-12-28	16100	15890	16470	15890	16405	16305	205	2904	27266
2009-12-29	16305	16450	16625	16340	16625	16535	230	4178	25852
2009-12-30	16535	16595	16645	16520	16630	16590	55	3226	25452
2009-12-31	16590	16460	16850	16460	16800	16700	110	5090	23500
2010-01-04	16700	16620	16800	16510	16680	16715	15	2090	23050
2010-01-05	16715	16760	16950	16720	16945	16825	110	3300	22540
2010-01-06	16825	16980	17660	16980	17560	17355	530	5470	20830
2010-01-07	17355	17600	18010	17010	17300	17470	115	2660	19850
2010-01-08	17470	17200	17330	16705	17065	17075	-395	3220	18600
2010-01-11	17075	17350	17550	17290	17550	17400	325	3570	18380
2010-01-12	17400	17550	17700	17400	17600	17540	140	1240	18400
2010-01-13	17540	17260	17260	16700	17000	17025	-515	5340	16270
2010-01-14	17025	17150	17240	17135	17170	17195	170	1620	14980
2010-01-15	17195	17200	17365	16900	17150	17205	10	3140	14680
