2008-01-02	19030	18980	19020	18980	19000	18995	-35	14	456
2008-01-03	18995	19030	19030	18975	19000	19005	10	16	460
2008-01-04	19005	19200	19200	19010	19190	19150	145	62	492
2008-01-07	19150	?	?	?	?	?	?	?	492
2008-01-08	19090	19080	19080	19080	19080	19080	-10	8	502
2008-01-09	19080	19175	19175	19170	19170	19170	90	4	498
2008-01-10	19170	19150	19260	19010	19150	19130	-40	1722	448
2008-01-11	19130	19020	19180	19020	19180	19140	10	8	452
2008-01-14	19140	?	?	?	19180	19140	0	?	452
2008-01-15	19140	19180	19180	19165	19165	19175	35	8	452
2008-01-16	19175	18760	19060	18760	18995	19000	-175	102	476
2008-01-18	18975	18950	18950	18900	18900	18930	-45	64	498
2008-01-21	18930	18880	19080	18880	18900	18915	-15	38	520
2008-01-22	18915	18660	18895	18660	18895	18850	-65	56	506
2008-01-23	18850	18970	18970	18930	18960	18940	90	22	494
2008-01-24	18940	18980	19170	18935	19100	19075	135	72	454
2008-01-25	19075	18880	19280	18880	19150	19150	75	26	436
2008-01-28	19150	19140	19140	18880	19050	19050	-100	354	456
2008-01-29	19050	19100	19150	19085	?	?	?	16	456
2008-01-30	19150	19780	19780	19310	19310	19515	365	126	466
2008-01-31	19515	19410	19460	19400	19460	19415	-100	42	472
2008-02-01	19415	19680	19680	19510	?	?	?	20	480
2008-02-04	19545	19545	19545	19245	19410	19430	-115	164	590
2008-02-05	19430	19370	19410	19310	19410	19375	-55	130	644
2008-02-13	19375	19080	19440	19080	19180	19340	-35	92	696
2008-02-14	19340	19220	19660	19220	?	?	?	232	640
2008-02-15	19605	19360	19710	19280	19580	19615	10	150	742
2008-02-18	19615	19690	19875	19600	19650	19765	150	5650	3748
2008-02-19	19765	19650	19650	19520	19595	19600	-165	1054	3730
2008-02-20	19600	19700	19720	19600	19600	19625	25	1908	4750
2008-02-21	19625	19640	19715	19600	19680	19665	40	5302	7938
2008-02-22	19665	19780	20060	19730	19810	19920	255	4724	10214
2008-02-25	19920	19900	19980	19825	?	?	?	1514	10782
2008-02-26	19925	19920	19995	19685	19845	19775	-150	1972	11448
2008-02-27	19775	20400	20400	19985	?	?	?	4230	13810
2008-02-28	20075	20350	20435	20160	?	?	?	3614	15300
2008-02-29	20275	20480	20590	20310	20345	20390	115	1078	15624
2008-03-03	20390	20280	20695	20280	20685	20585	195	1436	15998
2008-03-04	20585	20680	21035	20600	20900	20825	240	5424	17862
2008-03-05	20825	20850	21300	20700	20985	20980	155	4978	19590
2008-03-06	20980	21750	21750	21300	21540	21425	445	4554	20572
2008-03-07	21425	21385	21800	21250	21460	21535	110	3900	22112
2008-03-10	21535	21490	21490	20680	20900	20955	-580	2622	22332
2008-03-11	20955	20610	20780	20600	?	?	?	2278	22264
2008-03-12	20640	20500	20520	19835	19900	20195	-445	3848	22300
2008-03-13	20195	20270	20290	19950	?	?	?	1898	23088
2008-03-14	20045	19995	20180	19820	20010	20000	-45	2176	23882
2008-03-17	20000	19850	20160	19850	20080	20020	20	1878	23914
2008-03-18	20020	19300	19570	19215	19215	19435	-585	3238	23034
2008-03-19	19435	19390	19500	19110	19405	19325	-110	1452	22778
2008-03-20	19325	19000	19200	18910	19170	19090	-235	2212	22748
2008-03-21	19090	19060	19550	19060	19550	19390	300	2096	22446
2008-03-24	19390	19455	19480	19380	19440	19425	35	1506	22508
2008-03-25	19425	19580	19880	19550	19810	19715	290	3330	23484
2008-03-26	19715	19830	20050	19800	?	?	?	876	23670
2008-03-27	19880	19825	19850	19620	19675	19740	-140	1034	23732
2008-03-28	19740	19840	19990	19580	19670	19760	20	1176	23780
2008-03-31	19760	19610	19695	19600	?	?	?	428	23840
2008-04-01	19570	19320	19390	19200	19385	19310	-260	3420	24026
2008-04-02	19310	19490	19530	19460	?	?	?	180	24034
2008-04-03	19435	19460	19470	19350	19430	19430	-5	882	24082
2008-04-07	19430	19470	19550	19420	19525	19480	50	1354	23892
2008-04-08	19480	19475	19570	19465	19570	19510	30	2378	23686
2008-04-09	19510	19510	19710	19480	19620	19630	120	1592	23794
2008-04-10	19630	19965	19965	19550	19690	19750	120	1580	23656
2008-04-11	19750	19610	19690	19550	19610	19630	-120	3682	22258
2008-04-14	19630	19500	19500	19190	19395	19405	-225	2858	21876
2008-04-15	19405	19350	19450	19350	19395	19400	-5	1092	21848
2008-04-16	19400	19300	19370	19260	19320	19290	-110	914	21854
2008-04-17	19290	19400	19500	19345	19345	19420	130	1004	21966
2008-04-18	19420	19380	19380	19240	19250	19270	-150	1318	21764
2008-04-21	19270	19335	19340	18850	18910	19090	-180	3124	22086
2008-04-22	19090	18850	19170	18705	19100	18960	-130	7402	20746
2008-04-23	18960	19140	19200	19000	19180	19130	170	3410	21876
2008-04-24	19130	19180	19330	19140	19225	19240	110	5038	22534
2008-04-25	19240	19140	19160	18945	19075	19095	-145	4506	22790
2008-04-28	19095	19135	19190	19120	19170	19170	75	2726	23832
2008-04-29	19170	19115	19170	19070	19100	19105	-65	3162	24288
2008-04-30	19105	19005	19070	18970	?	?	?	3166	24194
2008-05-05	19030	19000	19040	18920	18925	18955	-75	2464	24292
2008-05-06	18955	18980	19095	18930	19080	19000	45	5690	24160
2008-05-07	19000	19080	19150	19010	19125	19075	75	8234	23588
2008-05-08	19075	19080	19120	19040	19085	19080	5	4344	24286
2008-05-09	19080	19050	19110	19010	19020	19055	-25	3348	24264
2008-05-12	19055	19020	19040	18930	18940	18990	-65	2444	24472
2008-05-13	18990	19050	19100	18960	19095	19045	55	3684	25230
2008-05-14	19045	19100	19195	19085	19090	19125	80	6828	25590
2008-05-15	19125	19090	19125	19000	19040	19030	-95	3672	25434
2008-05-16	19030	19135	19525	19105	19500	19350	320	25572	35560
2008-05-19	19350	19585	19590	19320	19335	19465	115	31484	39628
2008-05-20	19465	19295	19355	19245	19280	19300	-165	24420	42110
2008-05-21	19300	19270	19270	18920	18950	19060	-240	26844	37872
2008-05-22	19060	19000	19230	18960	19215	19120	60	22810	37998
2008-05-23	19120	19080	19300	18960	19030	19180	60	39180	39708
2008-05-26	19180	19110	19365	19100	19230	19260	80	51620	44856
2008-05-27	19260	19250	19255	19050	19095	19130	-130	29010	42660
2008-05-28	19130	19020	19235	19000	19105	19150	20	30392	44042
2008-05-29	19150	19055	19110	18810	18945	18990	-160	29064	42504
2008-05-30	18990	18820	18910	18680	18910	18820	-170	32942	42056
2008-06-02	18820	18950	18990	18775	18775	18885	65	18510	41992
2008-06-03	18885	18805	18880	18730	18825	18800	-85	21828	42250
2008-06-04	18800	18780	18830	18690	18765	18755	-45	16276	42892
2008-06-05	18755	18700	18810	18660	18785	18755	0	15276	43312
2008-06-06	18755	18980	18980	18830	18860	18875	120	15530	44192
2008-06-10	18875	18830	19005	18830	18910	18905	30	26524	43720
2008-06-11	18905	18920	19000	18870	18965	18930	25	20070	45584
2008-06-12	18930	18980	19020	18930	18930	18970	40	22778	46810
2008-06-13	18970	18950	18975	18860	18885	18910	-60	10612	45012
2008-06-16	18910	18910	18910	18800	18805	18835	-75	8938	43184
2008-06-17	18835	18850	18915	18815	18845	18850	15	6072	42352
2008-06-18	18850	18960	19130	18935	19120	19025	175	13818	42012
2008-06-19	19025	19180	19190	18950	18960	19080	55	5714	40494
2008-06-20	19080	19080	19160	18995	19155	19095	15	9846	38906
2008-06-24	19170	19125	19145	18970	18980	19045	-125	5144	35774
2008-06-25	19045	18960	18980	18880	18945	18940	-105	3512	35468
2008-06-26	18940	18945	19010	18915	18925	18965	25	2522	35286
2008-06-27	18965	18990	18995	18890	18910	18920	-45	2316	34252
2008-06-30	18920	18960	18960	18905	18945	18925	5	3998	32192
2008-07-01	18925	18910	18995	18905	18970	18940	15	2478	30716
2008-07-02	18940	19025	19300	19025	19270	19165	225	7084	29042
2008-07-03	19165	19375	19515	19150	19300	19365	200	6214	27036
2008-07-04	19365	19195	19275	19150	19180	19215	-150	3060	26606
2008-07-07	19215	19150	19560	19105	19490	19395	180	5312	25598
2008-07-08	19395	19570	19700	19475	19585	19605	210	6090	25786
2008-07-09	19605	19240	19420	19240	19300	19325	-280	3118	25320
2008-07-10	19325	19310	19460	19310	19395	19400	75	2896	24998
2008-07-11	19400	19600	19650	19490	19565	19555	155	4100	25276
2008-07-14	19555	19515	19585	19440	19495	19495	-60	5428	24374
2008-07-15	19495	19480	19495	19295	19295	19375	-120	2618	23738
2008-07-16	19375	19210	19245	19180	19180	19215	-160	1866	23180
2008-07-17	19215	19120	19200	18945	18970	19060	-155	2260	22674
2008-07-18	19060	18915	18950	18910	18945	18935	-125	2968	21584
2008-07-21	18935	18895	18940	18800	18800	18825	-110	2246	20492
2008-07-22	18825	18870	18910	18840	18910	18865	40	1630	20144
2008-07-23	18865	18855	18895	18340	18810	18855	-10	3570	20146
2008-07-24	18855	18725	18835	18725	18805	18800	-55	1606	20020
2008-07-25	18800	18755	18820	18730	18800	18790	-10	1182	19816
2008-07-28	18790	18815	18865	18800	?	?	?	706	19238
2008-07-29	18815	18860	18870	18770	18770	18825	10	1048	18992
2008-07-30	18825	18745	18830	18700	18720	18770	-55	1874	18684
2008-07-31	18770	18800	18860	18800	18815	18820	50	950	17950
2008-08-01	18820	18750	18820	18675	18675	18735	-85	1160	17340
2008-08-04	18735	18580	18720	18570	18720	18640	-95	1610	16330
2008-08-05	18640	18520	18560	18355	18445	18475	-165	2740	14790
2008-08-06	18475	18480	18550	18480	18550	18530	55	1590	13600
2008-08-07	18530	18520	18550	18515	18540	18525	-5	560	13170
2008-08-08	18525	18520	18570	18500	18500	18540	15	890	12700
2008-08-11	18540	18430	18440	18250	18270	18415	-125	630	12550
2008-08-12	18415	18360	18360	18010	18020	18175	-240	1710	12000
2008-08-13	18175	18000	18100	17790	18080	17940	-235	2540	10860
2008-08-14	17940	18140	18300	18000	18135	18110	170	2340	9590
2008-08-15	18110	18000	18020	17900	17900	17960	-150	2940	7800
