2009-03-23	207.55	211.69	212.80	211.69	212.80	212.18	4.63	12	2
2009-03-24	212.18	?	?	?	212.80	212.18	0.00	?	2
2009-03-25	212.18	?	?	?	212.80	212.18	0.00	?	2
2009-03-26	212.18	208.21	208.21	206.43	206.43	207.32	-4.86	8	2
2009-03-27	207.32	?	?	?	206.43	207.32	0.00	?	2
2009-03-30	207.32	?	?	?	206.43	207.32	0.00	?	2
2009-03-31	207.32	?	?	?	206.43	207.32	0.00	?	2
2009-04-01	207.32	?	?	?	206.43	207.32	0.00	?	2
2009-04-02	207.32	?	?	?	206.43	207.32	0.00	?	2
2009-04-03	207.32	198.00	198.00	198.00	198.00	198.00	-9.32	2	?
2009-04-22	198.00	195.35	195.35	195.35	195.35	195.35	-2.65	2	2
2009-04-23	195.35	197.49	197.49	197.49	197.49	197.49	2.14	2	?
2009-04-27	197.49	200.05	202.46	200.05	202.46	201.25	3.76	8	?
2009-04-29	201.25	196.00	200.76	196.00	200.76	199.00	-2.25	36	36
2009-04-30	199.00	197.72	197.72	195.33	197.30	196.36	-2.64	36	8
2009-05-04	196.36	196.48	196.48	196.48	196.48	196.48	0.12	2	6
2009-05-05	196.48	200.00	200.00	200.00	200.00	200.00	3.52	2	4
2009-05-06	200.00	?	?	?	200.00	200.00	0.00	?	4
2009-05-07	200.00	?	?	?	200.00	200.00	0.00	?	4
2009-05-08	200.00	?	?	?	200.00	200.00	0.00	?	4
2009-05-11	200.00	201.00	202.50	201.00	202.50	201.50	1.50	6	2
2009-05-12	201.50	?	?	?	202.50	201.50	0.00	?	2
2009-05-13	201.50	203.50	203.50	203.50	203.50	203.50	2.00	2	?
2009-06-02	203.50	212.23	212.23	212.23	212.23	212.23	8.73	2	2
2009-06-03	212.23	216.45	216.45	216.45	216.45	216.45	4.22	2	?
2009-06-10	216.45	211.38	211.38	211.38	211.38	211.38	-5.07	2	2
2009-06-11	211.38	?	?	?	211.38	211.38	0.00	?	2
2009-06-12	211.38	?	?	?	211.38	211.38	0.00	?	2
2009-06-15	211.38	204.36	207.60	204.36	205.74	205.80	-5.58	8	?
2009-07-01	205.80	205.50	205.80	205.00	205.15	205.35	-0.45	24	24
2009-07-02	205.35	207.20	207.20	207.20	207.20	207.20	1.85	8	22
2009-07-03	207.20	?	?	?	207.20	207.20	0.00	?	22
2009-07-06	207.20	?	?	?	207.20	207.20	0.00	?	22
2009-07-07	207.20	?	?	?	207.20	207.20	0.00	?	22
2009-07-08	207.20	?	?	?	207.20	207.20	0.00	?	22
2009-07-09	207.20	?	?	?	207.20	207.20	0.00	?	22
2009-07-10	207.20	?	?	?	207.20	207.20	0.00	?	22
2009-07-13	207.20	202.80	202.80	201.80	201.80	202.19	-5.01	20	40
2009-07-14	202.19	202.83	202.83	202.83	202.83	202.83	0.64	12	40
2009-07-15	202.83	204.98	204.98	204.98	204.98	204.98	2.15	10	30
2009-07-16	204.98	205.20	206.60	205.20	206.60	205.90	0.92	8	26
2009-07-17	205.90	?	?	?	206.60	205.90	0.00	?	26
2009-07-20	205.90	?	?	?	206.60	205.90	0.00	?	26
2009-07-21	205.90	207.66	207.66	207.66	207.66	207.66	1.76	2	26
2009-07-22	207.66	207.20	208.60	207.05	208.60	207.47	-0.19	8	26
2009-07-23	207.47	209.99	209.99	208.30	208.30	209.14	1.67	4	26
2009-07-24	209.14	208.20	208.20	208.20	208.20	208.20	-0.94	4	22
2009-07-27	208.20	209.50	209.50	209.50	209.50	209.50	1.30	2	24
2009-07-28	209.50	210.20	210.20	210.20	210.20	210.20	0.70	2	22
2009-07-29	210.20	206.00	206.29	206.00	206.00	206.04	-4.16	14	30
2009-07-30	206.04	?	?	?	206.00	206.04	0.00	?	30
2009-07-31	206.04	?	?	?	206.00	206.04	0.00	?	30
2009-08-03	206.04	210.02	210.30	210.01	210.30	210.05	4.01	14	20
2009-08-04	210.05	210.02	210.02	210.02	210.02	210.02	-0.03	2	22
2009-08-05	210.02	211.70	213.50	211.43	213.50	212.18	2.16	34	32
2009-08-06	212.18	?	?	?	213.50	212.18	0.00	?	32
2009-08-07	212.18	212.50	212.50	211.30	211.44	211.58	-0.60	12	34
2009-08-10	211.58	210.31	210.31	210.31	210.31	210.31	-1.27	2	32
2009-08-11	210.31	?	?	?	210.31	210.31	0.00	?	32
2009-08-12	210.31	?	?	?	210.31	210.31	0.00	?	32
2009-08-13	210.31	210.05	210.63	210.05	210.63	210.34	0.03	4	30
2009-08-14	210.34	210.92	210.92	210.30	210.30	210.50	0.16	18	22
2009-08-17	210.50	?	?	?	210.30	210.50	0.00	?	22
2009-08-18	210.50	?	?	?	210.30	210.50	0.00	?	22
2009-08-19	210.50	205.91	205.91	205.91	205.91	205.91	-4.59	2	20
2009-08-20	205.91	207.06	207.50	207.06	207.50	207.28	1.37	4	20
2009-08-21	207.28	?	?	?	207.50	207.28	0.00	?	20
2009-08-24	207.28	?	?	?	207.50	207.28	0.00	?	20
2009-08-25	207.28	?	?	?	207.50	207.28	0.00	?	20
2009-08-26	207.28	?	?	?	207.50	207.28	0.00	?	20
2009-08-27	207.28	207.90	207.90	207.90	207.90	207.90	0.62	4	20
2009-08-28	207.90	?	?	?	207.90	207.90	0.00	?	20
2009-08-31	207.90	209.69	209.69	208.60	208.60	209.14	1.24	4	22
2009-09-01	209.14	?	?	?	208.60	209.14	0.00	?	22
2009-09-02	209.14	?	?	?	208.60	209.14	0.00	?	22
2009-09-03	209.14	215.19	215.19	214.16	214.16	214.67	5.53	4	20
2009-09-04	214.67	224.42	224.42	217.00	217.00	220.17	5.50	20	24
2009-09-07	220.17	?	?	?	217.00	220.17	0.00	?	24
2009-09-08	220.17	218.91	222.00	218.91	222.00	221.24	1.07	10	26
2009-09-09	221.24	222.00	231.48	219.11	219.60	223.04	1.80	8	28
2009-09-10	223.04	218.99	218.99	218.99	218.99	218.99	-4.05	2	28
2009-09-11	218.99	217.42	221.00	217.42	221.00	219.54	0.55	14	26
2009-09-14	219.54	221.95	221.95	220.00	220.00	220.17	0.63	22	26
2009-09-15	220.17	219.01	220.15	219.01	220.15	219.68	-0.49	10	28
2009-09-16	219.68	222.05	225.00	222.03	225.00	223.73	4.05	10	30
2009-09-17	223.73	225.20	225.58	225.20	225.50	225.37	1.64	8	30
2009-09-18	225.37	224.69	224.69	223.11	223.11	223.90	-1.47	4	30
2009-09-21	223.90	221.55	221.55	219.11	221.15	220.37	-3.53	20	34
2009-09-22	220.37	223.96	223.96	221.79	223.39	222.65	2.28	14	34
2009-09-23	222.65	224.09	224.60	224.09	224.14	224.27	1.62	6	32
2009-09-24	224.27	222.61	224.19	222.61	224.19	223.13	-1.14	6	30
2009-09-25	223.13	219.45	219.45	219.45	219.45	219.45	-3.68	4	30
2009-09-28	219.45	217.89	217.89	217.89	217.89	217.89	-1.56	6	26
2009-09-29	217.89	216.00	217.50	215.71	217.50	216.31	-1.58	34	40
2009-09-30	216.31	?	?	?	217.50	216.31	0.00	?	40
2009-10-09	216.31	231.00	231.00	228.71	228.71	229.53	13.22	8	40
2009-10-12	229.53	229.03	230.82	228.81	228.81	229.55	0.02	6	38
2009-10-13	229.55	?	?	?	228.81	229.55	0.00	?	38
2009-10-14	229.55	232.48	232.55	232.11	232.55	232.44	2.89	18	32
2009-10-15	232.44	231.95	231.99	231.50	231.50	231.81	-0.63	6	30
2009-10-16	231.81	230.74	230.74	229.39	229.47	229.75	-2.06	8	38
2009-10-19	229.75	229.90	232.68	229.90	231.25	230.90	1.15	26	50
2009-10-20	230.90	233.46	233.50	233.46	233.50	233.48	2.58	8	56
2009-10-21	233.48	229.96	231.10	229.96	231.10	230.73	-2.75	14	62
2009-10-22	230.73	231.30	231.30	231.00	231.00	231.24	0.51	22	58
2009-10-23	231.24	231.77	231.99	231.74	231.74	231.83	0.59	6	58
2009-10-26	231.83	?	?	?	231.74	231.83	0.00	?	58
2009-10-27	231.83	228.60	229.81	227.82	229.50	228.80	-3.03	56	76
2009-10-28	228.80	230.29	230.29	229.45	229.45	229.61	0.81	10	78
2009-10-29	229.61	227.80	228.12	227.80	228.12	228.02	-1.59	16	92
2009-10-30	228.02	230.02	230.69	230.02	230.69	230.24	2.22	6	88
2009-11-02	230.24	229.76	230.79	229.76	230.79	230.27	0.03	4	86
2009-11-03	230.27	232.61	233.99	232.61	233.70	233.30	3.03	28	86
2009-11-04	233.30	236.77	236.77	236.13	236.35	236.48	3.18	82	66
2009-11-05	236.48	237.26	237.39	236.81	237.00	237.07	0.59	30	68
2009-11-06	237.07	237.18	238.59	237.18	237.60	237.88	0.81	56	74
2009-11-09	237.88	239.02	241.46	239.02	241.27	240.41	2.53	36	76
2009-11-10	240.41	239.71	240.20	238.93	239.20	239.63	-0.78	42	72
2009-11-11	239.63	240.70	241.00	240.36	240.70	240.62	0.99	32	76
2009-11-12	240.62	244.49	244.49	243.02	244.00	243.54	2.92	78	106
2009-11-13	243.54	241.00	242.15	240.28	242.15	241.59	-1.95	32	94
2009-11-16	241.59	246.87	246.95	245.54	246.93	246.41	4.82	84	100
2009-11-17	246.41	248.38	250.00	247.47	247.48	248.49	2.08	44	106
2009-11-18	248.49	249.79	249.79	248.31	249.17	248.76	0.27	36	104
2009-11-19	248.76	249.12	250.73	249.12	249.62	249.82	1.06	36	106
2009-11-20	249.82	249.01	251.15	249.00	250.41	249.71	-0.11	78	114
2009-11-23	249.71	254.37	255.48	253.29	255.08	254.34	4.63	52	124
2009-11-24	254.34	255.08	256.05	253.03	255.00	254.90	0.56	62	122
2009-11-25	254.90	259.00	259.00	256.22	258.59	257.97	3.07	68	110
2009-11-26	257.97	263.65	264.18	261.28	261.69	262.83	4.86	134	102
2009-11-27	262.83	261.48	262.92	250.41	256.79	258.85	-3.98	62	88
2009-11-30	258.85	259.53	260.54	255.60	257.49	258.30	-0.55	130	122
2009-12-01	258.30	258.16	259.10	258.16	258.90	258.73	0.43	28	126
2009-12-02	258.73	265.97	267.23	263.50	266.50	265.82	7.09	158	170
2009-12-03	265.82	269.66	269.66	266.98	266.98	268.31	2.49	60	148
2009-12-04	268.31	263.54	265.58	263.48	264.84	264.30	-4.01	68	142
2009-12-07	264.30	254.70	255.54	253.10	254.12	254.32	-9.98	130	124
2009-12-08	254.32	256.18	256.19	254.77	255.26	255.73	1.41	28	120
2009-12-09	255.73	249.93	249.93	248.20	248.98	249.08	-6.65	64	124
2009-12-10	249.08	249.76	250.25	247.03	249.14	248.10	-0.98	56	136
2009-12-11	248.10	251.20	251.20	248.27	250.28	249.46	1.36	28	128
2009-12-14	249.46	248.40	248.80	245.03	248.80	247.88	-1.58	74	116
2009-12-15	247.88	249.48	249.78	247.52	247.52	249.33	1.45	40	112
2009-12-16	249.33	249.98	251.10	249.42	251.00	250.02	0.69	18	118
2009-12-17	250.02	254.65	254.65	246.80	248.50	250.87	0.85	80	118
2009-12-18	250.87	245.96	245.96	243.88	244.76	245.30	-5.57	82	128
2009-12-21	245.30	246.38	246.60	246.17	246.30	246.21	0.91	64	110
2009-12-22	246.21	242.03	243.05	241.54	241.54	242.40	-3.81	34	90
2009-12-23	242.40	240.29	240.77	240.29	240.77	240.53	-1.87	4	88
2009-12-24	240.53	243.09	245.87	242.38	244.89	244.58	4.05	22	104
2009-12-25	244.58	245.44	245.66	244.66	245.66	245.26	0.68	14	104
2009-12-28	245.26	246.42	248.54	246.42	247.00	247.82	2.56	24	102
2009-12-29	247.82	245.21	245.53	244.10	245.53	244.87	-2.95	30	90
2009-12-30	244.87	242.55	242.55	242.55	242.55	242.55	-2.32	6	86
2009-12-31	242.55	243.80	243.80	243.80	243.80	243.80	1.25	8	80
2010-01-04	243.80	244.22	245.35	243.52	244.30	244.40	0.60	18	76
2010-01-05	244.40	248.84	250.17	248.53	250.17	249.47	5.07	14	80
2010-01-06	249.47	250.90	250.90	250.90	250.90	250.90	1.43	6	74
2010-01-07	250.90	249.00	249.00	249.00	249.00	249.00	-1.90	2	74
2010-01-08	249.00	246.00	246.00	246.00	246.00	246.00	-3.00	2	74
2010-01-11	246.00	252.45	252.80	251.01	252.29	252.25	6.25	46	82
2010-01-12	252.25	251.56	252.10	251.56	252.10	251.95	-0.30	10	82
2010-01-13	251.95	245.60	246.10	245.50	246.10	245.87	-6.08	14	70
2010-01-14	245.87	248.90	251.90	248.80	250.60	249.95	4.08	28	48
2010-01-15	249.95	251.00	251.00	246.90	247.91	249.50	-0.45	18	34
2010-01-18	249.50	?	?	?	247.91	249.50	0.00	?	34
2010-01-19	249.50	253.00	254.30	251.68	251.68	252.17	2.67	212	32
2010-01-20	252.17	250.91	256.00	250.91	253.00	254.44	2.27	18	28
2010-01-21	254.44	?	?	?	253.00	254.44	0.00	?	28
2010-01-22	254.44	246.10	247.00	246.10	246.70	246.36	-8.08	12	26
2010-01-25	246.36	246.93	246.93	246.93	246.93	246.93	0.57	4	26
2010-01-26	246.93	243.00	244.90	240.02	240.02	241.61	-5.32	16	20
2010-01-27	241.61	245.00	247.00	243.80	243.90	244.82	3.21	16	16
2010-01-28	244.82	241.00	241.00	241.00	241.00	241.00	-3.82	2	16
2010-01-29	241.00	240.00	240.00	240.00	240.00	240.00	-1.00	4	12
2010-02-01	240.00	?	?	?	240.00	240.00	0.00	?	12
2010-02-02	240.00	?	?	?	240.00	240.00	0.00	?	12
2010-02-03	240.00	?	?	?	240.00	240.00	0.00	?	12
2010-02-04	240.00	?	?	?	240.00	240.00	0.00	?	12
2010-02-05	240.00	?	?	?	240.00	240.00	0.00	?	12
2010-02-08	240.00	?	?	?	240.00	240.00	0.00	?	12
2010-02-09	240.00	?	?	?	240.00	240.00	0.00	?	12
