2011-02-28									
2011-03-01									
2011-03-02									
2011-03-03									
2011-03-04									
2011-03-07									
2011-03-08									
2011-03-09									
2011-03-10									
2011-03-11									
2011-03-14									
2011-03-16					303.19	303.19	0.00		
2011-03-17	303.19				302.01	302.01	-1.18		
2011-03-18	302.01				300.72	300.72	-1.29		
2011-03-21	300.72	306.00	306.00	306.00	306.00	306.00	5.28	2	2
2011-03-22	306.00				306.00	306.00	0.00		2
2011-03-23	306.00				305.29	305.29	-0.71		2
2011-03-24	305.29				306.68	306.68	1.39		2
2011-03-25	306.68				306.10	306.10	-0.58		2
2011-03-28	306.10	306.10	311.12	302.80	305.00	305.56	-0.54	10	2
2011-03-29	305.56				305.56	305.56	0.00		2
2011-03-30	305.56				305.56	305.56	0.00		2
2011-03-31	305.56	304.28	304.30	304.28	304.30	304.28	-1.28	6	8
2011-04-01	304.28				304.28	304.28	0.00		8
2011-04-06	304.28	304.28	308.50	304.28	308.50	306.39	2.11	4	8
2011-04-07	306.39	308.00	308.00	308.00	308.00	308.00	1.61	2	10
2011-04-08	308.00	310.50	311.10	310.30	310.70	310.55	2.55	18	18
2011-04-11	310.55				310.55	310.55	0.00		18
2011-04-12	310.55	308.80	308.80	308.09	308.09	308.46	-2.09	6	14
2011-04-13	308.46				308.46	308.46	0.00		14
2011-04-14	308.46				308.46	308.46	0.00		14
2011-04-15	308.46				310.70	310.70	2.24		14
2011-04-18	310.70	312.00	312.00	312.00	312.00	312.00	1.30	2	16
2011-04-19	312.00	312.11	312.79	311.20	311.20	312.01	0.01	24	32
2011-04-20	312.01	312.79	315.40	312.79	315.40	313.71	1.70	16	32
2011-04-21	313.71				313.71	313.71	0.00		32
2011-04-22	313.71	315.93	315.93	315.93	315.93	315.93	2.22	2	34
2011-04-25	315.93	316.01	317.79	315.96	317.79	316.64	0.71	16	44
2011-04-26	316.64	313.60	313.89	312.94	313.89	313.34	-3.30	10	44
2011-04-27	313.34	315.00	315.00	315.00	315.00	315.00	1.66	2	44
2011-04-28	315.00	318.81	318.81	318.65	318.65	318.75	3.75	14	44
2011-04-29	318.75				318.75	318.75	0.00		44
2011-05-03	318.75				318.75	318.75	0.00		44
2011-05-04	318.75	316.40	316.40	315.30	315.30	315.77	-2.98	6	46
2011-05-05	315.77	313.00	313.00	313.00	313.00	313.00	-2.77	2	46
2011-05-06	313.00				313.00	313.00	0.00		46
2011-05-09	313.00	314.00	314.00	310.80	311.40	311.65	-1.35	10	48
2011-05-10	311.65	312.05	312.79	311.99	312.79	312.22	0.57	8	50
2011-05-11	312.22	312.79	312.79	312.79	312.79	312.79	0.57	2	52
2011-05-12	312.79	312.91	313.57	311.05	311.05	312.51	-0.28	6	54
2011-05-13	312.51	314.18	314.18	314.18	314.18	314.18	1.67	6	54
2011-05-16	314.18				314.18	314.18	0.00		54
2011-05-17	314.18				313.66	313.66	-0.52		54
2011-05-18	313.66	311.90	311.90	311.90	311.90	311.90	-1.76	2	52
2011-05-19	311.90				311.90	311.90	0.00		52
2011-05-20	311.90				312.10	312.10	0.20		52
2011-05-23	312.10	315.05	315.05	315.05	315.05	315.05	2.95	2	52
2011-05-24	315.05	316.70	316.70	316.70	316.70	316.70	1.65	2	52
2011-05-25	316.70	318.20	318.20	317.21	317.30	317.57	0.87	6	56
2011-05-26	317.57	318.97	318.97	318.20	318.20	318.55	0.98	16	60
2011-05-27	318.55	318.06	318.06	318.06	318.06	318.06	-0.49	2	58
2011-05-30	318.06	320.37	320.37	319.90	319.90	320.25	2.19	8	60
2011-05-31	320.25	321.39	321.39	319.87	319.87	320.73	0.48	8	62
2011-06-01	320.73	319.18	319.20	318.01	318.01	318.22	-2.51	28	80
2011-06-02	318.22	319.57	320.35	319.57	320.35	320.05	1.83	14	84
2011-06-03	320.05	319.67	319.67	319.67	319.67	319.67	-0.38	4	80
2011-06-07	319.67	320.95	320.95	320.95	320.95	320.95	1.28	2	82
2011-06-08	320.95	320.14	320.14	320.00	320.00	320.04	-0.91	6	82
2011-06-09	320.04				320.04	320.04	0.00		82
2011-06-10	320.04				320.04	320.04	0.00		82
2011-06-13	320.04	319.67	319.67	319.67	319.67	319.67	-0.37	4	78
2011-06-14	319.67				317.69	317.69	-1.98		78
2011-06-15	317.69	317.74	317.74	317.51	317.51	317.62	-0.07	4	82
2011-06-16	317.62	318.80	318.80	318.80	318.80	318.80	1.18	4	82
2011-06-17	318.80	318.50	318.50	318.50	318.50	318.50	-0.30	2	80
2011-06-20	318.50				318.50	318.50	0.00		80
2011-06-21	318.50	321.31	321.31	321.31	321.31	321.31	2.81	4	80
2011-06-22	321.31				321.31	321.31	0.00		80
2011-06-23	321.31	322.10	322.10	322.10	322.10	322.10	0.79	2	78
2011-06-24	322.10	320.89	322.10	317.30	317.43	319.39	-2.71	24	78
2011-06-27	319.39	314.26	314.26	313.10	313.10	313.58	-5.81	10	76
2011-06-28	313.58	313.30	313.30	312.99	312.99	313.22	-0.36	8	74
2011-06-29	313.22	314.04	314.04	313.89	313.89	313.93	0.71	8	74
2011-06-30	313.93				314.02	314.02	0.09		74
2011-07-01	314.02				314.02	314.02	0.00		74
2011-07-04	314.02				314.02	314.02	0.00		74
2011-07-05	314.02	312.33	312.33	312.33	312.33	312.33	-1.69	2	74
2011-07-06	312.33	312.33	312.33	312.33	312.33	312.33	0.00	4	76
2011-07-07	312.33	319.40	320.00	319.40	320.00	319.75	7.42	10	82
2011-07-08	319.75	319.81	319.81	319.80	319.80	319.80	0.05	4	84
2011-07-11	319.80	322.00	322.00	322.00	322.00	322.00	2.20	2	86
2011-07-12	322.00	322.52	322.55	322.52	322.55	322.53	0.53	4	86
2011-07-13	322.53				326.40	326.40	3.87		86
2011-07-14	326.40	330.10	330.10	329.01	329.50	329.56	3.16	10	82
2011-07-15	329.56	329.45	329.45	328.60	328.90	328.88	-0.68	8	80
2011-07-18	328.88	331.94	332.00	331.94	332.00	331.97	3.09	4	78
2011-07-19	331.97	333.64	334.32	333.64	334.32	333.98	2.01	4	78
2011-07-20	333.98	331.00	331.00	331.00	331.00	331.00	-2.98	2	80
2011-07-21	331.00				331.00	331.00	0.00		80
2011-07-22	331.00				331.00	331.00	0.00		80
2011-07-25	331.00				331.00	331.00	0.00		80
2011-07-26	331.00				331.00	331.00	0.00		80
2011-07-27	331.00	336.20	336.70	336.20	336.70	336.45	5.45	4	80
2011-07-28	336.45				336.45	336.45	0.00		80
2011-07-29	336.45	335.37	335.37	334.20	334.20	334.78	-1.67	4	80
2011-08-01	334.78				334.78	334.78	0.00		80
2011-08-02	334.78	334.78	334.78	334.78	334.78	334.78	0.00	2	80
2011-08-03	334.78	341.10	344.70	341.10	344.70	343.03	8.25	6	78
2011-08-04	343.03	344.80	346.39	344.80	346.39	345.59	2.56	4	78
2011-08-05	345.59				345.59	345.59	0.00		78
2011-08-08	345.59	351.90	355.00	351.20	355.00	353.01	7.42	10	72
2011-08-09	353.01	360.30	363.60	360.30	362.00	362.42	9.41	30	76
2011-08-10	362.42				362.42	362.42	0.00		76
2011-08-11	362.42	373.80	373.80	370.00	370.00	371.62	9.20	14	78
2011-08-12	371.62				371.62	371.62	0.00		78
2011-08-15	371.62	361.90	363.20	361.49	361.49	362.19	-9.43	6	74
2011-08-16	362.19	365.50	365.50	365.50	365.50	365.50	3.31	2	72
2011-08-17	365.50				365.50	365.50	0.00		72
2011-08-18	365.50				365.98	365.98	0.48		72
2011-08-19	365.98	377.70	380.99	377.50	380.99	378.48	12.50	24	74
2011-08-22	378.48	388.00	390.97	384.50	390.97	388.13	9.65	30	84
2011-08-23	388.13	393.00	393.00	390.82	390.82	392.07	3.94	24	92
2011-08-24	392.07	383.20	384.00	383.20	384.00	383.62	-8.45	8	92
2011-08-25	383.62	365.99	365.99	364.50	365.00	365.41	-18.21	18	92
2011-08-26	365.41	363.85	368.00	363.85	367.30	366.38	0.97	20	88
2011-08-29	366.38	375.00	375.31	374.70	375.31	374.92	8.54	8	86
2011-08-30	374.92				373.38	373.38	-1.54		86
2011-08-31	373.38	379.31	380.00	379.31	380.00	379.77	6.39	6	86
2011-09-01	379.77				377.21	377.21	-2.56		86
2011-09-02	377.21				379.67	379.67	2.46		86
2011-09-05	379.67	388.54	388.54	388.54	388.54	388.54	8.87	2	86
2011-09-06	388.54	391.00	397.60	391.00	397.60	393.84	5.30	14	90
2011-09-07	393.84	393.84	393.84	380.20	380.20	386.22	-7.62	10	90
2011-09-08	386.22	379.90	381.20	379.90	381.20	380.52	-5.70	8	92
2011-09-09	380.52	384.90	387.30	384.90	387.30	385.57	5.05	8	92
2011-09-13	385.57	385.00	385.00	378.00	378.90	379.94	-5.63	10	86
2011-09-14	379.94	382.50	383.09	378.50	378.50	381.73	1.79	18	92
2011-09-15	381.73				378.00	378.00	-3.73		92
2011-09-16	378.00	369.49	369.49	365.97	367.69	367.62	-10.38	38	88
2011-09-19	367.62	376.82	376.82	376.82	376.82	376.82	9.20	2	86
2011-09-20	376.82	369.93	369.93	367.68	368.68	368.25	-8.57	22	78
2011-09-21	368.25	374.05	374.05	374.05	374.05	374.05	5.80	2	78
2011-09-22	374.05				374.05	374.05	0.00		78
2011-09-23	374.05	362.50	362.50	356.51	359.68	359.80	-14.25	14	84
2011-09-26	359.80	342.00	342.00	341.93	341.93	341.95	-17.85	6	80
2011-09-27	341.95	339.80	343.45	337.25	343.45	339.51	-2.44	36	66
2011-09-28	339.51	343.45	343.45	339.10	341.42	341.37	1.86	12	66
2011-09-29	341.37	331.10	335.82	331.10	335.82	332.79	-8.58	8	64
2011-09-30	332.79	338.50	338.78	338.40	338.78	338.61	5.82	8	66
2011-10-10	338.61	342.50	342.50	342.50	342.50	342.50	3.89	2	64
2011-10-11	342.50	348.23	348.23	345.92	345.92	347.07	4.57	4	64
2011-10-12	347.07	344.90	345.96	344.90	345.96	345.38	-1.69	6	60
2011-10-13	345.38				345.38	345.38	0.00		60
2011-10-14	345.38				345.38	345.38	0.00		60
2011-10-17	345.38				345.89	345.89	0.51		60
2011-10-18	345.89	345.97	346.43	344.42	344.77	345.20	-0.69	118	160
2011-10-19	345.20	344.96	345.40	343.00	343.00	343.93	-1.27	68	190
2011-10-20	343.93	336.42	337.07	331.65	334.60	335.06	-8.87	60	188
2011-10-21	335.06	336.09	337.70	335.73	337.09	336.83	1.77	32	186
2011-10-24	336.83	339.99	342.99	339.99	342.99	341.82	4.99	6	186
2011-10-25	341.82	343.12	345.70	343.07	345.70	343.42	1.60	18	192
2011-10-26	343.42	355.82	357.49	355.43	355.54	355.97	12.55	14	194
2011-10-27	355.97	357.13	357.70	356.96	357.11	357.34	1.37	36	194
2011-10-28	357.34	362.56	362.73	357.93	359.28	360.71	3.37	62	180
2011-10-31	360.71	359.28	359.28	352.86	352.86	355.43	-5.28	32	184
2011-11-01	355.43	354.51	355.82	353.71	355.82	354.88	-0.55	60	178
2011-11-02	354.88	356.97	356.97	355.90	355.90	356.57	1.69	10	176
2011-11-03	356.57	357.63	357.63	356.72	356.72	357.17	0.60	8	176
2011-11-04	357.17	362.14	362.14	362.14	362.14	362.14	4.97	2	178
2011-11-07	362.14	363.95	365.07	363.95	365.07	364.79	2.65	8	174
2011-11-08	364.79	369.39	369.56	368.34	368.34	369.01	4.22	32	184
2011-11-09	369.01	368.00	368.00	367.48	367.48	367.70	-1.31	12	180
2011-11-10	367.70	364.51	364.51	360.81	361.30	362.24	-5.46	52	188
2011-11-11	362.24	361.30	363.80	361.30	363.80	361.92	-0.32	8	188
2011-11-14	361.92	370.19	370.35	369.88	369.89	370.09	8.17	12	188
2011-11-15	370.09	366.76	367.10	364.01	364.01	365.49	-4.60	10	192
2011-11-16	365.49	367.35	367.35	362.60	363.58	363.41	-2.08	32	178
2011-11-17	363.41	364.03	364.03	364.03	364.03	364.03	0.62	2	178
2011-11-18	364.03	354.41	356.51	354.41	354.88	355.38	-8.65	8	178
2011-11-21	355.38				355.38	355.38	0.00		178
2011-11-22	355.38	348.04	349.13	348.00	348.00	348.56	-6.82	10	182
2011-11-23	348.56	350.50	352.64	350.50	351.74	352.06	3.50	14	178
2011-11-24	352.06	350.01	350.64	350.01	350.06	350.23	-1.83	6	180
2011-11-25	350.23	349.64	350.17	347.85	347.85	349.41	-0.82	8	180
2011-11-28	349.41	351.77	353.27	351.77	353.27	353.01	3.60	20	174
2011-11-29	353.01	353.79	355.54	353.70	355.02	354.31	1.30	36	176
2011-11-30	354.31	357.50	357.95	356.35	356.35	356.97	2.66	24	170
2011-12-01	356.97	362.19	362.47	361.65	361.65	362.07	5.10	36	174
2011-12-02	362.07	361.75	361.85	361.75	361.85	361.81	-0.26	6	174
2011-12-05	361.81	361.24	362.00	361.24	362.00	361.51	-0.30	18	172
2011-12-06	361.51	355.58	355.90	353.00	353.00	354.99	-6.52	22	170
2011-12-07	354.99	358.58	358.70	358.00	358.34	358.24	3.25	16	174
2011-12-08	358.24	359.79	359.79	358.02	358.52	358.82	0.58	120	200
2011-12-09	358.82	353.97	355.48	352.90	352.90	354.40	-4.42	124	176
2011-12-12	354.40	353.88	353.95	349.00	349.21	350.35	-4.05	194	172
2011-12-13	350.35	344.49	344.65	342.40	342.47	343.06	-7.29	66	186
2011-12-14	343.06	338.73	340.73	338.73	340.25	339.75	-3.31	20	188
2011-12-15	339.75	328.06	328.06	325.19	325.19	326.97	-12.78	26	198
2011-12-16	326.97	328.47	330.30	328.00	330.03	329.24	2.27	24	202
2011-12-19	329.24	332.18	332.18	328.82	330.58	329.73	0.49	56	206
2011-12-20	329.73	331.77	331.77	331.77	331.77	331.77	2.04	2	206
2011-12-21	331.77	335.77	337.25	335.77	337.01	336.53	4.76	16	194
2011-12-22	336.53	334.11	334.45	330.96	333.13	333.22	-3.31	52	200
2011-12-23	333.22	333.68	334.38	332.92	333.41	333.66	0.44	38	204
2011-12-26	333.66	331.62	331.62	328.68	330.29	329.77	-3.89	26	198
2011-12-27	329.77	330.63	330.63	328.72	329.20	329.52	-0.25	28	202
2011-12-28	329.52	327.88	327.88	325.55	326.45	326.42	-3.10	22	202
2011-12-29	326.42	318.26	319.52	316.80	316.80	318.95	-7.47	42	208
2011-12-30	318.95	320.60	321.69	320.13	321.69	320.96	2.01	24	208
2012-01-04	320.96	328.65	328.84	328.26	328.84	328.60	7.64	18	202
2012-01-05	328.60	333.75	333.75	333.75	333.75	333.75	5.15	2	202
2012-01-06	333.75	331.07	335.61	331.07	335.27	334.04	0.29	36	198
2012-01-09	334.04	332.20	332.20	329.25	331.97	330.85	-3.19	42	200
2012-01-10	330.85	332.65	334.55	332.65	334.55	333.31	2.46	6	200
2012-01-11	333.31	336.12	338.49	336.12	338.49	337.34	4.03	10	200
2012-01-12	337.34				337.34	337.34	0.00		200
2012-01-13	337.34	339.00	339.00	337.58	338.50	338.08	0.74	20	194
2012-01-16	338.08	336.13	339.19	336.13	338.35	337.66	-0.42	24	192
2012-01-17	337.66	339.90	341.57	339.90	341.57	341.13	3.47	8	192
2012-01-18	341.13	339.58	341.70	339.13	341.55	340.80	-0.33	14	192
2012-01-19	340.80	342.73	343.10	342.53	343.00	342.94	2.14	66	196
2012-01-20	342.94	340.77	341.99	339.79	341.99	340.92	-2.02	12	192
2012-01-30	340.92	354.37	356.00	354.37	355.52	355.29	14.37	28	178
2012-01-31	355.29	356.99	357.00	355.63	356.99	356.48	1.19	46	176
2012-02-01	356.48	356.52	357.19	356.52	356.77	356.87	0.39	14	172
2012-02-02	356.87	358.92	358.92	358.92	358.92	358.92	2.05	4	172
2012-02-03	358.92	359.74	359.74	359.50	359.73	359.67	0.75	8	174
2012-02-06	359.67				355.18	355.18	-4.49		174
2012-02-07	355.18	355.18	355.18	352.89	352.89	354.03	-1.15	8	174
2012-02-08	354.03	355.59	358.21	355.59	357.35	356.96	2.93	10	172
2012-02-09	356.96				356.96	356.96	0.00		172
2012-02-10	356.96				355.41	355.41	-1.55		172
2012-02-13	355.41				354.71	354.71	-0.70		172
2012-02-14	354.71				352.79	352.79	-1.92		172
2012-02-15	352.79	352.50	352.50	352.50	352.50	352.50	-0.29	2	172
2012-02-16	352.50	351.50	351.50	351.35	351.35	351.44	-1.06	8	170
2012-02-17	351.44	354.97	354.97	353.63	353.63	354.30	2.86	4	168
2012-02-20	354.30				354.30	354.30	0.00		168
2012-02-21	354.30	354.98	355.98	353.46	355.98	354.80	0.50	6	162
2012-02-22	354.80				357.30	357.30	2.50		162
2012-02-23	357.30	357.30	362.29	357.30	362.29	360.87	3.57	38	126
2012-02-24	360.87	362.39	363.27	362.01	362.01	362.33	1.46	10	124
2012-02-27	362.33	360.75	360.75	360.75	360.75	360.75	-1.58	2	122
2012-02-28	360.75	362.85	363.00	360.00	363.00	361.95	1.20	6	120
2012-02-29	361.95	363.19	363.19	363.19	363.19	363.19	1.24	2	120
2012-03-01	363.19				355.00	355.00	-8.19		120
2012-03-02	355.00				355.00	355.00	0.00		120
2012-03-05	355.00	351.01	351.01	351.01	351.01	351.01	-3.99	6	120
2012-03-06	351.01				350.50	350.50	-0.51		120
2012-03-07	350.50				346.50	346.50	-4.00		120
2012-03-08	346.50				346.50	346.50	0.00		120
2012-03-09	346.50	350.00	350.00	350.00	350.00	350.00	3.50	6	120
2012-03-12	350.00				350.00	350.00	0.00		120
2012-03-13	350.00	349.60	349.60	349.60	349.60	349.60	-0.40	42	120
2012-03-14	349.60				349.60	349.60	0.00		120
2012-03-15	349.60				349.60	349.60	0.00		120
