2011-03-15	12425	-	-	-	12425	12425	0	0	0
2011-03-16	12425	-	-	-	12425	12425	0	0	0
2011-03-17	12425	-	-	-	12425	12425	0	0	0
2011-03-18	12425	12275	12295	12275	12280	12285	-140	20	20
2011-03-21	12285	-	-	-	12285	12285	0	0	20
2011-03-22	12285	-	-	-	12285	12285	0	0	20
2011-03-23	12285	-	-	-	12285	12285	0	0	20
2011-03-24	12285	-	-	-	12285	12285	0	0	20
2011-03-25	12285	-	-	-	12285	12285	0	0	20
2011-03-28	12285	12330	12330	12330	12330	12330	45	2	20
2011-03-29	12330	-	-	-	12330	12330	0	0	20
2011-03-30	12330	-	-	-	12330	12330	0	0	20
2011-03-31	12330	-	-	-	12330	12330	0	0	20
2011-04-01	12330	-	-	-	12330	12330	0	0	20
2011-04-06	12330	-	-	-	12330	12330	0	0	20
2011-04-07	12330	-	-	-	12330	12330	0	0	20
2011-04-08	12330	-	-	-	12330	12330	0	0	20
2011-04-11	12330	-	-	-	12330	12330	0	0	20
2011-04-12	12330	-	-	-	12330	12330	0	0	20
2011-04-13	12330	-	-	-	12330	12330	0	0	20
2011-04-14	12330	12595	12595	12390	12390	12490	160	4	20
2011-04-15	12490	-	-	-	12490	12490	0	0	20
2011-04-18	12490	-	-	-	12490	12490	0	0	20
2011-04-19	12490	12325	12325	12325	12325	12325	-165	4	20
2011-04-20	12325	-	-	-	12325	12325	0	0	20
2011-04-21	12325	-	-	-	12325	12325	0	0	20
2011-04-22	12325	-	-	-	12325	12325	0	0	20
2011-04-25	12325	-	-	-	12325	12325	0	0	20
2011-04-26	12325	-	-	-	12325	12325	0	0	20
2011-04-27	12325	-	-	-	12325	12325	0	0	20
2011-04-28	12325	-	-	-	12325	12325	0	0	20
2011-04-29	12325	-	-	-	12325	12325	0	0	20
2011-05-03	12325	-	-	-	12325	12325	0	0	20
2011-05-04	12325	-	-	-	12325	12325	0	0	20
2011-05-05	12325	12105	12105	12105	12105	12105	-220	2	20
2011-05-06	12105	11655	11655	11500	11500	11560	-545	16	20
2011-05-09	11560	-	-	-	11560	11560	0	0	20
2011-05-10	11560	11510	11510	11510	11510	11510	-50	2	20
2011-05-11	11510	-	-	-	11510	11510	0	0	20
2011-05-12	11510	11285	11285	11250	11250	11255	-255	8	20
2011-05-13	11255	-	-	-	11255	11255	0	0	20
2011-05-16	11255	-	-	-	11255	11255	0	0	20
2011-05-17	11255	-	-	-	11255	11255	0	0	20
2011-05-18	11255	-	-	-	11255	11255	0	0	20
2011-05-19	11255	-	-	-	11255	11255	0	0	20
2011-05-20	11255	-	-	-	11255	11255	0	0	20
2011-05-23	11255	11015	11015	11015	11015	11015	-240	2	20
2011-05-24	11015	-	-	-	11015	11015	0	0	20
2011-05-25	11015	-	-	-	11015	11015	0	0	20
2011-05-26	11015	11265	11265	11265	11265	11265	250	2	20
2011-05-27	11265	-	-	-	11265	11265	0	0	20
2011-05-30	11265	-	-	-	11265	11265	0	0	20
2011-05-31	11265	-	-	-	11265	11265	0	0	20
2011-06-01	11265	-	-	-	11265	11265	0	0	20
2011-06-02	11265	11065	11065	11065	11065	11065	-200	2	20
2011-06-03	11065	-	-	-	11065	11065	0	0	20
2011-06-07	11065	-	-	-	11065	11065	0	0	20
2011-06-08	11065	11360	11360	11360	11360	11360	295	2	20
2011-06-09	11360	-	-	-	11360	11360	0	0	20
2011-06-10	11360	-	-	-	11360	11360	0	0	20
2011-06-13	11360	-	-	-	11360	11360	0	0	20
2011-06-14	11360	11050	11050	11050	11050	11050	-310	8	28
2011-06-15	11050	11320	11345	11320	11345	11335	285	18	28
2011-06-16	11335	-	-	-	11335	11335	0	0	28
2011-06-17	11335	11340	11340	11340	11340	11340	5	8	28
2011-06-20	11340	11060	11060	11060	11060	11060	-280	2	28
2011-06-21	11060	-	-	-	11060	11060	0	0	28
2011-06-22	11060	-	-	-	11060	11060	0	0	28
2011-06-23	11060	-	-	-	11060	11060	0	0	28
2011-06-24	11060	-	-	-	11060	11060	0	0	28
2011-06-27	11060	-	-	-	11060	11060	0	0	28
2011-06-28	11060	-	-	-	11060	11060	0	0	28
2011-06-29	11060	-	-	-	11060	11060	0	0	28
2011-06-30	11060	11185	11185	11185	11185	11185	125	2	28
2011-07-01	11185	11345	11345	11345	11345	11345	160	2	28
2011-07-04	11345	11510	11645	11510	11645	11610	265	24	24
2011-07-05	11610	-	-	-	11610	11610	0	0	24
2011-07-06	11610	11635	11635	11635	11635	11635	25	8	20
2011-07-07	11635	11660	11660	11660	11660	11660	25	4	20
2011-07-08	11660	11895	11895	11895	11895	11895	235	2	20
2011-07-11	11895	-	-	-	11895	11895	0	0	20
2011-07-12	11895	-	-	-	11895	11895	0	0	20
2011-07-13	11895	-	-	-	11895	11895	0	0	20
2011-07-14	11895	11850	11900	11850	11900	11875	-20	4	20
2011-07-15	11875	12000	12000	12000	12000	12000	125	2	20
2011-07-18	12000	-	-	-	12000	12000	0	0	20
2011-07-19	12000	11760	11965	11760	11900	11895	-105	16	20
2011-07-20	11895	-	-	-	11895	11895	0	0	20
2011-07-21	11895	-	-	-	11895	11895	0	0	20
2011-07-22	11895	-	-	-	11895	11895	0	0	20
2011-07-25	11895	-	-	-	11895	11895	0	0	20
2011-07-26	11895	12100	12300	12100	12300	12200	305	12	22
2011-07-27	12200	-	-	-	12200	12200	0	0	22
2011-07-28	12200	-	-	-	12200	12200	0	0	22
2011-07-29	12200	12200	12200	12200	12200	12200	0	2	24
2011-08-01	12200	12320	12320	12320	12320	12320	120	2	22
2011-08-02	12320	-	-	-	12320	12320	0	0	22
2011-08-03	12320	12040	12190	12040	12190	12115	-205	4	22
2011-08-04	12115	11915	11915	11915	11915	11915	-200	2	22
2011-08-05	11915	11320	11320	11320	11320	11320	-595	2	22
2011-08-08	11320	11130	11265	11130	11265	11195	-125	4	22
2011-08-09	11195	10640	10905	10640	10905	10780	-415	20	28
2011-08-10	10780	10955	10965	10955	10965	10955	175	18	18
2011-08-11	10955	-	-	-	10955	10955	0	0	18
2011-08-12	10955	11235	11235	11215	11215	11230	275	12	24
2011-08-15	11230	11195	11300	11195	11230	11240	10	20	20
2011-08-16	11240	10805	10805	10805	10805	10805	-435	2	20
2011-08-17	10805	11145	11145	11145	11145	11145	340	4	20
2011-08-18	11145	-	-	-	11145	11145	0	0	20
2011-08-19	11145	10940	10970	10665	10850	10865	-280	456	34
2011-08-22	10865	10970	10980	10810	10855	10895	30	162	80
2011-08-23	10895	10910	10960	10910	10960	10925	30	6	76
2011-08-24	10925	-	-	-	10925	10925	0	0	76
2011-08-25	10925	11150	11150	11015	11070	11080	155	134	76
2011-08-26	11080	-	-	-	11080	11080	0	0	76
2011-08-29	11080	-	-	-	11080	11080	0	0	76
2011-08-30	11080	11300	11300	11300	11300	11300	220	18	60
2011-08-31	11300	11305	11305	11305	11305	11305	5	6	54
2011-09-01	11305	11260	11260	11165	11165	11210	-95	4	54
2011-09-02	11210	11135	11140	11095	11095	11125	-85	12	64
2011-09-05	11125	11055	11100	11050	11050	11090	-35	44	24
2011-09-06	11090	11045	11045	11045	11045	11045	-45	12	24
2011-09-07	11045	11050	11170	11050	11170	11125	80	12	14
2011-09-08	11125	11205	11205	11205	11205	11205	80	2	12
2011-09-09	11205	11070	11070	11070	11070	11070	-135	2	12
2011-09-13	11070	-	-	-	11070	11070	0	0	12
2011-09-14	11070	-	-	-	11070	11070	0	0	12
2011-09-15	11070	10960	10960	10960	10960	10960	-110	2	12
2011-09-16	10960	10995	10995	10995	10995	10995	35	2	12
2011-09-19	10995	10755	10755	10585	10585	10655	-340	10	16
2011-09-20	10655	10365	10410	10365	10410	10390	-265	8	12
2011-09-21	10390	-	-	-	10390	10390	0	0	12
2011-09-22	10390	-	-	-	10390	10390	0	0	12
2011-09-23	10390	-	-	-	10390	10390	0	0	12
2011-09-26	10390	9770	9850	9770	9775	9800	-590	14	16
2011-09-27	9800	9585	9600	9585	9600	9590	-210	6	12
2011-09-28	9590	-	-	-	9590	9590	0	0	12
2011-09-29	9590	9195	9380	9195	9380	9240	-350	8	8
2011-09-30	9240	9500	9500	9500	9500	9500	260	2	8
2011-10-10	9500	9530	9530	9495	9495	9520	20	8	8
2011-10-11	9520	-	-	-	9520	9520	0	0	8
2011-10-12	9520	-	-	-	9520	9520	0	0	8
2011-10-13	9520	9500	9500	9315	9375	9405	-115	28	18
2011-10-14	9405	9515	9515	9435	9440	9460	55	6	18
2011-10-17	9460	-	-	-	9460	9460	0	0	18
2011-10-18	9460	9445	9445	9130	9130	9240	-220	20	14
2011-10-19	9240	9290	9365	9285	9365	9300	60	10	20
2011-10-20	9300	8835	8930	8835	8930	8880	-420	4	18
2011-10-21	8880	8770	8805	8670	8720	8735	-145	34	36
2011-10-24	8735	8700	9130	8700	9130	8990	255	26	24
2011-10-25	8990	9280	9430	9270	9395	9385	395	46	36
2011-10-26	9385	9370	9490	9275	9455	9380	-5	14	40
2011-10-27	9380	9550	9620	9535	9535	9565	185	20	28
2011-10-28	9565	9900	9900	9640	9640	9810	245	6	26
2011-10-31	9810	9550	9550	9425	9425	9490	-320	20	30
2011-11-01	9490	9425	9435	9425	9435	9425	-65	6	32
2011-11-02	9425	9485	9725	9470	9715	9640	215	38	24
2011-11-03	9640	9615	9700	9610	9700	9640	0	8	20
2011-11-04	9640	9755	9870	9755	9870	9810	170	6	20
2011-11-07	9810	9825	9825	9825	9825	9825	15	2	22
2011-11-08	9825	9705	9800	9705	9790	9770	-55	10	30
2011-11-09	9770	9890	9895	9685	9685	9820	50	10	34
2011-11-10	9820	9340	9340	9330	9330	9335	-485	4	32
2011-11-11	9335	9325	9350	9220	9350	9260	-75	36	24
2011-11-14	9260	9540	9605	9540	9605	9565	305	6	26
2011-11-15	9565	9620	9650	9620	9650	9635	70	6	22
2011-11-16	9635	9680	9680	9650	9650	9665	30	4	20
2011-11-17	9665	-	-	-	9665	9665	0	0	20
2011-11-18	9665	9210	9410	9210	9300	9305	-360	172	132
2011-11-21	9305	9290	9290	9270	9270	9285	-20	16	132
2011-11-22	9285	9245	9270	9245	9265	9255	-30	12	134
2011-11-23	9255	-	-	-	9255	9255	0	0	134
2011-11-24	9255	9105	9285	9105	9285	9215	-40	8	134
2011-11-25	9215	-	-	-	9215	9215	0	0	134
2011-11-28	9215	9445	9475	9250	9360	9375	160	26	136
2011-11-29	9375	9305	9390	9300	9365	9355	-20	86	192
2011-11-30	9355	9300	9300	9230	9275	9260	-95	40	166
2011-12-01	9260	9690	9690	9495	9495	9550	290	218	272
2011-12-02	9550	9445	9455	9430	9455	9445	-105	10	268
2011-12-05	9445	9500	9500	9500	9500	9500	55	6	264
2011-12-06	9500	9405	9405	9350	9350	9375	-125	4	264
2011-12-07	9375	9450	9470	9390	9470	9430	55	102	354
2011-12-08	9430	9405	9405	9405	9405	9405	-25	4	354
2011-12-09	9405	9320	9355	9230	9230	9280	-125	34	358
2011-12-12	9280	9165	9165	9060	9065	9115	-165	44	340
2011-12-13	9115	8985	9100	8985	9095	9070	-45	26	334
2011-12-14	9070	9055	9095	8990	9050	9040	-30	56	334
2011-12-15	9040	8805	8900	8805	8820	8860	-180	32	328
2011-12-16	8860	8900	8985	8900	8985	8940	80	8	328
2011-12-19	8940	8870	8925	8870	8925	8905	-35	6	328
2011-12-20	8905	8955	9015	8930	9005	8980	75	146	334
2011-12-21	8980	9050	9115	9045	9045	9065	85	40	356
2011-12-22	9065	9030	9120	9000	9100	9055	-10	48	368
2011-12-23	9055	9100	9195	9100	9185	9165	110	76	376
2011-12-26	9165	9215	9215	9070	9070	9145	-20	106	382
2011-12-27	9145	9120	9125	9120	9125	9125	-20	6	382
2011-12-28	9125	9140	9170	9105	9155	9140	15	36	380
2011-12-29	9140	9135	9145	9080	9145	9110	-30	8	380
2011-12-30	9110	9215	9280	9210	9260	9255	145	114	412
2012-01-04	9255	9340	9350	9275	9275	9325	70	172	566
2012-01-05	9325	9350	9410	9345	9375	9370	45	88	562
2012-01-06	9370	9355	9380	9320	9340	9350	-20	26	566
2012-01-09	9350	9415	9450	9405	9450	9425	75	38	566
2012-01-10	9425	9385	9475	9345	9430	9410	-15	84	580
2012-01-11	9410	9410	9410	9355	9410	9390	-20	66	566
2012-01-12	9390	9365	9430	9365	9430	9405	15	24	560
2012-01-13	9405	9400	9415	9400	9400	9410	5	62	568
2012-01-16	9410	9290	9335	9290	9320	9320	-90	120	584
2012-01-17	9320	9480	9480	9355	9445	9410	90	42	590
2012-01-18	9410	9425	9565	9420	9525	9520	110	176	664
2012-01-19	9520	9525	9580	9480	9535	9545	25	22	666
2012-01-20	9545	9575	9660	9495	9660	9605	60	416	668
2012-01-30	9605	9700	9795	9700	9780	9770	165	20	656
2012-01-31	9770	9800	9850	9800	9835	9825	55	26	664
2012-02-01	9825	9750	9830	9750	9830	9790	-35	14	678
2012-02-02	9790	9845	9845	9720	9780	9775	-15	24	690
2012-02-03	9775	9780	9830	9750	9785	9780	5	180	652
2012-02-06	9780	9900	9910	9840	9850	9880	100	144	672
2012-02-07	9880	9845	9850	9780	9780	9835	-45	582	1112
2012-02-08	9835	9820	9895	9820	9875	9845	10	64	1136
2012-02-09	9845	9800	9860	9800	9805	9810	-35	238	1128
2012-02-10	9810	9840	9845	9790	9790	9815	5	148	1160
2012-02-13	9815	9790	9800	9775	9800	9785	-30	86	1200
2012-02-14	9785	9830	9830	9780	9780	9790	5	84	1218
2012-02-15	9790	9815	9820	9780	9780	9805	15	132	1098
2012-02-16	9805	9730	9730	9655	9670	9690	-115	518	978
2012-02-17	9690	9700	9700	9700	9700	9700	10	40	1018
2012-02-20	9700	9750	9750	9720	9725	9725	25	140	1114
2012-02-21	9725	9750	9765	9730	9765	9745	20	114	1220
2012-02-22	9745	9870	9870	9750	9770	9760	15	106	1274
2012-02-23	9760	9710	9770	9710	9770	9750	-10	14	1276
2012-02-24	9750	9800	9800	9790	9800	9795	45	64	1308
2012-02-27	9795	9820	9895	9810	9895	9835	40	132	1392
2012-02-28	9835	9800	9900	9600	9900	9860	25	128	1430
2012-02-29	9860	9880	9880	9880	9880	9880	20	14	1430
2012-03-01	9880	9880	10000	9880	9960	9940	60	112	1434
2012-03-02	9940	10010	10050	9985	10050	10020	80	190	1434
2012-03-05	10020	10055	10100	10000	10100	10070	50	682	1742
2012-03-06	10070	10095	10160	10095	10150	10130	60	224	1786
2012-03-07	10130	9995	9995	9995	9995	9995	-135	40	1786
2012-03-08	9995	10055	10055	10005	10005	10040	45	58	1802
2012-03-09	10040	10100	10150	10100	10100	10105	65	260	1926
2012-03-12	10105	10150	10200	10100	10200	10165	60	212	1920
2012-03-13	10165	10180	10410	10170	10410	10365	200	530	2050
2012-03-14	10365	10250	10350	10250	10350	10160	-205	210	0
