2010-01-04	5234	5295	5438	5278	5408	5379	174	332648	184826
2010-01-05	5379	5420	5420	5332	5352	5362	-27	273374	167780
2010-01-06	5362	5344	5577	5339	5539	5524	177	685702	204942
2010-01-07	5524	5598	5727	5380	5616	5584	92	1931650	274100
2010-01-08	5584	5601	5636	5360	5418	5476	-166	2356930	296890
2010-01-11	5476	5447	5521	5423	5485	5480	9	1662786	352972
2010-01-12	5480	5445	5470	5391	5405	5421	-75	978880	343816
2010-01-13	5421	5380	5450	5204	5215	5339	-206	1295626	308244
2010-01-14	5339	5288	5298	5160	5228	5248	-111	1454522	311816
2010-01-15	5248	5220	5260	5133	5158	5195	-90	1068686	301256
2010-01-18	5195	5170	5209	5129	5182	5176	-13	653070	280960
2010-01-19	5176	5196	5228	5163	5191	5193	15	482100	280526
2010-01-20	5193	5250	5261	5172	5182	5211	-11	380896	273888
2010-01-21	5211	5185	5322	5165	5292	5240	81	777940	279712
2010-01-22	5240	5253	5320	5198	5262	5263	22	1012426	305738
2010-01-25	5263	5245	5297	5245	5255	5267	-8	456956	307822
2010-01-26	5267	5299	5310	5249	5250	5279	-17	355020	297934
2010-01-27	5279	5244	5266	5218	5226	5239	-53	246142	286842
2010-01-28	5239	5139	5161	5029	5029	5071	-210	251168	271442
2010-01-29	5071	5028	5048	4928	4945	4982	-126	529288	249704
2010-02-01	4982	4970	5038	4890	4978	4960	-4	631578	253714
2010-02-02	4960	5001	5028	4943	4976	4986	16	535530	255158
2010-02-03	4986	5030	5097	5006	5097	5050	111	566034	259472
2010-02-04	5050	5029	5104	4998	5048	5053	-2	735484	258834
2010-02-05	5053	4950	5010	4950	4986	4984	-67	379842	228668
2010-02-08	4984	4950	5025	4950	4997	4989	13	370914	235728
2010-02-09	4989	4989	5007	4961	4994	4981	5	278012	222898
2010-02-10	4981	5012	5174	5002	5138	5118	157	1013598	244616
2010-02-11	5118	5138	5281	5124	5246	5206	128	828452	220994
2010-02-12	5206	5297	5396	5280	5395	5340	189	545820	209372
2010-02-22	5340	5510	5520	5200	5270	5335	-70	564636	231530
2010-02-23	5335	5200	5279	5168	5278	5225	-57	739776	276226
2010-02-24	5225	5246	5362	5225	5351	5307	126	1016770	307428
2010-02-25	5307	5355	5499	5322	5360	5393	53	2092368	315110
2010-02-26	5393	5374	5454	5356	5433	5422	40	2065616	356556
2010-03-01	5422	5486	5522	5417	5466	5462	44	1691156	422414
2010-03-02	5462	5422	5434	5266	5310	5329	-152	1977114	417436
2010-03-03	5329	5316	5357	5271	5324	5323	-5	1802262	428870
2010-03-04	5323	5310	5333	5245	5267	5290	-56	2034004	441552
2010-03-05	5290	5270	5365	5246	5361	5318	71	2457378	491426
2010-03-08	5318	5396	5407	5341	5386	5379	68	1694046	476072
2010-03-09	5379	5349	5409	5332	5383	5373	4	1921858	484756
2010-03-10	5373	5318	5332	5260	5279	5291	-94	2132386	455998
2010-03-11	5291	5255	5270	5081	5082	5146	-209	2555592	485538
2010-03-12	5146	5076	5105	5020	5100	5078	-46	1973386	480634
2010-03-15	5078	5118	5142	4931	4979	5028	-99	2920302	530260
2010-03-16	5028	4951	5036	4911	5020	4998	-8	2469746	497032
2010-03-17	4998	4960	5076	4905	5057	5011	59	3573902	537968
2010-03-18	5011	5083	5144	5066	5134	5110	123	3158552	546014
2010-03-19	5110	5161	5181	5135	5145	5155	35	2173492	523436
2010-03-22	5155	5131	5202	5131	5179	5177	24	1976420	537728
2010-03-23	5177	5136	5147	5028	5031	5069	-146	2867298	606868
2010-03-24	5069	4945	4995	4911	4992	4962	-77	3082462	624858
2010-03-25	4962	5065	5081	5021	5051	5050	89	2312798	597994
2010-03-26	5050	5018	5126	5006	5111	5082	61	2907790	599172
2010-03-29	5082	5118	5150	5060	5117	5117	35	2880164	598790
2010-03-30	5117	5128	5144	5066	5082	5103	-35	2640960	553354
2010-03-31	5103	5092	5125	5070	5077	5097	-26	2071486	559336
2010-04-01	5097	5001	5031	4982	5001	5008	-96	2313582	597316
2010-04-02	5008	5038	5102	5034	5100	5069	92	2422356	537458
2010-04-06	5069	5087	5119	5066	5082	5097	13	2413048	564512
2010-04-07	5097	5060	5099	5045	5096	5071	-1	2043686	610032
2010-04-08	5071	5091	5125	5069	5078	5100	7	2844088	622960
2010-04-09	5100	5088	5145	5075	5136	5112	36	3484504	643430
2010-04-12	5112	5170	5218	5156	5194	5189	82	3946366	628010
2010-04-13	5189	5185	5208	5164	5193	5190	4	3175700	626694
2010-04-14	5190	5220	5233	5202	5204	5220	14	2497846	638572
2010-04-15	5220	5222	5227	5157	5162	5190	-58	2691956	681518
2010-04-16	5190	5162	5191	5151	5186	5175	-4	2113588	640942
2010-04-19	5175	5130	5141	5050	5069	5094	-106	3034968	645092
2010-04-20	5094	5126	5136	5113	5128	5123	34	1681800	612872
2010-04-21	5123	5106	5116	5070	5099	5095	-24	2295294	672244
2010-04-22	5095	5090	5124	5080	5122	5097	27	2233068	703204
2010-04-23	5097	5103	5118	5085	5091	5101	-6	1885708	658640
2010-04-26	5101	5089	5091	4984	5013	5025	-88	4105350	881166
2010-04-27	5025	5004	5007	4940	4986	4971	-39	3110402	795274
2010-04-28	4971	4920	5006	4909	4977	4970	6	2966836	793720
2010-04-29	4970	4949	4972	4880	4926	4926	-44	3254414	830492
2010-04-30	4926	4955	4967	4914	4938	4938	12	2259096	767808
2010-05-04	4938	4910	4917	4816	4819	4846	-119	2799604	870202
2010-05-05	4846	4780	4817	4760	4809	4796	-37	2128582	791362
2010-05-06	4796	4812	4838	4775	4794	4803	-2	2566196	800976
2010-05-07	4803	4710	4743	4686	4697	4717	-106	2219988	728740
2010-05-10	4717	4746	4800	4733	4800	4759	83	2399422	727704
2010-05-11	4759	4800	4825	4767	4779	4798	20	2566282	662306
2010-05-12	4798	4763	4850	4761	4832	4820	34	3157282	698238
2010-05-13	4820	4876	4883	4834	4854	4856	34	1996472	690032
2010-05-14	4856	4843	4858	4774	4778	4813	-78	2702254	738016
2010-05-17	4813	4748	4750	4620	4620	4660	-193	2390062	602628
2010-05-18	4660	4621	4709	4586	4695	4657	35	2723792	563770
2010-05-19	4657	4683	4742	4675	4701	4708	44	3059674	624946
2010-05-20	4708	4739	4770	4716	4731	4744	23	2352824	614764
2010-05-21	4744	4707	4735	4661	4730	4701	-14	2206100	602496
2010-05-24	4701	4777	4818	4765	4817	4791	116	2099338	635296
2010-05-25	4791	4780	4793	4731	4731	4771	-60	2148384	605118
2010-05-26	4771	4781	4806	4765	4798	4783	27	2155250	640778
2010-05-27	4783	4798	4810	4767	4799	4790	16	2190138	597628
2010-05-28	4790	4780	4796	4696	4718	4738	-72	3520448	711238
2010-05-31	4738	4671	4698	4646	4675	4678	-63	2205222	642468
2010-06-01	4678	4679	4693	4663	4675	4681	-3	1676284	641290
2010-06-02	4681	4686	4750	4667	4747	4708	66	2675890	702744
2010-06-03	4708	4732	4741	4677	4719	4711	11	2885294	646110
2010-06-04	4711	4708	4745	4705	4729	4725	18	2058214	618486
2010-06-07	4725	4701	4712	4627	4676	4665	-49	3689776	647520
2010-06-08	4665	4691	4720	4675	4715	4690	50	1587212	604428
2010-06-09	4690	4738	4781	4728	4775	4753	85	1876904	621716
2010-06-10	4753	4760	4769	4730	4737	4748	-16	1241380	565960
2010-06-11	4748	4762	4813	4750	4786	4783	38	1380294	510164
2010-06-17	4783	4812	4835	4782	4789	4811	6	1121960	530952
2010-06-18	4811	4777	4793	4751	4756	4770	-55	1956496	590982
2010-06-22	4811	4832	4854	4822	4832	4839	21	1715788	646938
2010-06-23	4839	4825	4860	4816	4831	4836	-8	1628078	651714
2010-06-24	4836	4820	4858	4805	4849	4834	13	1929298	678074
2010-06-25	4834	4880	4889	4855	4863	4871	29	1363448	651146
2010-06-28	4871	4878	4900	4871	4876	4886	5	1287932	648946
2010-06-29	4886	4843	4852	4794	4802	4824	-84	1269578	613220
2010-06-30	4824	4781	4827	4775	4825	4806	1	1061148	608252
2010-07-02	4842	4851	4884	4848	4883	4865	41	1207948	642102
2010-07-05	4865	4900	4996	4892	4980	4947	115	2303272	731426
2010-07-06	4947	4970	4993	4945	4965	4970	18	2043976	660762
2010-07-07	4970	4962	4981	4944	4952	4964	-18	1461268	673034
2010-07-08	4964	4997	5020	4965	4967	4993	3	1654372	678914
2010-07-09	4993	4969	4981	4948	4972	4964	-21	1262984	651554
2010-07-12	4964	4956	4998	4952	4953	4980	-11	1154764	643234
2010-07-13	4980	4978	4992	4946	4956	4974	-24	1668700	651008
2010-07-14	4974	4966	4980	4914	4934	4941	-40	2065752	652084
2010-07-15	4941	4927	4958	4912	4939	4937	-2	1308910	628256
2010-07-16	4937	4976	4988	4961	4983	4974	46	1155958	593420
2010-07-19	4974	4962	4994	4960	4984	4976	10	949292	596702
2010-07-20	4976	5001	5051	5001	5040	5030	64	1423726	596080
2010-07-21	5030	5027	5035	5010	5018	5022	-12	831496	557296
2010-07-22	5022	5029	5033	5010	5023	5022	1	736670	551672
2010-07-23	5022	5066	5073	5042	5046	5057	24	772846	535784
2010-07-26	5057	5046	5098	5041	5090	5080	33	1170520	570868
2010-07-27	5080	5101	5125	5060	5067	5090	-13	1421902	581238
2010-07-28	5090	5075	5121	5071	5120	5101	30	1091224	610764
2010-07-29	5101	5140	5174	5111	5152	5143	51	1327888	633376
2010-07-30	5143	5175	5195	5152	5194	5175	51	1270222	635546
2010-08-02	5175	5203	5313	5203	5281	5267	106	1630786	680714
2010-08-03	5267	5280	5289	5245	5264	5265	-3	1313378	670476
2010-08-04	5265	5221	5235	5166	5219	5205	-46	2174738	713670
2010-08-05	5205	5241	5272	5226	5234	5247	29	1176540	661162
2010-08-06	5247	5196	5266	5189	5262	5228	15	1211416	611948
2010-08-09	5228	5261	5325	5260	5322	5295	94	1119806	606656
2010-08-10	5295	5285	5303	5254	5272	5279	-23	1063532	603984
2010-08-11	5279	5320	5335	5282	5289	5312	10	963596	575164
2010-08-12	5312	5275	5333	5251	5257	5302	-55	1066656	567554
2010-08-16	5282	5320	5331	5286	5304	5312	22	573024	512020
2010-08-17	5312	5282	5302	5265	5292	5281	-20	478548	501060
2010-08-18	5281	5318	5325	5253	5258	5300	-23	451658	490042
2010-08-19	5300	5272	5282	5235	5265	5261	-35	369252	442602
2010-08-20	5261	5258	5273	5192	5201	5240	-60	363320	432552
2010-08-23	5240	5224	5224	5179	5182	5202	-58	331968	383604
2010-08-24	5202	5190	5218	5158	5158	5193	-44	293244	333996
2010-08-25	5193	5180	5196	5163	5178	5180	-15	223132	319096
2010-08-26	5180	5184	5220	5164	5218	5192	38	222332	302416
2010-08-27	5192	5204	5260	5185	5249	5220	57	278476	312138
2010-08-30	5220	5290	5420	5285	5411	5367	191	340406	307014
2010-08-31	5367	5400	5441	5381	5412	5412	45	457744	322592
2010-09-01	5412	5415	5463	5411	5452	5438	40	376954	303100
2010-09-02	5438	5509	5514	5464	5472	5492	34	321704	308332
2010-09-03	5492	5478	5489	5442	5457	5467	-35	201528	286226
2010-09-06	5467	5468	5507	5456	5495	5480	28	186008	268186
2010-09-07	5480	5493	5534	5481	5516	5516	36	182048	268614
2010-09-08	5516	5553	5572	5496	5510	5539	-6	195222	249428
2010-09-09	5539	5522	5530	5404	5458	5471	-81	130086	247410
2010-09-10	5471	5499	5551	5496	5542	5525	71	151176	236574
2010-09-13	5525	5570	5589	5548	5570	5570	45	186362	247566
2010-09-14	5570	5610	5616	5518	5537	5560	-33	187730	222666
2010-09-15	5560	5590	5590	5497	5526	5532	-34	134104	232620
2010-09-16	5532	5522	5542	5486	5532	5513	0	151850	229420
2010-09-17	5513	5550	5643	5541	5621	5601	108	330028	271260
2010-09-20	5601	5640	5670	5618	5656	5648	55	189640	242324
2010-09-21	5648	5628	5629	5529	5533	5569	-115	123556	225278
2010-09-27	5569	5594	5605	5547	5574	5573	5	83882	210924
2010-09-28	5573	5594	5657	5574	5650	5635	77	132900	175944
2010-09-29	5635	5660	5663	5539	5561	5588	-74	99376	156572
2010-09-30	5588	5550	5588	5525	5585	5557	-3	41652	147550
2010-10-08	5557	5592	5690	5590	5669	5653	112	60832	142104
2010-10-11	5653	5855	5880	5806	5865	5859	212	91508	139670
2010-10-12	5859	5830	5864	5789	5801	5826	-58	65092	132590
2010-10-13	5826	5862	5899	5853	5891	5883	65	82148	135020
2010-10-14	5883	5885	6119	5884	6080	6032	197	144416	153694
2010-10-15	6032	6079	6185	6046	6179	6128	147	129394	142338
2010-10-18	6128	6130	6192	6084	6142	6137	14	100014	141354
2010-10-19	6137	6180	6383	6173	6344	6323	207	149124	148268
2010-10-20	6323	6281	6419	6278	6402	6364	79	100134	142160
2010-10-21	6364	6450	6539	6360	6391	6441	27	72638	136570
2010-10-22	6441	6350	6562	6332	6531	6480	90	100792	140026
2010-10-25	6480	6650	6740	6650	6740	6714	260	46312	138266
2010-10-26	6714	6947	6947	6727	6775	6842	61	89552	123662
2010-10-27	6842	6803	6848	6675	6680	6762	-162	92028	124184
2010-10-28	6762	6775	6905	6755	6866	6843	104	69906	119324
2010-10-29	6843	6850	6860	6500	6591	6622	-252	77502	126202
2010-11-01	6622	6650	6678	6554	6593	6626	-29	52758	116940
2010-11-02	6626	6620	6722	6600	6688	6670	62	42276	122236
2010-11-03	6670	6750	6888	6750	6831	6827	161	40598	108192
2010-11-04	6827	6836	6855	6730	6810	6780	-17	44636	98006
2010-11-05	6780	7002	7102	7002	7061	7065	281	32948	88120
2010-11-08	7065	7040	7096	6884	7064	7016	-1	31812	79702
2010-11-09	7016	7055	7300	7041	7177	7134	161	34852	76972
2010-11-10	7134	7235	7298	6888	7129	7165	-5	24920	77000
2010-11-11	7165	7144	7162	7023	7083	7103	-82	26018	79682
2010-11-12	7103	6747	6747	6747	6747	6747	-356	946	79078
2010-11-15	6747	6240	6370	6240	6240	6260	-507	73252	46856
2010-11-16	6260	6290	6454	6250	6316	6372	56	40944	47910
2010-11-17	6372	6112	6240	6080	6141	6171	-231	30018	45396
2010-11-18	6171	6277	6398	6080	6245	6193	74	22844	38104
2010-11-19	6193	6445	6445	6285	6330	6335	137	11246	37808
2010-11-22	6335	6136	6253	6134	6164	6208	-171	5826	38038
2010-11-23	6208	6186	6240	6116	6173	6184	-35	8826	38828
2010-11-24	6184	6199	6358	6199	6350	6303	166	10012	38016
2010-11-25	6303	6420	6420	6297	6297	6353	-6	4800	38046
2010-11-26	6353	6296	6310	6129	6270	6224	-83	5696	37816
2010-11-29	6224	6265	6360	6227	6347	6305	123	5584	38050
2010-11-30	6305	6347	6409	6308	6399	6358	94	6628	37640
2010-12-01	6358	6333	6561	6320	6550	6465	192	10524	39102
2010-12-02	6465	6644	6644	6498	6504	6568	39	7258	37590
2010-12-03	6568	6500	6545	6495	6514	6522	-54	3224	37248
2010-12-06	6522	6540	6569	6498	6522	6533	0	3074	35688
2010-12-07	6533	6496	6543	6474	6540	6501	7	2382	35020
2010-12-08	6501	6450	6489	6370	6372	6430	-129	3696	34678
2010-12-09	6430	6401	6433	6390	6413	6413	-17	1602	34464
2010-12-10	6413	6409	6445	6401	6436	6429	23	4370	31392
2010-12-13	6429	6436	6585	6429	6549	6499	120	6716	26812
2010-12-14	6499	6601	6601	6528	6556	6564	57	2656	25042
2010-12-15	6564	6556	6556	6452	6473	6498	-91	2984	23578
2010-12-16	6498	6510	6560	6505	6540	6530	42	2684	21546
2010-12-17	6530	6548	6608	6537	6607	6575	77	1104	21158
2010-12-20	6575	6698	6756	6698	6734	6724	159	2290	20052
2010-12-21	6724	6748	6762	6707	6762	6736	38	944	19484
2010-12-22	6736	6737	6864	6737	6801	6797	65	5176	18336
2010-12-23	6797	6870	6887	6840	6861	6863	64	1614	18108
2010-12-24	6863	6900	6990	6900	6990	6927	127	2450	17380
2010-12-27	6927	6980	7009	6960	6999	6982	72	2444	15370
2010-12-28	6982	7000	7070	6975	7070	7018	88	1284	14954
2010-12-29	7018	7074	7100	6995	7023	7030	5	6454	9554
2010-12-30	7030	6999	7068	6959	7068	6997	38	3256	8360
2010-12-31	6997	6530	7280	6530	6970	6875	-27	1614	7500
2011-01-04	6875	7010	7200	6990	6991	7013	116	1102	6672
2011-01-05	7013	6964	6970	6964	6964	6968	-49	458	6498
2011-01-06	6968	6943	6999	6943	6956	6972	-12	290	6368
2011-01-07	6972	6870	6890	6647	6760	6823	-212	2010	5762
2011-01-10	6823	6855	6880	6830	6847	6850	24	2040	4860
2011-01-11	6850	6865	6885	6840	6880	6861	30	912	4428
2011-01-12	6861	6933	7001	6912	6912	6954	51	182	4366
2011-01-13	6954	7045	7045	6901	6975	6945	21	64	4344
2011-01-14	6945	7075	7075	7075	7075	7075	130	82	4262
2011-01-17	7075	6921	6980	6906	6931	6923	-144	120	0
