2011-11-15	6512	6263	6481	6249	6430	6382	-82	54	0
2011-11-16	6382	6363	6474	6331	6334	6386	-48	162	20
2011-11-17	6386	6335	6379	6335	6379	6358	-7	36	22
2011-11-18	6358	6302	6532	6292	6358	6388	0	128	40
2011-11-21	6388	6316	6321	6255	6261	6287	-127	66	48
2011-11-22	6287	6285	6285	6215	6260	6250	-27	66	38
2011-11-23	6250	6204	6220	6170	6191	6200	-59	72	42
2011-11-24	6200	6167	6209	6137	6180	6174	-20	110	40
2011-11-25	6174	6156	6197	6141	6153	6167	-21	44	48
2011-11-28	6167	6175	6189	6169	6179	6179	12	30	48
2011-11-29	6179	6199	6207	6164	6207	6192	28	36	48
2011-11-30	6192	6217	6217	6161	6163	6189	-29	42	54
2011-12-01	6189	6250	6403	6221	6256	6284	67	110	62
2011-12-02	6284	6225	6275	6106	6244	6242	-40	122	76
2011-12-05	6242	6244	6273	6218	6267	6254	25	82	90
2011-12-06	6254	6274	6283	6252	6262	6264	8	40	88
2011-12-07	6264	6277	6277	6215	6218	6235	-46	80	112
2011-12-08	6235	6138	6197	6118	6159	6148	-76	286	134
2011-12-09	6148	6198	6199	6145	6158	6173	10	88	136
2011-12-12	6173	6119	6119	6033	6043	6074	-130	212	196
2011-12-13	6074	6035	6045	5992	5992	6009	-82	230	246
2011-12-14	6009	5970	6022	5970	6018	6005	9	184	194
2011-12-15	6005	5955	6040	5925	6040	5992	35	410	232
2011-12-16	5992	6035	6084	6011	6084	6044	92	196	196
2011-12-19	6044	6073	6093	6054	6079	6077	35	34	190
2011-12-20	6077	6089	6094	6018	6044	6040	-33	50	198
2011-12-21	6040	6057	6067	6000	6000	6034	-40	100	218
2011-12-22	6034	6050	6054	6005	6054	6033	20	88	200
2011-12-23	6033	6039	6080	6031	6056	6051	23	50	204
2011-12-26	6051	6117	6117	5999	6008	6012	-43	118	220
2011-12-27	6012	6000	6019	6000	6008	6008	-4	38	224
2011-12-28	6008	6017	6017	5975	5975	5997	-33	138	294
2011-12-29	5997	5929	5962	5916	5922	5929	-75	154	310
2011-12-30	5929	5942	5949	5830	5851	5876	-78	194	330
2012-01-04	5876	5933	5979	5889	5922	5926	46	700	392
2012-01-05	5926	5941	6200	5941	6154	6118	228	604	270
2012-01-06	6118	6121	6121	6073	6103	6089	-15	166	264
2012-01-09	6089	6120	6151	6101	6125	6120	36	100	264
2012-01-10	6120	6138	6271	6138	6252	6216	132	140	248
2012-01-11	6216	6350	6350	6230	6243	6248	27	88	270
2012-01-12	6248	6254	6299	6254	6294	6274	46	66	240
2012-01-13	6274	6276	6281	6223	6253	6249	-21	78	254
2012-01-16	6249	6249	6258	6228	6258	6246	9	30	250
2012-01-17	6246	6252	6292	6202	6251	6240	5	54	260
2012-01-18	6240	6237	6282	6231	6268	6256	28	118	260
2012-01-19	6256	6284	6293	6280	6289	6289	33	110	304
2012-01-20	6289	6325	6388	6316	6388	6351	99	56	298
2012-01-30	6351	6327	6347	6312	6316	6330	-35	110	346
2012-01-31	6330	6305	6333	6280	6321	6300	-9	86	368
2012-02-01	6300	6304	6327	6290	6299	6304	-1	92	404
2012-02-02	6304	6299	6333	6290	6294	6306	-10	94	404
2012-02-03	6306	6296	6312	6288	6305	6299	-1	68	432
2012-02-06	6299	6336	6352	6325	6330	6337	31	164	460
2012-02-07	6337	6360	6367	6334	6341	6349	4	170	492
2012-02-08	6349	6360	6369	6327	6366	6353	17	108	518
2012-02-09	6353	6379	6420	6379	6397	6413	44	528	652
2012-02-10	6413	6390	6418	6389	6413	6408	0	292	790
2012-02-13	6408	6418	6431	6374	6380	6405	-28	370	964
2012-02-14	6405	6363	6370	6329	6344	6344	-61	300	1062
2012-02-15	6344	6341	6346	6320	6332	6332	-12	258	1172
2012-02-16	6332	6332	6342	6280	6300	6302	-32	326	1264
2012-02-17	6302	6306	6315	6270	6290	6285	-12	182	1332
2012-02-20	6285	6300	6319	6296	6303	6305	18	188	1432
2012-02-21	6305	6293	6347	6292	6345	6331	40	344	1546
2012-02-22	6331	6372	6384	6351	6372	6372	41	538	1672
2012-02-23	6372	6380	6384	6339	6360	6354	-12	382	1730
2012-02-24	6354	6364	6376	6353	6360	6360	6	142	1776
2012-02-27	6360	6402	6450	6354	6430	6429	70	1326	1982
2012-02-28	6429	6450	6455	6423	6445	6437	16	1144	2634
2012-02-29	6437	6440	6445	6425	6441	6436	4	376	2644
2012-03-01	6436	6428	6428	6385	6391	6404	-45	1116	3250
2012-03-02	6404	6380	6415	6380	6410	6407	6	1016	3990
2012-03-05	6407	6419	6419	6380	6391	6394	-16	448	4090
2012-03-06	6394	6384	6399	6375	6386	6386	-8	302	4116
2012-03-07	6386	6350	6375	6349	6362	6362	-24	554	4320
2012-03-08	6362	6368	6386	6362	6364	6376	2	478	4564
2012-03-09	6376	6374	6400	6374	6399	6395	23	768	4460
2012-03-12	6395	6386	6391	6378	6385	6382	-10	288	4476
2012-03-13	6382	6392	6425	6392	6411	6411	29	1018	4448
2012-03-14	6411	6422	6429	6393	6400	6419	-11	714	4522
2012-03-15	6419	6399	6463	6399	6455	6448	36	1742	4778
2012-03-16	6448	6516	6525	6457	6463	6485	15	686	4794
2012-03-19	6485	6469	6469	6459	6460	6461	-25	596	4758
2012-03-20	6461	6470	6483	6438	6454	6455	-7	672	4858
2012-03-21	6455	6444	6458	6430	6440	6439	-15	842	4798
2012-03-22	6439	6439	6450	6430	6438	6440	-1	230	4778
2012-03-23	6440	6457	6478	6448	6462	6457	22	362	4956
2012-03-26	6457	6453	6489	6450	6470	6472	13	482	4968
2012-03-27	6472	6458	6470	6445	6468	6459	-4	200	4946
2012-03-28	6459	6465	6493	6460	6492	6479	33	488	4942
2012-03-29	6479	6471	6501	6470	6499	6483	20	842	4726
2012-03-30	6483	6500	6507	6490	6495	6494	12	160	4644
2012-04-05	6494	6494	6555	6488	6542	6536	48	712	4684
2012-04-06	6536	6554	6575	6525	6574	6544	38	670	4882
2012-04-09	6544	6585	6720	6581	6696	6674	152	2146	5292
2012-04-10	6674	6688	6736	6674	6736	6700	62	1974	6194
2012-04-11	6700	6704	6718	6658	6703	6698	3	2816	6344
2012-04-12	6698	6712	6776	6650	6654	6692	-44	3170	6486
2012-04-13	6692	6670	6696	6648	6655	6672	-37	2034	6802
2012-04-16	6672	6610	6615	6563	6588	6587	-84	2170	6472
2012-04-17	6587	6560	6570	6535	6554	6550	-33	1590	6606
2012-04-18	6550	6563	6570	6495	6530	6527	-20	2138	6844
2012-04-19	6527	6500	6520	6480	6514	6499	-13	1406	7012
2012-04-20	6499	6496	6527	6488	6517	6508	18	844	7168
2012-04-23	6508	6510	6515	6435	6440	6452	-68	8300	11752
2012-04-24	6452	6450	6458	6396	6403	6411	-49	8800	12140
2012-04-25	6411	6412	6445	6393	6440	6413	29	3568	12316
2012-04-26	6413	6448	6453	6412	6417	6430	4	2296	11938
2012-04-27	6430	6389	6400	6344	6344	6366	-86	6822	14616
2012-05-02	6366	6343	6380	6316	6352	6336	-14	5638	15384
2012-05-03	6336	6312	6370	6312	6365	6352	29	5638	15418
2012-05-04	6352	6360	6392	6360	6386	6375	34	3516	16238
2012-05-07	6375	6370	6398	6365	6372	6377	-3	3748	17154
2012-05-08	6377	6389	6390	6317	6325	6345	-52	5846	17666
2012-05-09	6345	6288	6292	6269	6269	6280	-76	3744	17890
2012-05-10	6280	6285	6295	6250	6252	6272	-28	5328	19208
2012-05-11	6272	6244	6256	6158	6170	6212	-102	9816	20356
2012-05-14	6212	6178	6187	6086	6096	6149	-116	16390	15616
2012-05-15	6149	6103	6180	6103	6180	6148	31	6152	15482
2012-05-16	6148	6170	6173	6050	6053	6091	-95	9292	17250
2012-05-17	6091	6111	6158	6086	6150	6122	59	6466	16994
2012-05-18	6122	6135	6160	6080	6125	6122	3	8460	16452
2012-05-21	6122	6143	6179	6100	6156	6150	34	4606	16950
2012-05-22	6150	6138	6151	6111	6123	6130	-27	3210	17230
2012-05-23	6130	6060	6060	5970	6016	6024	-114	9686	18660
2012-05-24	6024	6010	6066	6003	6060	6027	36	4214	18374
2012-05-25	6027	6059	6059	6006	6052	6032	25	5708	18790
2012-05-28	6032	6056	6060	6015	6025	6036	-7	5556	19838
2012-05-29	6036	6002	6067	5988	6059	6020	23	10230	21058
2012-05-30	6020	6029	6100	6016	6055	6054	35	7364	21704
2012-05-31	6054	6041	6077	6017	6051	6058	-3	8754	23036
2012-06-01	6058	6033	6059	5960	5963	6003	-95	15620	23736
2012-06-04	6003	5915	5928	5829	5854	5874	-149	16104	24812
2012-06-06	5901	5908	5919	5840	5842	5877	-59	8302	26688
2012-06-07	5877	5920	5965	5905	5920	5936	43	13906	28372
2012-06-08	5936	5899	5911	5792	5802	5827	-134	15224	30702
2012-06-11	5827	5851	5880	5783	5825	5824	-2	29872	41028
2012-06-12	5824	5805	5819	5737	5749	5775	-75	29898	47116
2012-06-13	5775	5733	5733	5601	5668	5664	-107	40002	46660
2012-06-14	5664	5644	5706	5628	5661	5670	-3	28524	45476
2012-06-15	5670	5678	5695	5650	5685	5675	15	24456	44598
2012-06-18	5675	5749	5760	5644	5648	5688	-27	34530	50726
2012-06-19	5688	5646	5682	5619	5659	5652	-29	47092	53928
2012-06-20	5652	5721	5732	5699	5710	5714	58	35344	53984
2012-06-21	5714	5692	5733	5676	5698	5707	-16	34182	55728
2012-06-25	5707	5628	5688	5618	5664	5667	-43	27460	55470
2012-06-26	5667	5688	5742	5676	5735	5719	68	50448	54868
2012-06-27	5719	5755	5763	5715	5719	5741	0	28938	59254
2012-06-28	5741	5778	5778	5744	5751	5756	10	26846	60634
2012-06-29	5756	5740	5741	5699	5735	5722	-21	32758	62538
2012-07-02	5722	5780	5785	5708	5724	5735	2	30712	63966
2012-07-03	5735	5737	5811	5727	5808	5771	73	47064	67096
2012-07-04	5771	5826	5882	5820	5878	5861	107	49876	69054
2012-07-05	5861	5883	5920	5857	5918	5889	57	52582	68000
2012-07-06	5889	5900	5906	5864	5873	5877	-16	48402	67604
2012-07-09	5877	5882	5899	5812	5870	5860	-7	51506	67298
2012-07-10	5860	5880	5906	5852	5855	5886	-5	45244	68032
2012-07-11	5886	5849	5881	5838	5841	5856	-45	33684	67008
2012-07-12	5856	5866	5911	5839	5862	5878	6	54734	75126
2012-07-13	5878	5841	5869	5834	5853	5851	-25	27186	76918
2012-07-16	5851	5873	5898	5796	5796	5850	-55	63896	90378
2012-07-17	5850	5820	5826	5702	5703	5743	-147	62994	87112
2012-07-18	5743	5715	5723	5650	5690	5688	-53	59798	85386
2012-07-19	5688	5708	5711	5662	5680	5689	-8	47140	85686
2012-07-20	5689	5690	5710	5619	5627	5660	-62	52956	89050
2012-07-23	5660	5641	5705	5576	5582	5644	-78	72214	89602
2012-07-24	5644	5550	5572	5505	5526	5539	-118	83120	86088
2012-07-25	5539	5500	5556	5500	5530	5531	-9	55574	83752
2012-07-26	5531	5533	5543	5417	5431	5464	-100	95578	86300
2012-07-27	5464	5396	5433	5374	5427	5409	-37	65604	85196
2012-07-30	5409	5440	5451	5346	5361	5397	-48	85068	90224
2012-07-31	5397	5373	5398	5337	5398	5367	1	70116	86458
2012-08-01	5367	5379	5457	5376	5448	5426	81	78292	85920
2012-08-02	5426	5442	5458	5364	5380	5399	-46	68352	87616
2012-08-03	5399	5342	5426	5342	5416	5397	17	59960	86574
2012-08-06	5397	5424	5445	5393	5439	5420	42	54298	89608
2012-08-07	5420	5428	5449	5393	5408	5420	-12	71414	97682
2012-08-08	5420	5396	5440	5378	5415	5417	-5	71274	96392
2012-08-09	5417	5410	5522	5403	5520	5469	103	96518	102726
2012-08-10	5469	5512	5550	5483	5497	5518	28	95976	110030
2012-08-13	5518	5505	5510	5420	5427	5452	-91	87800	111252
2012-08-14	5452	5418	5418	5349	5374	5371	-78	73682	113580
2012-08-15	5371	5385	5586	5375	5586	5455	215	133712	98876
2012-08-16	5455	5632	5649	5518	5526	5555	71	199918	121642
2012-08-17	5555	5527	5528	5457	5479	5479	-76	163938	129420
2012-08-20	5479	5479	5510	5468	5505	5493	26	79222	129514
2012-08-21	5493	5518	5580	5492	5537	5537	44	129246	140242
2012-08-22	5537	5515	5527	5426	5433	5479	-104	154950	163554
2012-08-23	5479	5435	5470	5259	5323	5355	-156	460132	201154
2012-08-24	5355	5313	5339	5265	5307	5307	-48	249560	200718
2012-08-27	5307	5303	5361	5290	5347	5335	40	191596	198182
2012-08-28	5335	5330	5341	5244	5253	5304	-82	304214	211310
2012-08-29	5304	5289	5291	5171	5244	5233	-60	408642	205762
2012-08-30	5233	5220	5431	5194	5342	5301	109	414684	202898
2012-08-31	5301	5320	5336	5282	5324	5313	23	232950	200956
2012-09-03	5313	5326	5373	5314	5337	5345	24	179962	198964
2012-09-04	5345	5320	5347	5250	5263	5285	-82	183326	216106
2012-09-05	5285	5223	5272	5197	5252	5238	-33	192454	208286
2012-09-06	5238	5228	5305	5220	5264	5261	26	262274	220480
2012-09-07	5261	5242	5288	5212	5269	5252	8	287944	241944
2012-09-10	5252	5305	5361	5292	5356	5326	104	280130	242566
2012-09-11	5326	5335	5370	5318	5338	5346	12	210338	249882
2012-09-12	5346	5353	5433	5327	5373	5390	27	398628	260708
2012-09-13	5390	5390	5392	5205	5301	5329	-89	234966	254432
2012-09-14	5329	5350	5402	5315	5361	5360	32	309262	278350
2012-09-17	5360	5366	5390	5332	5351	5364	-9	237828	267594
2012-09-18	5364	5330	5445	5328	5373	5387	9	415024	272872
2012-09-19	5387	5350	5375	5330	5334	5351	-53	271844	275876
2012-09-20	5351	5330	5402	5321	5393	5380	42	458412	320226
2012-09-21	5380	5403	5420	5259	5261	5332	-119	537734	277686
2012-09-24	5332	5249	5258	5132	5139	5196	-193	484578	311166
2012-09-25	5196	5140	5162	5100	5137	5133	-59	497392	309530
2012-09-26	5133	5150	5168	5100	5135	5136	2	336588	305676
2012-09-27	5136	5110	5196	5102	5167	5147	31	264834	269592
2012-09-28	5147	5171	5187	5151	5162	5170	15	123120	241880
2012-10-08	5170	5220	5250	5182	5198	5216	28	125338	241000
2012-10-10	5240	5233	5268	5209	5259	5242	19	211558	260542
2012-10-11	5242	5241	5302	5237	5300	5272	58	243066	264916
2012-10-15	5261	5235	5285	5215	5268	5259	7	281310	265112
2012-10-16	5259	5280	5299	5270	5283	5286	24	217598	269900
2012-10-17	5286	5298	5354	5293	5353	5329	67	256342	271862
2012-10-19	5327	5280	5287	5244	5254	5260	-73	522032	383082
2012-10-22	5260	5267	5298	5228	5298	5266	38	455176	389402
2012-10-23	5266	5292	5328	5259	5267	5294	1	672592	366290
2012-10-24	5294	5252	5302	5251	5293	5282	-1	512414	382462
2012-10-25	5282	5303	5305	5268	5286	5283	4	466310	374726
2012-10-26	5283	5279	5292	5140	5146	5203	-137	1432070	501750
2012-10-29	5203	5131	5199	5131	5170	5177	-33	1026458	454124
2012-10-30	5177	5182	5235	5176	5208	5205	31	1151342	424302
2012-10-31	5205	5212	5227	5147	5212	5199	7	1023016	448262
2012-11-01	5199	5216	5249	5190	5229	5221	30	1078208	460148
2012-11-02	5221	5221	5253	5172	5174	5217	-47	1120262	503556
