2012-01-18	6240	0	0	0	0	6240	0	0	0
2012-01-19	6240	6217	6397	6217	6288	6339	48	24	4
2012-01-20	6339	6371	6371	6371	6371	6371	32	2	4
2012-01-30	6371	6335	6335	6316	6316	6326	-55	4	2
2012-01-31	6326	0	0	0	0	6326	0	0	2
2012-02-01	6326	6321	6321	6321	6321	6321	-5	2	0
2012-02-02	6321	0	0	0	0	6321	0	0	0
2012-02-03	6321	0	0	0	0	6321	0	0	0
2012-02-06	6321	0	0	0	0	6321	0	0	0
2012-02-07	6321	0	0	0	0	6321	0	0	0
2012-02-08	6321	0	0	0	0	6321	0	0	0
2012-02-09	6321	0	0	0	0	6371	50	0	0
2012-02-10	6371	0	0	0	0	6371	0	0	0
2012-02-13	6371	6649	6649	6423	6423	6536	52	4	0
2012-02-14	6536	0	0	0	0	6382	-154	0	0
2012-02-15	6382	0	0	0	0	6382	0	0	0
2012-02-16	6382	0	0	0	0	6330	-52	0	0
2012-02-17	6330	0	0	0	0	6330	0	0	0
2012-02-20	6330	0	0	0	0	6330	0	0	0
2012-02-21	6330	6325	6325	6325	6325	6325	-5	2	2
2012-02-22	6325	0	0	0	0	6350	25	0	2
2012-02-23	6350	0	0	0	0	6353	3	0	2
2012-02-24	6353	6399	6399	6399	6399	6399	46	2	4
2012-02-27	6399	6330	6450	6330	6440	6405	41	10	6
2012-02-28	6405	0	0	0	0	6430	25	0	6
2012-02-29	6430	6445	6445	6430	6430	6438	0	4	6
2012-03-01	6438	6417	6417	6409	6409	6413	-29	4	8
2012-03-02	6413	6406	6413	6100	6357	6358	-56	150	84
2012-03-05	6358	6399	6410	6367	6391	6393	33	102	92
2012-03-06	6393	6388	6393	6370	6385	6381	-8	42	98
2012-03-07	6381	6370	6370	6348	6364	6359	-17	12	98
2012-03-08	6359	6373	6373	6353	6353	6365	-6	18	100
2012-03-09	6365	6370	6390	6370	6390	6380	25	60	140
2012-03-12	6380	0	0	0	0	6380	0	0	140
2012-03-13	6380	6400	6406	6400	6405	6404	25	14	140
2012-03-14	6404	6408	6409	6390	6390	6403	-14	30	152
2012-03-15	6403	6414	6450	6411	6432	6425	29	46	164
2012-03-16	6425	6494	6494	6447	6447	6469	22	10	164
2012-03-19	6469	0	0	0	0	6448	-21	0	164
2012-03-20	6448	6456	6456	6431	6444	6448	-4	28	176
2012-03-21	6448	6428	6433	6415	6422	6424	-26	34	188
2012-03-22	6424	6422	6434	6422	6432	6428	8	18	190
2012-03-23	6428	6441	6445	6437	6445	6441	17	12	192
2012-03-26	6441	6445	6463	6445	6463	6455	22	10	192
2012-03-27	6455	6436	6460	6436	6460	6452	5	18	194
2012-03-28	6452	6460	6481	6460	6481	6470	29	44	212
2012-03-29	6470	6480	6480	6453	6475	6472	5	8	216
2012-03-30	6472	6481	6481	6474	6474	6476	2	28	212
2012-04-05	6476	6508	6544	6508	6536	6527	60	50	238
2012-04-06	6527	6540	6548	6518	6547	6533	20	60	234
2012-04-09	6533	6551	6690	6551	6680	6649	147	84	234
2012-04-10	6649	6662	6718	6658	6718	6681	69	38	236
2012-04-11	6681	6679	6695	6679	6685	6687	4	26	238
2012-04-12	6687	6738	6795	6645	6645	6670	-42	38	254
2012-04-13	6670	6656	6681	6643	6645	6658	-25	40	252
2012-04-16	6658	6607	6607	6579	6589	6587	-69	20	266
2012-04-17	6587	6566	6570	6548	6553	6560	-34	26	274
2012-04-18	6560	6559	6562	6506	6535	6539	-25	16	270
2012-04-19	6539	6489	6518	6489	6518	6504	-21	10	270
2012-04-20	6504	6496	6506	6488	6505	6497	1	14	268
2012-04-23	6497	6483	6483	6446	6454	6459	-43	32	260
2012-04-24	6459	6455	6455	6400	6409	6418	-50	28	260
2012-04-25	6418	6418	6421	6411	6421	6415	3	22	248
2012-04-26	6415	6443	6455	6432	6444	6442	29	16	242
2012-04-27	6442	6386	6397	6370	6370	6385	-72	68	240
2012-05-02	6385	6341	6369	6341	6369	6349	-16	14	240
2012-05-03	6349	6350	6350	6350	6350	6350	1	2	240
2012-05-04	6350	6397	6397	6389	6389	6393	39	12	234
2012-05-07	6393	6386	6386	6378	6378	6382	-15	4	234
2012-05-08	6382	6390	6390	6332	6332	6357	-50	10	232
2012-05-09	6357	6282	6297	6282	6297	6287	-60	6	228
2012-05-10	6287	0	0	0	0	6264	-23	0	228
2012-05-11	6264	6254	6254	6201	6203	6225	-61	16	222
2012-05-14	6225	6162	6162	6108	6108	6126	-117	6	226
2012-05-15	6126	6188	6188	6188	6188	6188	62	2	228
2012-05-16	6188	6097	6097	6091	6091	6095	-97	32	226
2012-05-17	6095	0	0	0	0	6170	75	0	226
2012-05-18	6170	6164	6164	6161	6161	6162	-9	12	228
2012-05-21	6162	6188	6197	6188	6197	6193	35	4	226
2012-05-22	6193	6164	6164	6161	6161	6163	-32	4	226
2012-05-23	6163	6096	6096	6024	6027	6051	-136	16	220
2012-05-24	6051	6052	6068	6043	6068	6057	17	28	210
2012-05-25	6057	6052	6078	6050	6078	6061	21	8	208
2012-05-28	6061	0	0	0	0	6061	0	0	208
2012-05-29	6061	6054	6080	6025	6078	6035	17	64	248
2012-05-30	6035	6100	6100	6100	6100	6100	65	2	250
2012-05-31	6100	0	0	0	0	6080	-20	0	250
2012-06-01	6080	6083	6083	6007	6007	6020	-73	78	246
2012-06-04	6020	5903	5904	5868	5868	5890	-152	12	244
2012-06-06	5936	0	0	0	0	5881	-55	0	242
2012-06-07	5881	5961	5961	5950	5955	5955	74	6	238
2012-06-08	5955	0	0	0	0	5843	-112	0	238
2012-06-11	5843	5882	5888	5840	5862	5863	19	22	238
2012-06-12	5863	5817	5817	5778	5787	5794	-76	6	238
2012-06-13	5794	5743	5743	5630	5687	5688	-107	62	260
2012-06-14	5688	0	0	0	0	5688	0	0	260
2012-06-15	5688	5709	5710	5674	5710	5703	22	14	250
2012-06-18	5703	5771	5771	5672	5679	5706	-24	30	246
2012-06-19	5706	5684	5685	5658	5685	5675	-21	14	248
2012-06-20	5675	5730	5742	5710	5733	5732	58	18	248
2012-06-21	5732	5738	5738	5724	5724	5731	-8	4	248
2012-06-25	5731	5687	5701	5687	5701	5695	-30	6	248
2012-06-26	5695	5711	5754	5705	5738	5743	43	192	262
2012-06-27	5743	0	0	0	0	5727	-16	0	262
2012-06-28	5727	5765	5772	5764	5764	5768	37	12	256
2012-06-29	5768	5900	5900	5730	5748	5810	-20	68	260
2012-07-02	5810	5733	5743	5733	5742	5739	-68	14	262
2012-07-03	5739	5749	5806	5749	5780	5770	41	24	248
2012-07-04	5770	5860	5888	5859	5888	5875	118	34	252
2012-07-05	5875	5888	5920	5882	5919	5899	44	32	254
2012-07-06	5899	5882	5896	5882	5896	5894	-3	14	242
2012-07-09	5894	5885	5906	5838	5906	5879	12	16	240
2012-07-10	5879	0	0	0	0	5874	-5	0	240
2012-07-11	5874	5873	5887	5861	5861	5869	-13	24	236
2012-07-12	5869	5885	5917	5880	5880	5897	11	12	240
2012-07-13	5897	5881	5930	5705	5865	5834	-32	138	252
2012-07-16	5834	5900	5903	5815	5815	5864	-19	36	244
2012-07-17	5864	5755	5791	5740	5740	5758	-124	80	212
2012-07-18	5758	5730	5730	5700	5725	5716	-33	106	164
2012-07-19	5716	5721	5749	5708	5726	5723	10	30	170
2012-07-20	5723	5718	5718	5675	5675	5688	-48	14	172
2012-07-23	5688	5707	5725	5619	5619	5676	-69	38	190
2012-07-24	5676	5600	5600	5552	5565	5571	-111	122	192
2012-07-25	5571	5579	5587	5563	5563	5579	-8	8	188
2012-07-26	5579	5523	5531	5472	5475	5509	-104	28	186
2012-07-27	5509	5417	5446	5417	5446	5424	-63	10	184
2012-07-30	5424	5456	5456	5395	5400	5427	-24	14	190
2012-07-31	5427	5417	5436	5390	5434	5416	7	20	188
2012-08-01	5416	5453	5474	5432	5474	5453	58	6	182
2012-08-02	5453	0	0	0	0	5422	-31	0	182
2012-08-03	5422	5440	5446	5429	5446	5438	24	6	178
2012-08-06	5438	5450	5450	5436	5436	5443	-2	4	180
2012-08-07	5443	5436	5447	5436	5447	5442	4	4	180
2012-08-08	5442	0	0	0	0	5451	9	0	180
2012-08-09	5451	5465	5560	5465	5560	5510	109	24	178
2012-08-10	5510	5581	5581	5547	5547	5564	37	4	176
2012-08-13	5564	5477	5478	5474	5474	5476	-90	6	176
2012-08-14	5476	5416	5421	5400	5412	5409	-64	18	170
2012-08-15	5409	5447	5626	5445	5626	5559	217	28	178
2012-08-16	5559	5609	5611	5563	5566	5588	7	222	162
2012-08-17	5588	5526	5526	5510	5510	5518	-78	4	162
2012-08-20	5518	0	0	0	0	5543	25	0	162
2012-08-21	5543	5538	5612	5538	5612	5586	69	14	152
2012-08-22	5586	5530	5530	5487	5487	5507	-99	18	154
2012-08-23	5507	5449	5453	5330	5356	5370	-151	312	394
2012-08-24	5370	5326	5364	5326	5360	5344	-10	12	394
2012-08-27	5344	5360	5386	5360	5386	5376	42	6	392
2012-08-28	5376	5376	5376	5376	5376	5376	0	2	392
2012-08-29	5376	5289	5293	5213	5269	5249	-107	174	484
2012-08-30	5249	5260	5429	5250	5373	5379	124	288	390
2012-08-31	5379	5338	5360	5320	5359	5346	-20	14	392
2012-09-03	5346	5359	5385	5355	5376	5373	30	70	336
2012-09-04	5373	5351	5351	5294	5309	5317	-64	144	390
2012-09-05	5317	5280	5308	5250	5292	5283	-25	412	532
2012-09-06	5283	5290	5336	5264	5294	5283	11	118	508
2012-09-07	5283	5300	5308	5260	5301	5281	18	232	634
2012-09-10	5281	5369	5369	5355	5357	5360	76	6	634
2012-09-11	5360	5382	5401	5369	5387	5389	27	122	678
2012-09-12	5389	5422	5460	5422	5440	5442	51	26	680
2012-09-13	5442	5369	5378	5360	5363	5369	-79	38	678
2012-09-14	5369	5423	5423	5378	5390	5393	21	68	672
2012-09-17	5393	5405	5405	5401	5401	5403	8	40	666
2012-09-18	5403	5437	5478	5412	5412	5443	9	16	662
2012-09-19	5443	5402	5402	5369	5369	5375	-74	24	662
2012-09-20	5375	5404	5438	5402	5437	5414	62	136	664
2012-09-21	5414	5430	5430	5307	5307	5372	-107	108	654
2012-09-24	5372	5259	5259	5180	5180	5226	-192	38	654
2012-09-25	5226	5192	5192	5150	5181	5161	-45	144	792
2012-09-26	5161	5199	5199	5163	5179	5173	18	16	798
2012-09-27	5173	5149	5230	5149	5211	5179	38	38	792
2012-09-28	5179	5215	5215	5213	5213	5214	34	4	792
2012-10-08	5214	5286	5286	5240	5240	5273	26	12	792
2012-10-10	5279	5280	5303	5258	5303	5284	24	56	782
2012-10-11	5284	5480	5480	5298	5332	5333	48	14	780
2012-10-15	5299	5310	5310	5285	5305	5301	6	24	780
2012-10-16	5301	5325	5325	5316	5325	5322	24	10	780
2012-10-17	5322	5325	5386	5325	5386	5332	64	118	772
2012-10-19	5368	5309	5311	5285	5305	5301	-63	126	864
2012-10-22	5301	5305	5322	5302	5322	5306	21	58	810
2012-10-23	5306	5349	5357	5302	5302	5342	-4	88	808
2012-10-24	5342	5310	5336	5310	5333	5334	-9	204	804
2012-10-25	5334	5329	5331	5319	5323	5321	-11	168	806
2012-10-26	5321	5250	5250	5181	5181	5228	-140	58	812
2012-10-29	5228	5218	5226	5211	5211	5218	-17	6	810
2012-10-30	5218	5225	5269	5225	5248	5249	30	50	842
2012-10-31	5249	5225	5257	5224	5257	5226	8	36	846
2012-11-01	5226	5245	5281	5245	5275	5260	49	80	832
2012-11-02	5260	5279	5283	5254	5254	5267	-6	16	832
