2010-05-18	4815	4820	4879	4808	4866	4851	51	96	26
2010-05-19	4851	4866	4906	4866	4880	4886	29	22	24
2010-05-20	4886	4872	4880	4867	4867	4871	-19	32	50
2010-05-21	4871	4849	4870	4832	4850	4844	-21	36	64
2010-05-24	4844	4910	4928	4900	4928	4916	84	28	80
2010-05-25	4916	4917	4917	4871	4872	4886	-44	10	82
2010-05-26	4886	4926	4926	4888	4926	4908	40	54	88
2010-05-27	4908	4930	4940	4891	4923	4920	15	122	116
2010-05-28	4920	4895	4895	4831	4831	4881	-89	44	100
2010-05-31	4881	4820	4847	4820	4832	4834	-49	86	98
2010-06-01	4834	4871	4871	4819	4826	4836	-8	12	100
2010-06-02	4836	4838	4860	4810	4860	4844	24	66	114
2010-06-03	4844	4831	4934	4820	4839	4850	-5	110	126
2010-06-04	4850	4840	4863	4832	4848	4848	-2	20	132
2010-06-07	4848	4830	4830	4797	4813	4812	-35	90	138
2010-06-08	4812	4815	4853	4809	4853	4827	41	124	150
2010-06-09	4827	4865	4880	4840	4880	4867	53	86	160
2010-06-10	4867	4858	4858	4842	4844	4850	-23	58	164
2010-06-11	4850	4843	4905	4843	4905	4875	55	32	172
2010-06-17	4875	4960	4960	4837	4851	4886	-24	54	162
2010-06-18	4886	4855	4855	4842	4850	4849	-36	30	160
2010-06-22	4827	4903	4906	4831	4888	4836	61	422	1062
2010-06-23	4836	4899	4945	4899	4930	4918	94	444	988
2010-06-24	4918	4925	4936	4903	4934	4920	16	384	1020
2010-06-25	4920	4968	4982	4942	4942	4957	22	140	1028
2010-06-28	4957	4980	5053	4952	4974	4979	17	120	1070
2010-06-29	4979	4951	4951	4900	4900	4925	-79	306	1030
2010-06-30	4925	4882	4934	4882	4934	4922	9	324	1002
2010-07-02	4947	4956	4982	4951	4980	4967	33	28	1010
2010-07-05	4967	5010	5066	4995	5066	5037	99	72	1030
2010-07-06	5037	5050	5061	5044	5061	5054	24	70	1028
2010-07-07	5054	5045	5053	5032	5036	5044	-18	84	1070
2010-07-08	5044	5066	5094	5058	5060	5068	16	216	1058
2010-07-09	5068	5050	5068	5050	5061	5056	-7	26	1056
2010-07-12	5056	5073	5073	5071	5071	5072	15	8	1054
2010-07-13	5072	5073	5073	5032	5032	5060	-40	152	1064
2010-07-14	5060	5062	5062	5005	5005	5024	-55	106	1064
2010-07-15	5024	5012	5036	4981	5016	5021	-8	328	1074
2010-07-16	5021	5045	5066	5025	5066	5051	45	236	1088
2010-07-19	5051	5140	5140	5054	5072	5082	21	90	1104
2010-07-20	5082	5107	5142	5098	5130	5127	48	378	1108
2010-07-21	5127	5110	5118	5101	5118	5109	-9	150	1082
2010-07-22	5109	5125	5131	5107	5118	5118	9	114	1074
2010-07-23	5118	5154	5155	5143	5143	5151	25	6	1072
2010-07-26	5151	5146	5174	5146	5168	5165	17	80	1088
2010-07-27	5165	5176	5191	5152	5156	5165	-9	246	1084
2010-07-28	5165	5158	5187	5158	5187	5175	22	68	1098
2010-07-29	5175	5207	5223	5183	5213	5205	38	112	1104
2010-07-30	5205	5217	5237	5217	5234	5224	29	44	1112
2010-08-02	5224	5276	5297	5166	5281	5263	57	214	1176
2010-08-03	5263	5260	5283	5253	5265	5265	2	44	1188
2010-08-04	5265	5215	5245	5204	5245	5222	-20	110	1126
2010-08-05	5222	5282	5290	5252	5272	5272	50	38	1138
2010-08-06	5272	5260	5336	5260	5336	5311	64	48	1156
2010-08-09	5311	5329	5374	5329	5374	5356	63	58	1174
2010-08-10	5356	5354	5356	5312	5331	5350	-25	118	1184
2010-08-11	5350	5386	5398	5354	5354	5380	4	66	1216
2010-08-12	5380	5354	5390	5300	5300	5364	-80	86	1198
2010-08-16	5324	5385	5385	5333	5357	5365	33	240	1224
2010-08-17	5365	5321	5345	5303	5338	5330	-27	254	1212
2010-08-18	5330	5374	5374	5301	5301	5355	-29	202	1202
2010-08-19	5355	5304	5318	5269	5310	5291	-45	196	1130
2010-08-20	5291	5310	5310	5238	5238	5273	-53	100	1082
2010-08-23	5273	5250	5258	5245	5245	5251	-28	34	1084
2010-08-24	5251	5268	5280	5257	5264	5272	13	218	1088
2010-08-25	5272	5297	5315	5263	5287	5292	15	96	1106
2010-08-26	5292	5320	5339	5284	5339	5306	47	280	1130
2010-08-27	5306	5316	5390	5315	5376	5356	70	320	1282
2010-08-30	5356	5464	5571	5444	5540	5505	184	2468	1380
2010-08-31	5505	5527	5533	5492	5504	5518	-1	248	1354
2010-09-01	5518	5505	5572	5499	5547	5532	29	6382	1636
2010-09-02	5532	5590	5605	5547	5553	5573	21	8470	1726
2010-09-03	5573	5546	5576	5528	5530	5551	-43	244	1732
2010-09-06	5551	5555	5584	5541	5573	5553	22	234	1746
2010-09-07	5553	5586	5610	5570	5593	5595	40	186	1672
2010-09-08	5595	5653	5700	5589	5594	5625	-1	144	1662
2010-09-09	5625	5581	5581	5532	5536	5545	-89	354	1654
2010-09-10	5545	5560	5622	5560	5621	5608	76	134	1656
2010-09-13	5608	5634	5634	5605	5605	5625	-3	96	1650
2010-09-14	5625	5654	5656	5592	5605	5612	-20	400	1600
2010-09-15	5612	5645	5650	5572	5582	5626	-30	216	1522
2010-09-16	5626	5569	5598	5566	5596	5570	-30	1262	2716
2010-09-17	5570	5634	5656	5607	5630	5633	60	206	2664
2010-09-20	5633	5646	5692	5624	5673	5662	40	500	2482
2010-09-21	5662	5632	5635	5566	5567	5617	-95	1082	1792
2010-09-27	5617	5587	5635	5569	5586	5601	-31	260	1784
2010-09-28	5601	5587	5704	5587	5704	5680	103	298	1782
2010-09-29	5680	5694	5700	5611	5630	5664	-50	354	1844
2010-09-30	5664	5610	5650	5595	5650	5608	-14	1100	1248
2010-10-08	5608	5650	5751	5650	5729	5712	121	130	1300
2010-10-11	5712	5818	5932	5818	5911	5914	199	216	1332
2010-10-12	5914	5867	5910	5836	5845	5888	-69	1156	2064
2010-10-13	5888	5896	5920	5870	5891	5904	3	588	2486
2010-10-14	5904	5920	6067	5920	6036	5995	132	820	2426
2010-10-15	5995	6034	6176	6034	6176	6115	181	364	2506
2010-10-18	6115	6128	6151	6067	6102	6106	-13	308	2644
2010-10-19	6106	6180	6297	6177	6248	6254	142	326	2600
2010-10-20	6254	6200	6330	6191	6305	6281	51	216	2556
2010-10-21	6281	6384	6425	6262	6284	6343	3	318	2624
2010-10-22	6343	6399	6420	6292	6371	6368	28	718	2642
2010-10-25	6368	6460	6623	6424	6623	6555	255	648	2690
2010-10-26	6555	6765	6765	6571	6609	6629	54	426	2550
2010-10-27	6629	6615	6620	6477	6477	6563	-152	272	2576
2010-10-28	6563	6502	6795	6502	6772	6723	209	512	2644
2010-10-29	6723	6760	6760	6386	6398	6493	-325	382	2476
2010-11-01	6493	6482	6560	6411	6510	6491	17	1524	1232
2010-11-02	6491	6500	6560	6488	6511	6515	20	52	1226
2010-11-03	6515	6695	6772	6694	6743	6729	228	276	1328
2010-11-04	6729	6716	6768	6688	6752	6717	23	646	1370
2010-11-05	6717	7011	7053	6989	7035	7026	318	280	1350
2010-11-08	7026	6961	7095	6874	7061	7016	35	392	1318
2010-11-09	7016	7100	7316	7066	7224	7158	208	454	1240
2010-11-10	7158	7395	7395	7012	7189	7255	31	306	1120
2010-11-11	7255	7221	7231	7059	7118	7179	-137	622	1296
2010-11-12	7179	6820	6820	6820	6820	6820	-359	24	1294
2010-11-15	6820	6308	6427	6308	6326	6329	-494	3200	2620
2010-11-16	6329	6358	6466	6248	6297	6351	-32	1504	2588
2010-11-17	6351	6070	6220	6054	6130	6156	-221	2186	1302
2010-11-18	6156	6270	6273	6147	6259	6258	103	474	1286
2010-11-19	6258	6463	6463	6296	6374	6352	116	228	1264
2010-11-22	6352	6181	6242	6128	6159	6194	-193	278	1414
2010-11-23	6194	6234	6234	6113	6155	6181	-39	498	1866
2010-11-24	6181	6254	6321	6251	6282	6278	101	166	1918
2010-11-25	6278	6379	6380	6261	6268	6294	-10	184	1840
2010-11-26	6294	6245	6254	6090	6188	6148	-106	536	1416
2010-11-29	6148	6219	6300	6214	6288	6269	140	54	1398
2010-11-30	6269	6707	6707	6231	6340	6286	71	234	1238
2010-12-01	6286	6280	6425	6280	6425	6294	139	358	918
2010-12-02	6294	6440	6734	5854	6405	6467	111	416	900
2010-12-03	6467	6425	6444	6398	6402	6424	-65	526	1380
2010-12-06	6424	6441	6484	6435	6459	6468	35	278	1572
2010-12-07	6468	6422	6481	6400	6480	6427	12	230	1740
2010-12-08	6427	6390	6410	6333	6333	6368	-94	128	1780
2010-12-09	6368	6351	6382	6326	6326	6347	-42	230	1826
2010-12-10	6347	6372	6400	6340	6400	6353	53	34	1832
2010-12-13	6353	6391	6567	6391	6550	6516	197	74	1848
2010-12-14	6516	6620	6620	6536	6551	6596	35	500	2246
2010-12-15	6596	6506	6540	6439	6439	6486	-157	78	2212
2010-12-16	6486	6489	6578	6489	6578	6541	92	12	2214
2010-12-17	6541	6601	6627	6585	6608	6609	67	18	2218
2010-12-20	6609	6779	6828	6710	6760	6809	151	150	2138
2010-12-21	6809	6821	6821	6775	6793	6799	-16	40	2136
2010-12-22	6799	6852	6998	6800	6865	6918	66	284	2140
2010-12-23	6918	6968	7029	6962	7000	6984	82	270	2096
2010-12-24	6984	6944	7136	6944	7132	7103	148	138	2120
2010-12-27	7103	7132	7151	7026	7059	7067	-44	226	2078
2010-12-28	7067	7072	7194	7072	7194	7107	127	434	1790
2010-12-29	7107	7253	7253	7133	7164	7157	57	192	1790
2010-12-30	7157	7087	7158	7040	7150	7087	-7	114	1784
2010-12-31	7087	6701	6938	6701	6896	6886	-191	1466	1318
2011-01-04	6886	7043	7110	7005	7056	7059	170	192	1336
2011-01-05	7059	6969	7082	6969	7048	6981	-11	622	792
2011-01-06	6981	7094	7126	7020	7028	7040	47	684	1288
2011-01-07	7040	6910	6941	6790	6790	6882	-250	1216	1212
2011-01-10	6882	6900	6940	6859	6862	6906	-20	412	1152
2011-01-11	6906	6924	6930	6860	6891	6885	-15	224	1306
2011-01-12	6885	6985	7080	6981	7038	7035	153	88	1304
2011-01-13	7035	7042	7073	7004	7042	7037	7	204	1306
2011-01-14	7037	7040	7160	7040	7151	7111	114	476	1286
2011-01-17	7111	7132	7171	7103	7105	7130	-6	340	1266
2011-01-18	7130	7105	7105	7015	7066	7077	-64	116	1308
2011-01-19	7077	7072	7164	7072	7149	7123	72	408	1268
2011-01-20	7123	7111	7163	7100	7138	7144	15	110	1260
2011-01-21	7144	7203	7240	7203	7208	7229	64	398	1002
2011-01-24	7229	7307	7307	7235	7235	7278	6	212	884
2011-01-25	7278	7260	7260	7150	7160	7173	-118	146	952
2011-01-26	7173	7174	7210	7116	7166	7163	-7	34	950
2011-01-27	7163	7272	7321	7258	7307	7305	144	438	862
2011-01-28	7305	7395	7395	7276	7296	7314	-9	118	852
2011-01-31	7314	7296	7419	7291	7399	7401	85	50	854
2011-02-01	7401	7386	7436	7379	7436	7420	35	118	848
2011-02-09	7420	7300	7362	7300	7362	7350	-58	46	872
2011-02-10	7350	7303	7550	7303	7516	7501	166	164	874
2011-02-11	7501	7517	7551	7483	7508	7520	7	118	826
2011-02-14	7520	7478	7546	7413	7456	7468	-64	102	816
2011-02-15	7468	7397	7485	7397	7472	7468	4	114	804
2011-02-16	7468	7416	7421	7336	7400	7366	-68	404	990
2011-02-17	7366	7450	7454	7320	7320	7392	-46	184	958
2011-02-18	7392	7350	7365	7210	7235	7295	-157	158	974
2011-02-21	7295	7218	7247	7176	7231	7203	-64	230	880
2011-02-22	7203	7255	7303	7170	7215	7224	12	166	914
2011-02-23	7224	7140	7270	7140	7169	7208	-55	948	1276
2011-02-24	7208	7134	7138	7030	7050	7078	-158	276	1314
2011-02-25	7078	7043	7128	7043	7126	7099	48	40	1314
2011-02-28	7099	7133	7220	7133	7203	7197	104	90	1294
2011-03-01	7197	7236	7246	7181	7232	7211	35	390	1376
2011-03-02	7211	7178	7225	7176	7220	7215	9	228	1292
2011-03-03	7215	7289	7289	7205	7205	7257	-10	158	1270
2011-03-04	7257	7213	7220	7131	7155	7191	-102	180	1264
2011-03-07	7191	7091	7172	7091	7170	7147	-21	392	1510
2011-03-08	7147	7125	7142	7072	7097	7095	-50	1020	1984
2011-03-09	7095	7164	7190	7128	7180	7163	85	406	2036
2011-03-10	7163	7133	7133	7060	7063	7075	-100	354	2198
2011-03-11	7075	7000	7012	6898	6901	6940	-174	1292	2432
2011-03-14	6940	6932	6958	6760	6861	6853	-79	992	2608
2011-03-15	6853	6872	6872	6791	6839	6837	-14	2170	3040
2011-03-16	6837	6780	6801	6672	6787	6719	-50	1350	3120
2011-03-17	6719	6748	6863	6718	6810	6776	91	648	3146
2011-03-18	6776	6905	6920	6852	6882	6889	106	468	3240
2011-03-21	6889	6912	6912	6860	6872	6885	-17	278	3152
2011-03-22	6885	6873	6913	6830	6893	6878	8	190	3116
2011-03-23	6878	6892	7055	6890	7044	6991	166	538	3138
2011-03-24	6991	7006	7029	6970	6988	6996	-3	766	3598
2011-03-25	6996	7056	7081	7040	7051	7062	55	620	3556
2011-03-28	7062	7056	7073	6925	6939	6999	-123	646	3532
2011-03-29	6999	6901	6950	6874	6939	6912	-60	260	3528
2011-03-30	6912	6942	6964	6876	6900	6930	-12	298	3634
2011-03-31	6930	6935	6960	6912	6936	6922	6	1004	4096
2011-04-01	6922	6965	7001	6919	6959	6968	37	564	4298
2011-04-06	6968	6949	7063	6949	7040	7028	72	974	4188
2011-04-07	7028	6992	7031	6974	7010	7002	-18	842	4260
2011-04-08	7002	7013	7151	7011	7149	7104	147	2956	4278
2011-04-11	7104	7224	7224	7093	7137	7129	33	1610	4478
2011-04-12	7129	7137	7168	7111	7126	7131	-3	1566	5346
2011-04-13	7131	7090	7100	7030	7100	7074	-31	376	5386
2011-04-14	7074	7057	7057	6909	6926	6958	-148	918	5610
2011-04-15	6958	6906	6915	6858	6868	6874	-90	996	5626
2011-04-18	6874	6847	6896	6823	6882	6868	8	416	5616
2011-04-19	6868	6880	6880	6780	6827	6810	-41	1114	5930
2011-04-20	6810	6742	6901	6741	6878	6877	68	692	6150
2011-04-21	6877	6918	6955	6897	6903	6921	26	614	5930
2011-04-22	6921	6947	6948	6815	6893	6883	-28	1408	6048
2011-04-25	6883	6890	6890	6828	6840	6847	-43	914	6038
2011-04-26	6847	6783	6806	6740	6785	6762	-62	1310	5988
2011-04-27	6762	6806	6852	6799	6837	6827	75	2344	5868
2011-04-28	6827	6834	6950	6831	6889	6892	62	2270	5342
2011-04-29	6892	6853	6861	6760	6764	6809	-128	1650	5340
2011-05-03	6809	6733	6733	6675	6710	6703	-99	1080	5378
2011-05-04	6703	6712	6712	6592	6608	6618	-95	838	5642
2011-05-05	6618	6533	6556	6481	6481	6527	-137	978	5634
2011-05-06	6527	6450	6500	6398	6443	6445	-84	2106	5824
2011-05-09	6445	6432	6515	6432	6509	6475	64	1004	5866
2011-05-10	6475	6580	6585	6515	6585	6556	110	672	5954
2011-05-11	6556	6638	6650	6580	6599	6618	43	1156	6440
2011-05-12	6618	6538	6539	6441	6444	6487	-174	1456	6648
2011-05-13	6487	6523	6623	6522	6623	6575	136	782	6724
2011-05-16	6575	6586	6655	6580	6612	6610	37	452	6824
2011-05-17	6610	6643	6643	6536	6605	6600	-5	422	6884
2011-05-18	6600	6636	6670	6595	6597	6646	-3	496	6972
2011-05-19	6646	6681	6697	6582	6595	6652	-51	896	7198
2011-05-20	6652	6460	6519	6410	6455	6469	-197	602	7278
2011-05-23	6469	6483	6484	6405	6430	6442	-39	286	7274
2011-05-24	6442	6410	6519	6410	6515	6482	73	540	7058
2011-05-25	6482	6511	6560	6507	6552	6535	70	434	7006
2011-05-26	6535	6455	6647	6455	6632	6628	97	944	7024
2011-05-27	6628	6628	6707	6609	6707	6652	79	1620	7572
2011-05-30	6652	6707	6737	6665	6684	6695	32	494	7796
2011-05-31	6695	6681	6722	6646	6673	6691	-22	1180	7566
2011-06-01	6691	6702	6702	6632	6660	6662	-31	500	7706
2011-06-02	6662	6605	6706	6605	6702	6676	40	1138	7182
2011-06-03	6676	6761	6860	6748	6860	6782	184	916	7186
2011-06-07	6782	6821	6831	6785	6823	6813	41	586	7366
2011-06-08	6813	6702	6873	6702	6833	6837	20	1714	7858
2011-06-09	6837	6875	6900	6841	6841	6879	4	1258	8372
2011-06-10	6879	6851	6900	6831	6873	6875	-6	484	8388
2011-06-13	6875	6906	6914	6845	6853	6881	-22	1126	8492
2011-06-14	6881	6852	6871	6821	6845	6837	-36	666	8542
2011-06-15	6837	6840	6948	6840	6948	6912	111	610	8422
2011-06-16	6912	6920	6975	6899	6899	6936	-13	826	8544
2011-06-17	6936	6945	6961	6907	6961	6943	25	990	8912
2011-06-20	6943	6989	7004	6958	6985	6981	42	876	8768
2011-06-21	6981	7047	7100	7035	7093	7059	112	980	8692
2011-06-22	7059	7080	7081	7034	7051	7058	-8	512	8874
2011-06-23	7058	7032	7037	6987	7010	7011	-48	864	9072
2011-06-24	7011	7026	7054	7000	7007	7033	-4	1162	8948
2011-06-27	7033	7000	7004	6920	6935	6967	-98	1188	9020
2011-06-28	6967	6958	6975	6953	6959	6964	-8	184	9012
2011-06-29	6964	7003	7061	7003	7040	7034	76	1074	8992
2011-06-30	7034	7048	7048	6987	7042	7023	8	1550	9014
2011-07-01	7023	7017	7050	6990	7036	7028	13	1148	9066
2011-07-04	7028	7095	7146	7066	7144	7106	116	1402	9016
2011-07-05	7106	7135	7173	7129	7170	7159	64	1196	8740
2011-07-06	7159	7169	7200	7165	7174	7187	15	1578	8226
2011-07-07	7187	7200	7264	7200	7262	7239	75	1300	8678
2011-07-08	7239	7330	7388	7307	7309	7347	70	920	8866
2011-07-11	7347	7300	7350	7260	7279	7311	-68	922	9236
2011-07-12	7311	7281	7294	7247	7287	7269	-24	1006	9296
2011-07-13	7269	7356	7404	7356	7400	7384	131	1650	8902
2011-07-14	7384	7378	7380	7327	7345	7348	-39	1150	8816
2011-07-15	7348	7267	7332	7257	7328	7299	-20	846	8866
2011-07-18	7299	7327	7382	7326	7354	7355	55	1362	9272
2011-07-19	7355	7366	7473	7366	7473	7440	118	2566	7816
2011-07-20	7440	7458	7470	7437	7440	7450	0	1938	8000
2011-07-21	7450	7464	7510	7462	7495	7493	45	1448	8302
2011-07-22	7493	7556	7556	7488	7523	7512	30	918	8402
2011-07-25	7512	7589	7612	7569	7600	7600	88	2016	7882
2011-07-26	7600	7575	7666	7575	7660	7625	60	1764	7908
2011-07-27	7625	7666	7673	7626	7673	7653	48	1034	8046
2011-07-28	7653	7664	7700	7650	7663	7678	10	1092	8178
2011-07-29	7678	7604	7659	7572	7572	7619	-106	1716	8800
2011-08-01	7619	7609	7666	7596	7664	7639	45	1626	9334
2011-08-02	7639	7593	7618	7558	7575	7589	-64	3136	10050
2011-08-03	7589	7546	7590	7529	7585	7562	-4	972	10068
2011-08-04	7562	7555	7585	7540	7583	7568	21	1892	10210
2011-08-05	7568	7566	7576	7468	7549	7531	-19	3122	11044
2011-08-08	7531	7550	7639	7502	7599	7606	68	2508	11640
2011-08-09	7606	7550	7560	7427	7549	7519	-57	5210	12524
2011-08-10	7519	7580	7683	7580	7683	7645	164	4376	13150
2011-08-11	7645	7632	7750	7632	7750	7700	105	2748	13334
2011-08-12	7700	7775	7818	7743	7761	7771	61	2432	13596
2011-08-15	7771	7785	7800	7716	7717	7751	-54	2114	13452
2011-08-16	7751	7716	7772	7670	7670	7725	-81	2310	13388
2011-08-17	7725	7724	7742	7681	7706	7712	-19	1656	13324
2011-08-18	7712	7800	7800	7713	7723	7738	11	1160	13334
2011-08-19	7738	7662	7685	7568	7612	7622	-126	3776	13540
2011-08-22	7622	7661	7747	7623	7630	7686	8	2694	13382
2011-08-23	7686	7641	7679	7600	7670	7653	-16	1232	13562
2011-08-24	7653	7680	7680	7634	7677	7664	24	2256	13530
2011-08-25	7664	7652	7652	7435	7448	7512	-216	8074	13190
2011-08-26	7512	7442	7496	7442	7488	7472	-24	1826	13488
2011-08-29	7472	7506	7518	7468	7497	7490	25	1876	13114
2011-08-30	7490	7495	7520	7486	7487	7504	-3	2278	13090
2011-08-31	7504	7480	7527	7461	7515	7500	11	1890	12796
2011-09-01	7500	7501	7538	7495	7499	7517	-1	1550	12732
2011-09-02	7517	7498	7506	7427	7435	7456	-82	2540	12638
2011-09-05	7456	7400	7409	7280	7295	7324	-161	4294	12916
2011-09-06	7324	7288	7297	7200	7248	7246	-76	4228	12386
2011-09-07	7246	7246	7309	7222	7306	7272	60	1726	12198
2011-09-08	7272	7303	7340	7282	7282	7309	10	1276	12142
2011-09-09	7309	7290	7319	7260	7296	7284	-13	1432	11798
2011-09-13	7284	7326	7328	7290	7295	7309	11	920	11620
2011-09-14	7309	7296	7296	7140	7143	7195	-166	3980	11894
2011-09-15	7195	7156	7170	7130	7157	7148	-38	1712	11858
2011-09-16	7148	7150	7230	7110	7225	7161	77	1494	11590
2011-09-19	7161	7100	7130	7029	7038	7077	-123	2710	10814
2011-09-20	7077	7050	7080	7031	7063	7060	-14	1092	10646
2011-09-21	7060	7065	7180	7050	7174	7138	114	2626	9622
2011-09-22	7138	7110	7161	7071	7123	7130	-15	2670	9246
2011-09-23	7130	7060	7114	7011	7103	7069	-27	1458	9368
2011-09-26	7069	7016	7098	7011	7020	7045	-49	1876	8970
2011-09-27	7045	7056	7179	7056	7175	7119	130	930	9002
2011-09-28	7119	7201	7215	7146	7185	7170	66	1124	8426
2011-09-29	7170	7109	7151	7070	7140	7116	-30	466	8324
2011-09-30	7116	7201	7270	7106	7178	7191	62	2452	7244
2011-10-10	7191	7213	7227	7161	7182	7191	-9	614	6986
2011-10-11	7191	7250	7250	7167	7172	7205	-19	698	6550
2011-10-12	7205	7160	7197	7150	7185	7160	-20	782	6414
2011-10-13	7160	7160	7162	7118	7132	7143	-28	568	6096
2011-10-14	7143	7179	7201	7150	7191	7175	48	832	5362
2011-10-17	7175	7235	7243	7220	7221	7229	46	322	5108
2011-10-18	7229	7200	7225	7198	7204	7206	-25	806	4610
2011-10-19	7206	7226	7265	7210	7226	7244	20	992	3908
2011-10-20	7244	7202	7202	7096	7118	7118	-126	1186	3448
2011-10-21	7118	7217	7217	7160	7161	7174	43	360	3204
2011-10-24	7174	7176	7231	7084	7193	7115	19	818	2630
2011-10-25	7115	7196	7255	7158	7246	7211	131	718	2094
2011-10-26	7211	7194	7256	7194	7242	7243	31	190	2016
2011-10-27	7243	7244	7244	7201	7208	7221	-35	350	1896
2011-10-28	7221	7258	7258	7160	7160	7212	-61	270	1740
2011-10-31	7212	6988	7170	6988	7159	7154	-53	332	1588
2011-11-01	7154	7171	7171	7105	7105	7121	-49	66	1568
2011-11-02	7121	7095	7130	7095	7130	7121	9	232	1568
2011-11-03	7121	7136	7136	7013	7013	7113	-108	304	1708
2011-11-04	7113	7003	7111	7003	7111	7090	-2	652	1312
2011-11-07	7090	7090	7110	7090	7110	7093	20	288	1234
2011-11-08	7093	7081	7108	7081	7100	7101	7	644	896
2011-11-09	7101	7060	7100	7060	7085	7077	-16	324	732
2011-11-10	7077	7104	7105	7000	7000	7045	-77	96	650
2011-11-11	7045	7098	7098	7000	7000	7031	-45	30	650
2011-11-14	7031	6982	7048	6923	7031	6989	0	180	0
