2012-05-16	6215	0	0	0	0	6215	0	0	0
2012-05-17	6215	0	0	0	0	6215	0	0	0
2012-05-18	6215	0	0	0	0	6215	0	0	0
2012-05-21	6215	6324	6324	6222	6222	6273	7	4	2
2012-05-22	6273	0	0	0	0	6248	-25	0	2
2012-05-23	6248	0	0	0	0	6161	-87	0	2
2012-05-24	6161	0	0	0	0	6161	0	0	2
2012-05-25	6161	6066	6187	6066	6187	6127	26	4	4
2012-05-28	6127	0	0	0	0	6127	0	0	4
2012-05-29	6127	0	0	0	0	6136	9	0	4
2012-05-30	6136	0	0	0	0	6136	0	0	4
2012-05-31	6136	6148	6148	6148	6148	6148	12	2	4
2012-06-01	6148	6181	6181	6100	6101	6135	-47	12	6
2012-06-04	6135	6000	6000	5953	5993	5982	-142	8	8
2012-06-06	6003	5983	5983	5983	5983	5983	-20	2	8
2012-06-07	5983	6025	6025	6025	6025	6025	42	2	8
2012-06-08	6025	5962	5962	5905	5910	5923	-115	8	12
2012-06-11	5923	5945	5945	5945	5945	5945	22	2	12
2012-06-12	5945	5855	5855	5855	5855	5855	-90	2	12
2012-06-13	5855	0	0	0	0	5830	-25	0	12
2012-06-14	5830	0	0	0	0	5795	-35	0	12
2012-06-15	5795	5569	5816	5569	5809	5737	14	14	14
2012-06-18	5737	5740	5740	5740	5740	5740	3	10	14
2012-06-19	5740	0	0	0	0	5740	0	0	14
2012-06-20	5740	5731	5847	5731	5847	5789	107	4	14
2012-06-21	5789	0	0	0	0	5789	0	0	14
2012-06-25	5789	0	0	0	0	5789	0	0	14
2012-06-26	5789	5820	5820	5820	5820	5820	31	2	14
2012-06-27	5820	0	0	0	0	5820	0	0	14
2012-06-28	5820	5877	5877	5775	5780	5831	-40	32	22
2012-06-29	5831	5783	5819	5778	5819	5793	-12	6	20
2012-07-02	5793	5861	5883	5853	5853	5866	60	6	20
2012-07-03	5866	5893	5893	5882	5882	5888	16	4	24
2012-07-04	5888	5890	5950	5889	5942	5925	54	40	28
2012-07-05	5925	5965	5978	5938	5978	5960	53	16	26
2012-07-06	5960	5993	5993	5932	5932	5947	-28	18	26
2012-07-09	5947	5902	5911	5902	5911	5908	-36	6	26
2012-07-10	5908	0	0	0	0	5912	4	0	26
2012-07-11	5912	5905	5905	5905	5905	5905	-7	2	24
2012-07-12	5905	0	0	0	0	5905	0	0	24
2012-07-13	5905	5963	6023	5887	5896	5926	-9	40	26
2012-07-16	5926	5900	5902	5890	5890	5896	-36	8	28
2012-07-17	5896	5874	5874	5802	5802	5833	-94	6	30
2012-07-18	5833	5772	5772	5723	5723	5748	-110	4	32
2012-07-19	5748	5763	5765	5763	5765	5764	17	12	34
2012-07-20	5764	5782	5782	5711	5718	5733	-46	16	38
2012-07-23	5733	5727	5782	5668	5670	5729	-63	1370	702
2012-07-24	5729	5625	5646	5613	5616	5620	-113	44	698
2012-07-25	5620	5591	5621	5591	5607	5608	-13	14	696
2012-07-26	5608	5601	5607	5487	5496	5526	-112	40	698
2012-07-27	5526	5457	5495	5457	5487	5484	-39	24	700
2012-07-30	5484	5475	5475	5427	5434	5445	-50	38	698
2012-07-31	5445	5425	5431	5425	5431	5428	-14	4	696
2012-08-01	5428	5500	5515	5472	5515	5496	87	46	682
2012-08-02	5496	5528	5528	5446	5457	5479	-39	20	684
2012-08-03	5479	5460	5478	5460	5461	5469	-18	22	668
2012-08-06	5469	5500	5522	5478	5520	5499	51	40	662
2012-08-07	5499	5540	5540	5490	5490	5501	-9	16	664
2012-08-08	5501	5485	5514	5485	5514	5491	13	14	660
2012-08-09	5491	5510	5575	5510	5575	5549	84	40	652
2012-08-10	5549	5599	5605	5580	5580	5597	31	36	638
2012-08-13	5597	5510	5510	5492	5494	5502	-103	8	636
2012-08-14	5502	5423	5446	5423	5446	5434	-56	28	626
2012-08-15	5434	5471	5652	5471	5652	5594	218	36	626
2012-08-16	5594	5692	5692	5587	5595	5621	1	66	624
2012-08-17	5621	5541	5545	5528	5533	5535	-88	16	622
2012-08-20	5535	5540	5557	5535	5545	5545	10	18	618
2012-08-21	5545	5562	5595	5526	5572	5566	27	40	618
2012-08-22	5566	5538	5538	5480	5480	5503	-86	36	622
2012-08-23	5503	5503	5503	5308	5346	5422	-157	44	612
2012-08-24	5422	5355	5367	5355	5367	5361	-55	4	612
2012-08-27	5361	5365	5393	5365	5389	5385	28	10	614
2012-08-28	5385	5361	5378	5297	5297	5350	-88	10	612
2012-08-29	5350	5321	5321	5252	5262	5279	-88	8	608
2012-08-30	5279	5311	5435	5311	5374	5377	95	28	608
2012-08-31	5377	5350	5360	5338	5355	5351	-22	114	704
2012-09-03	5351	5398	5401	5367	5374	5389	23	34	696
2012-09-04	5389	5295	5328	5289	5304	5310	-85	14	700
2012-09-05	5310	5261	5283	5250	5283	5264	-27	18	702
2012-09-06	5264	0	0	0	0	5298	34	0	702
2012-09-07	5298	5296	5300	5296	5300	5299	2	10	704
2012-09-10	5299	5345	5381	5345	5376	5358	77	48	722
2012-09-11	5358	5383	5393	5383	5391	5389	33	26	708
2012-09-12	5389	5448	5456	5436	5436	5448	47	42	718
2012-09-13	5448	5422	5422	5312	5367	5393	-81	90	776
2012-09-14	5393	5427	5427	5417	5422	5422	29	6	780
2012-09-17	5422	5444	5444	5412	5412	5429	-10	8	776
2012-09-18	5429	5442	5442	5437	5440	5440	11	26	782
2012-09-19	5440	5425	5427	5417	5427	5420	-13	26	768
2012-09-20	5420	5366	5438	5351	5422	5398	2	32	770
2012-09-21	5398	5440	5444	5330	5330	5421	-68	146	718
2012-09-24	5421	5253	5272	5220	5228	5234	-193	266	718
2012-09-25	5234	5209	5232	5193	5216	5211	-18	16	724
2012-09-26	5211	5231	5231	5203	5218	5214	7	14	730
2012-09-27	5214	5212	5245	5212	5245	5228	31	8	724
2012-09-28	5228	5248	5268	5244	5244	5253	16	14	720
2012-10-08	5253	5275	5321	5275	5292	5297	39	10	718
2012-10-10	5320	5305	5320	5305	5320	5313	0	8	716
2012-10-11	5313	5327	5370	5327	5370	5356	57	76	704
2012-10-15	5333	5316	5345	5316	5341	5333	8	12	700
2012-10-16	5333	5363	5363	5350	5350	5358	17	14	698
2012-10-17	5358	5398	5398	5396	5396	5397	38	4	696
2012-10-19	5389	5329	5337	5327	5336	5335	-53	40	704
2012-10-22	5335	5336	5336	5318	5318	5327	-17	4	704
2012-10-23	5327	5372	5379	5322	5330	5350	3	18	696
2012-10-24	5350	5345	5349	5345	5349	5348	-1	8	688
2012-10-25	5348	5333	5333	5333	5333	5333	-15	2	688
2012-10-26	5333	5300	5300	5220	5220	5265	-113	14	690
2012-10-29	5265	5230	5264	5230	5264	5247	-1	4	692
2012-10-30	5247	5265	5277	5240	5262	5260	15	16	690
2012-10-31	5260	5280	5289	5241	5278	5268	18	12	690
2012-11-01	5268	5300	5300	5300	5300	5300	32	4	690
2012-11-02	5300	5240	5240	5240	5240	5240	-60	2	690
