2011-07-15	7129	6900	6988	6859	6988	6903	-141	40	34
2011-07-18	6903	6951	6980	6832	6912	6922	9	38	48
2011-07-19	6922	6948	7000	6940	7000	6970	78	18	58
2011-07-20	6970	6945	6969	6933	6940	6951	-30	30	60
2011-07-21	6951	6975	6998	6939	6950	6953	-1	104	110
2011-07-22	6953	6962	6985	6917	6985	6964	32	70	134
2011-07-25	6964	7287	7287	6921	7001	7123	37	390	200
2011-07-26	7123	7012	7078	6977	7078	7014	-45	140	212
2011-07-27	7014	7065	7077	7021	7067	7054	53	164	278
2011-07-28	7054	7074	7074	7024	7030	7047	-24	62	298
2011-07-29	7047	6988	6999	6900	6900	6951	-147	152	330
2011-08-01	6951	6940	6996	6919	6996	6970	45	96	328
2011-08-02	6970	6952	6952	6891	6918	6915	-52	126	328
2011-08-03	6915	6920	6941	6880	6905	6914	-10	106	358
2011-08-04	6914	6935	6935	6856	6875	6884	-39	158	418
2011-08-05	6884	6788	6860	6724	6815	6798	-69	218	438
2011-08-08	6798	6856	6881	6781	6809	6825	11	194	458
2011-08-09	6825	6661	6801	6643	6801	6731	-24	184	484
2011-08-10	6731	6864	6905	6859	6888	6887	157	200	568
2011-08-11	6887	6885	6934	6879	6928	6907	41	484	796
2011-08-12	6907	6956	6960	6863	6863	6895	-44	650	1190
2011-08-15	6895	6898	6908	6800	6800	6838	-95	416	1386
2011-08-16	6838	6788	6830	6750	6750	6792	-88	502	1410
2011-08-17	6792	6780	6821	6752	6795	6790	3	398	1512
2011-08-18	6790	6880	6888	6838	6850	6862	60	366	1612
2011-08-19	6862	6806	6821	6745	6788	6791	-74	560	1778
2011-08-22	6791	6845	6891	6808	6808	6850	17	394	1720
2011-08-23	6850	6820	6859	6797	6853	6837	3	294	1806
2011-08-24	6837	6845	6864	6834	6842	6844	5	174	1794
2011-08-25	6844	6798	6798	6713	6745	6750	-99	640	1780
2011-08-26	6750	6775	6824	6746	6824	6790	74	280	1666
2011-08-29	6790	6856	6937	6825	6932	6876	142	422	1574
2011-08-30	6876	6901	7014	6901	6998	6985	122	852	1654
2011-08-31	6985	7002	7002	6968	6996	6986	11	388	1612
2011-09-01	6986	7000	7050	6994	6996	7011	10	486	1678
2011-09-02	7011	7002	7002	6913	6923	6949	-88	502	1672
2011-09-05	6949	6878	6878	6800	6800	6839	-149	510	1700
2011-09-06	6839	6799	6825	6715	6773	6760	-66	504	1662
2011-09-07	6760	6760	6823	6746	6823	6787	63	334	1688
2011-09-08	6787	6895	6895	6755	6755	6805	-32	402	1678
2011-09-09	6805	6767	6789	6741	6773	6763	-32	402	1610
2011-09-13	6763	6806	6816	6763	6781	6787	18	412	1548
2011-09-14	6787	6781	6790	6650	6650	6697	-137	712	1454
2011-09-15	6697	6680	6719	6650	6690	6689	-7	770	1464
2011-09-16	6689	6672	6722	6613	6722	6670	33	370	1510
2011-09-19	6670	6624	6660	6556	6576	6595	-94	348	1548
2011-09-20	6595	6593	6613	6580	6603	6603	8	208	1506
2011-09-21	6603	6596	6693	6596	6674	6652	71	154	1472
2011-09-22	6652	6606	6624	6561	6570	6584	-82	296	1560
2011-09-23	6584	6500	6500	6286	6390	6424	-194	918	1586
2011-09-26	6424	6369	6411	6270	6285	6343	-139	674	1776
2011-09-27	6343	6330	6466	6330	6449	6399	106	566	1770
2011-09-28	6399	6477	6500	6435	6463	6454	64	494	1684
2011-09-29	6454	6410	6410	6272	6374	6345	-80	510	1674
2011-09-30	6345	6420	6525	6420	6520	6496	175	422	1658
2011-10-10	6496	6495	6538	6480	6520	6513	24	294	1778
2011-10-11	6513	6606	6610	6512	6514	6556	1	382	1922
2011-10-12	6556	6525	6562	6487	6552	6534	-4	198	1934
2011-10-13	6534	6541	6541	6462	6484	6496	-50	586	1896
2011-10-14	6496	6526	6646	6526	6643	6587	147	924	1944
2011-10-17	6587	6725	6729	6686	6706	6711	119	718	1680
2011-10-18	6711	6688	6720	6654	6666	6686	-45	706	1628
2011-10-19	6686	6707	6769	6670	6693	6726	7	496	1584
2011-10-20	6726	6650	6650	6406	6436	6469	-290	1062	1946
2011-10-21	6469	6448	6517	6446	6470	6484	1	750	2230
2011-10-24	6484	6534	6636	6264	6491	6398	7	1560	2392
2011-10-25	6398	6540	6662	6477	6620	6564	222	830	2428
2011-10-26	6564	6583	6665	6574	6663	6629	99	532	2476
2011-10-27	6629	6618	6680	6605	6652	6643	23	402	2458
2011-10-28	6643	6722	6740	6630	6630	6681	-13	530	2462
2011-10-31	6681	6606	6621	6550	6565	6594	-116	306	2432
2011-11-01	6594	6550	6621	6524	6558	6571	-36	366	2486
2011-11-02	6571	6540	6598	6518	6593	6546	22	638	2436
2011-11-03	6546	6572	6580	6556	6560	6572	14	494	2540
2011-11-04	6572	6599	6632	6561	6598	6602	26	420	2520
2011-11-07	6602	6568	6590	6555	6579	6580	-23	140	2520
2011-11-08	6580	6571	6578	6530	6542	6547	-38	250	2478
2011-11-09	6547	6580	6602	6561	6575	6585	28	252	2590
2011-11-10	6585	6500	6500	6426	6429	6447	-156	530	2650
2011-11-11	6447	6462	6498	6452	6487	6473	40	548	2992
2011-11-14	6473	6480	6550	6446	6489	6477	16	630	3094
2011-11-15	6477	6450	6450	6417	6430	6431	-47	1530	4018
2011-11-16	6431	6431	6444	6331	6333	6374	-98	1786	4794
2011-11-17	6374	6334	6402	6331	6385	6374	11	1400	4852
2011-11-18	6374	6334	6347	6298	6345	6329	-29	1448	4948
2011-11-21	6329	6320	6322	6246	6257	6274	-72	1616	5544
2011-11-22	6274	6250	6275	6200	6255	6246	-19	2046	5514
2011-11-23	6246	6207	6225	6177	6192	6201	-54	1216	5474
2011-11-24	6201	6176	6209	6125	6190	6169	-11	1708	5310
2011-11-25	6169	6195	6195	6140	6140	6165	-29	592	5454
2011-11-28	6165	6170	6210	6150	6189	6185	24	836	5356
2011-11-29	6185	6198	6216	6172	6215	6198	30	1382	5542
2011-11-30	6198	6231	6245	6161	6161	6192	-37	826	5770
2011-12-01	6192	6230	6390	6230	6258	6271	66	1550	5116
2011-12-02	6271	6242	6270	6231	6251	6248	-20	598	5166
2011-12-05	6248	6256	6278	6218	6277	6257	29	774	5042
2011-12-06	6257	6299	6300	6257	6274	6277	17	406	5000
2011-12-07	6277	6289	6289	6213	6220	6248	-57	576	5104
2011-12-08	6248	6133	6171	6105	6156	6142	-92	1774	5374
2011-12-09	6142	6180	6196	6141	6143	6159	1	790	5506
2011-12-12	6159	6120	6122	6029	6032	6065	-127	2232	6218
2011-12-13	6065	6004	6036	5987	5987	6007	-78	1594	6288
2011-12-14	6007	5990	6022	5963	6019	6001	12	960	6096
2011-12-15	6001	5968	6035	5933	6030	5998	29	1448	5920
2011-12-16	5998	6020	6091	6008	6089	6052	91	1116	5898
2011-12-19	6052	6091	6098	6045	6072	6075	20	1042	5922
2011-12-20	6075	6085	6090	6016	6036	6035	-39	864	6092
2011-12-21	6035	6060	6065	5995	6000	6030	-35	1422	6310
2011-12-22	6030	5995	6057	5993	6053	6028	23	1044	5860
2011-12-23	6028	6060	6090	6028	6059	6061	31	1310	5826
2011-12-26	6061	6060	6060	5992	6005	6012	-56	940	5964
2011-12-27	6012	5993	6019	5993	6005	6010	-7	538	5944
2011-12-28	6010	6012	6014	5966	5970	5989	-40	1048	6232
2011-12-29	5989	5952	5960	5910	5920	5926	-69	1726	6724
2011-12-30	5926	5945	5948	5820	5847	5872	-79	2722	7406
2012-01-04	5872	5948	5979	5908	5951	5943	79	3054	7604
2012-01-05	5943	5956	6224	5956	6174	6135	231	5796	7078
2012-01-06	6135	6095	6128	6080	6122	6103	-13	1946	7194
2012-01-09	6103	6112	6166	6112	6137	6139	34	972	7286
2012-01-10	6139	6159	6302	6140	6294	6241	155	2620	7586
2012-01-11	6241	6325	6325	6263	6281	6277	40	1790	7742
2012-01-12	6277	6300	6334	6262	6323	6305	46	1192	7614
2012-01-13	6305	6302	6306	6231	6280	6274	-25	2154	8314
2012-01-16	6274	6296	6296	6243	6267	6265	-7	1546	8760
2012-01-17	6265	6268	6310	6218	6283	6253	18	1768	8704
2012-01-18	6253	6275	6310	6260	6289	6292	36	1458	8728
2012-01-19	6292	6299	6315	6293	6304	6304	12	1278	9016
2012-01-20	6304	6330	6416	6309	6409	6370	105	1832	8888
2012-01-30	6370	6390	6390	6322	6326	6342	-44	1468	9554
2012-01-31	6342	6311	6348	6285	6335	6315	-7	2930	10712
2012-02-01	6315	6325	6333	6298	6308	6315	-7	2000	11354
2012-02-02	6315	6315	6346	6299	6315	6322	0	1890	11688
2012-02-03	6322	6303	6328	6299	6318	6318	-4	4174	14354
2012-02-06	6318	6355	6367	6331	6352	6350	34	3490	15306
2012-02-07	6350	6380	6384	6341	6360	6369	10	4278	16268
2012-02-08	6369	6366	6400	6343	6400	6371	31	2598	16814
2012-02-09	6371	6402	6462	6402	6427	6438	56	9328	18860
2012-02-10	6438	6432	6444	6410	6428	6428	-10	5384	20524
2012-02-13	6428	6433	6458	6385	6393	6420	-35	13458	26184
2012-02-14	6420	6379	6396	6345	6364	6365	-56	10422	25854
2012-02-15	6365	6360	6362	6335	6351	6349	-14	8020	27416
2012-02-16	6349	6353	6363	6293	6309	6322	-40	10174	29338
2012-02-17	6322	6333	6336	6282	6300	6303	-22	15492	35884
2012-02-20	6303	6322	6339	6305	6314	6319	11	11536	38348
2012-02-21	6319	6315	6362	6300	6359	6331	40	18960	39208
2012-02-22	6331	6395	6402	6366	6391	6387	60	26754	45438
2012-02-23	6387	6410	6410	6359	6374	6379	-13	23830	49878
2012-02-24	6379	6377	6393	6368	6377	6379	-2	14570	48616
2012-02-27	6379	6389	6487	6385	6459	6453	80	40406	49576
2012-02-28	6453	6480	6482	6455	6474	6472	21	17972	52172
2012-02-29	6472	6470	6473	6451	6469	6464	-3	17490	49526
2012-03-01	6464	6441	6450	6411	6424	6432	-40	26108	48944
2012-03-02	6432	6435	6447	6425	6441	6439	9	14684	51142
2012-03-05	6439	6440	6440	6403	6418	6421	-21	31766	50242
2012-03-06	6421	6401	6422	6396	6417	6410	-4	14030	50592
2012-03-07	6410	6380	6401	6378	6395	6393	-15	17886	49294
2012-03-08	6393	6389	6419	6388	6396	6401	3	19742	50620
2012-03-09	6401	6413	6436	6404	6431	6421	30	24862	50722
2012-03-12	6421	6413	6421	6408	6420	6416	-1	10712	50164
2012-03-13	6416	6426	6464	6423	6445	6445	29	22980	51840
2012-03-14	6445	6455	6465	6420	6429	6445	-16	24970	45672
2012-03-15	6445	6434	6508	6433	6491	6486	46	64536	55690
2012-03-16	6486	6550	6565	6492	6497	6521	11	36670	55290
2012-03-19	6521	6507	6508	6493	6494	6500	-27	14110	56190
2012-03-20	6500	6505	6520	6469	6486	6492	-14	26102	58346
2012-03-21	6492	6464	6480	6450	6454	6461	-38	28938	55516
2012-03-22	6461	6462	6472	6448	6464	6460	3	18812	56608
2012-03-23	6460	6474	6485	6465	6479	6476	19	15992	56900
2012-03-26	6476	6469	6514	6469	6491	6495	15	26676	62608
2012-03-27	6495	6482	6492	6464	6490	6480	-5	23034	61388
2012-03-28	6480	6492	6518	6477	6517	6503	37	28666	64470
2012-03-29	6503	6505	6520	6480	6520	6503	17	39314	63548
2012-03-30	6503	6528	6530	6507	6517	6515	14	16778	61184
2012-04-05	6515	6500	6582	6500	6568	6560	53	48168	72158
2012-04-06	6560	6570	6603	6550	6600	6572	40	55580	83174
2012-04-09	6572	6608	6756	6606	6730	6711	158	188938	116770
2012-04-10	6711	6715	6762	6707	6762	6729	51	185860	142150
2012-04-11	6729	6721	6742	6679	6725	6721	-4	212978	156864
2012-04-12	6721	6741	6801	6669	6673	6716	-48	427442	173996
2012-04-13	6716	6698	6718	6662	6667	6689	-49	228824	176292
2012-04-16	6689	6615	6631	6576	6606	6604	-83	255816	171390
2012-04-17	6604	6580	6592	6555	6567	6571	-37	239558	172484
2012-04-18	6571	6591	6591	6509	6543	6543	-28	296044	186068
2012-04-19	6543	6500	6535	6487	6524	6513	-19	249706	185104
2012-04-20	6513	6510	6540	6499	6528	6519	15	259444	191286
2012-04-23	6519	6522	6529	6432	6446	6467	-73	408144	228070
2012-04-24	6467	6450	6464	6382	6389	6413	-78	457290	259838
2012-04-25	6413	6400	6442	6387	6437	6412	24	392352	238866
2012-04-26	6412	6435	6452	6397	6400	6425	-12	374568	263552
2012-04-27	6425	6369	6369	6330	6332	6347	-93	462378	283118
2012-05-02	6347	6336	6363	6308	6345	6337	-2	579642	305002
2012-05-03	6337	6310	6359	6310	6354	6340	17	512744	319430
2012-05-04	6340	6356	6382	6350	6376	6368	36	497826	319116
2012-05-07	6368	6366	6390	6351	6357	6366	-11	389782	328384
2012-05-08	6366	6369	6377	6299	6310	6332	-56	643182	376138
2012-05-09	6332	6270	6281	6250	6251	6267	-81	457622	356698
2012-05-10	6267	6266	6280	6225	6230	6256	-37	429626	395760
2012-05-11	6256	6230	6234	6124	6134	6187	-122	783774	354098
2012-05-14	6187	6145	6163	6059	6070	6110	-117	630512	335350
2012-05-15	6110	6085	6148	6079	6146	6121	36	607148	338576
2012-05-16	6121	6136	6142	5996	6002	6058	-119	859114	369190
2012-05-17	6058	6070	6118	6041	6106	6080	48	691316	330214
2012-05-18	6080	6091	6114	6022	6072	6074	-8	775532	342948
2012-05-21	6074	6070	6142	6048	6113	6104	39	827664	396476
2012-05-22	6104	6100	6113	6070	6082	6088	-22	699676	422430
2012-05-23	6088	6000	6014	5915	5960	5966	-128	1200526	451776
2012-05-24	5966	5964	6022	5953	6016	5975	50	806084	419902
2012-05-25	5975	6015	6015	5952	5993	5983	18	931780	439006
2012-05-28	5983	6000	6008	5960	5969	5981	-14	821100	472768
2012-05-29	5981	5951	6025	5925	6015	5974	34	1026510	472678
2012-05-30	5974	5976	6056	5967	6008	6009	34	1232714	482810
2012-05-31	6009	5971	6045	5971	6017	6023	8	1184346	485072
2012-06-01	6023	6010	6035	5912	5915	5971	-108	1740916	601910
2012-06-04	5971	5886	5890	5795	5825	5836	-146	1740430	557328
2012-06-06	5869	5890	5896	5808	5810	5851	-59	1840754	607970
2012-06-07	5851	5912	5948	5877	5898	5913	47	1778644	558690
2012-06-08	5913	5866	5888	5767	5796	5821	-117	1746852	587366
2012-06-11	5821	5850	5887	5801	5863	5843	42	1760406	594560
2012-06-12	5843	5847	5864	5792	5809	5824	-34	1850154	683936
2012-06-13	5824	5785	5791	5633	5689	5698	-135	3499218	800554
2012-06-14	5698	5660	5729	5643	5681	5691	-17	2046530	721672
2012-06-15	5691	5695	5718	5670	5702	5693	11	1675192	690640
2012-06-18	5693	5778	5784	5666	5670	5706	-23	2454884	863050
2012-06-19	5706	5670	5706	5630	5679	5673	-27	2667152	769550
2012-06-20	5673	5750	5761	5717	5738	5740	65	1812730	707588
2012-06-21	5740	5711	5776	5705	5726	5740	-14	2058164	701686
2012-06-25	5740	5647	5717	5641	5690	5693	-50	1382122	683538
2012-06-26	5693	5707	5778	5701	5759	5746	66	2059970	698032
2012-06-27	5746	5773	5788	5733	5739	5758	-7	1549614	736642
2012-06-28	5758	5784	5797	5761	5771	5777	13	1110570	689506
2012-06-29	5777	5759	5759	5704	5746	5732	-31	1602690	664342
2012-07-02	5732	5792	5792	5716	5734	5742	2	1558102	732180
2012-07-03	5742	5745	5838	5737	5830	5792	88	1819668	659512
2012-07-04	5792	5841	5903	5841	5889	5879	97	1599904	636776
2012-07-05	5879	5890	5946	5865	5945	5905	66	1640318	650392
2012-07-06	5905	5920	5931	5882	5896	5900	-9	1412200	656592
2012-07-09	5900	5901	5919	5828	5884	5879	-16	1491616	659958
2012-07-10	5879	5901	5924	5865	5867	5902	-12	1260256	680016
2012-07-11	5902	5851	5898	5845	5854	5867	-48	1156880	663302
2012-07-12	5867	5880	5945	5862	5884	5907	17	1914264	707658
2012-07-13	5907	5863	5890	5855	5875	5871	-32	914532	684818
2012-07-16	5871	5891	5930	5826	5826	5878	-45	1699458	787766
2012-07-17	5878	5840	5849	5714	5715	5766	-163	1522688	772330
2012-07-18	5766	5730	5739	5665	5706	5706	-60	1432724	727908
2012-07-19	5706	5729	5729	5675	5695	5703	-11	1199396	725996
2012-07-20	5703	5711	5728	5636	5652	5682	-51	1431648	759064
2012-07-23	5682	5668	5733	5591	5603	5670	-79	1753576	752064
2012-07-24	5670	5562	5591	5502	5530	5541	-140	1772366	765468
2012-07-25	5541	5505	5559	5503	5532	5530	-9	1325944	745984
2012-07-26	5530	5532	5545	5398	5409	5448	-121	2218850	839408
2012-07-27	5448	5377	5399	5346	5391	5377	-57	1543840	756268
2012-07-30	5377	5405	5417	5317	5330	5358	-47	1833988	776840
2012-07-31	5358	5339	5378	5310	5377	5342	19	1532190	730592
2012-08-01	5342	5355	5448	5353	5445	5408	103	1668302	666058
2012-08-02	5408	5440	5453	5332	5352	5376	-56	2113544	772374
2012-08-03	5376	5325	5397	5320	5389	5367	13	1563136	703176
2012-08-06	5367	5400	5430	5367	5424	5401	57	1291574	721070
2012-08-07	5401	5415	5430	5377	5394	5402	-7	1420978	710270
2012-08-08	5402	5373	5420	5362	5400	5394	-2	1298318	698500
2012-08-09	5394	5391	5514	5388	5512	5460	118	2607388	813364
2012-08-10	5460	5510	5542	5470	5484	5509	24	2055964	745838
2012-08-13	5509	5484	5495	5406	5415	5436	-94	1767180	747610
2012-08-14	5436	5400	5401	5335	5361	5358	-75	1653982	736922
2012-08-15	5358	5376	5573	5343	5573	5431	215	1881746	615314
2012-08-16	5431	5628	5647	5546	5564	5576	133	2034988	650194
2012-08-17	5576	5560	5565	5473	5508	5505	-68	2246338	704670
2012-08-20	5505	5509	5538	5484	5532	5517	27	1256162	652330
2012-08-21	5517	5540	5645	5522	5585	5581	68	1989284	714954
2012-08-22	5581	5551	5572	5522	5524	5544	-57	1398710	670344
2012-08-23	5544	5536	5581	5356	5441	5472	-103	2240648	691396
2012-08-24	5472	5425	5435	5360	5403	5399	-69	1604666	664620
2012-08-27	5399	5399	5463	5375	5434	5426	35	1218372	663032
2012-08-28	5426	5420	5423	5310	5316	5375	-110	2179318	747616
2012-08-29	5375	5334	5353	5206	5285	5277	-90	2557766	641398
2012-08-30	5277	5265	5488	5232	5390	5349	113	2958792	661554
2012-08-31	5349	5368	5415	5351	5396	5387	47	2038080	656026
2012-09-03	5387	5393	5430	5376	5397	5410	10	1423532	668330
2012-09-04	5410	5382	5424	5317	5337	5357	-73	1525632	677980
2012-09-05	5357	5300	5331	5256	5311	5297	-46	1671774	696264
2012-09-06	5297	5290	5379	5274	5328	5325	31	1854094	709378
2012-09-07	5325	5310	5364	5286	5338	5327	13	1381652	691696
2012-09-10	5327	5365	5439	5358	5426	5399	99	1685164	678572
2012-09-11	5399	5420	5466	5410	5432	5441	33	1412388	664238
2012-09-12	5441	5450	5517	5433	5448	5478	7	2262470	713174
2012-09-13	5478	5460	5464	5270	5368	5392	-110	1187424	682380
2012-09-14	5392	5407	5465	5387	5438	5429	46	1493430	676156
2012-09-17	5429	5438	5474	5414	5430	5445	1	1286714	695572
2012-09-18	5445	5417	5520	5400	5443	5462	-2	2142996	681912
2012-09-19	5462	5415	5434	5381	5389	5408	-73	1896168	667572
2012-09-20	5408	5380	5449	5375	5426	5423	18	1791744	674648
2012-09-21	5423	5439	5450	5288	5303	5363	-120	2109646	740066
2012-09-24	5363	5300	5300	5175	5177	5236	-186	1704672	713928
2012-09-25	5236	5180	5195	5128	5163	5162	-73	1748680	671850
2012-09-26	5162	5178	5195	5113	5163	5157	1	1592006	659258
2012-09-27	5157	5140	5240	5120	5191	5175	34	1378640	573910
2012-09-28	5175	5193	5210	5170	5190	5192	15	633688	486608
2012-10-08	5192	5253	5284	5211	5232	5249	40	806410	500892
2012-10-10	5273	5270	5325	5251	5307	5291	34	1247898	570640
2012-10-11	5291	5286	5354	5276	5346	5317	55	1258804	593612
2012-10-15	5321	5310	5373	5291	5355	5346	34	1600478	585464
2012-10-16	5346	5363	5393	5360	5377	5377	31	1096328	592892
2012-10-17	5377	5386	5440	5384	5438	5419	61	1255584	602772
2012-10-19	5436	5386	5396	5341	5348	5364	-88	1081462	507638
2012-10-22	5364	5378	5400	5330	5399	5369	35	925872	533010
2012-10-23	5369	5389	5419	5348	5356	5381	-13	1129070	502778
2012-10-24	5381	5348	5368	5338	5366	5357	-15	663556	493794
2012-10-25	5357	5380	5380	5348	5368	5362	11	401058	458048
2012-10-26	5362	5359	5367	5274	5276	5318	-86	654694	436306
2012-10-29	5318	5263	5306	5263	5290	5290	-28	295452	395626
2012-10-30	5290	5303	5337	5294	5312	5314	22	250686	375440
2012-10-31	5314	5330	5330	5254	5317	5305	3	213428	358838
2012-11-01	5305	5316	5342	5299	5328	5322	23	175200	342802
2012-11-02	5322	5325	5344	5277	5281	5314	-41	149076	323528
