2010-01-04	5270	5320	5454	5311	5409	5383	139	22238	52288
2010-01-05	5383	5419	5421	5333	5375	5370	-8	26006	51822
2010-01-06	5370	5369	5585	5362	5564	5539	194	57048	58166
2010-01-07	5539	5618	5742	5414	5642	5607	103	104492	64590
2010-01-08	5607	5638	5662	5388	5471	5518	-136	135112	63892
2010-01-11	5518	5490	5558	5473	5529	5521	11	58244	67176
2010-01-12	5521	5456	5505	5435	5447	5462	-74	28960	63474
2010-01-13	5462	5402	5485	5243	5254	5370	-208	55142	63580
2010-01-14	5370	5310	5336	5200	5279	5290	-91	51348	59338
2010-01-15	5290	5258	5304	5178	5201	5237	-89	31218	61396
2010-01-18	5237	5180	5249	5170	5220	5213	-17	28440	64244
2010-01-19	5213	5228	5265	5209	5235	5236	22	19286	64026
2010-01-20	5236	5276	5300	5209	5213	5245	-23	28280	71420
2010-01-21	5245	5210	5354	5195	5325	5269	80	41484	74984
2010-01-22	5269	5292	5352	5240	5299	5300	30	52494	76754
2010-01-25	5300	5292	5331	5283	5291	5302	-9	23904	77858
2010-01-26	5302	5330	5343	5284	5284	5314	-18	22922	76450
2010-01-27	5314	5265	5299	5254	5258	5273	-56	19840	77412
2010-01-28	5273	5200	5200	5062	5062	5114	-211	28038	71370
2010-01-29	5114	5072	5090	4981	5004	5035	-110	32666	65972
2010-02-01	5035	5040	5100	4949	5028	5018	-7	36474	65830
2010-02-02	5018	5050	5070	4993	5026	5034	8	34258	66574
2010-02-03	5034	5080	5135	5048	5134	5088	100	48220	75014
2010-02-04	5088	5066	5140	5038	5095	5091	7	43422	72684
2010-02-05	5091	5030	5065	5007	5041	5041	-50	35128	62680
2010-02-08	5041	5008	5078	5008	5054	5043	13	23592	59692
2010-02-09	5043	5048	5063	5021	5052	5042	9	17312	57312
2010-02-10	5042	5060	5220	5060	5174	5156	132	50804	69034
2010-02-11	5156	5165	5309	5165	5279	5229	123	42372	73266
2010-02-12	5229	5320	5409	5310	5358	5350	129	61238	93434
2010-02-22	5350	5434	5480	5172	5228	5297	-122	72932	103914
2010-02-23	5297	5166	5264	5142	5262	5203	-35	78176	117348
2010-02-24	5203	5236	5335	5210	5324	5282	121	67480	131634
2010-02-25	5282	5339	5464	5292	5326	5371	44	123266	140412
2010-02-26	5371	5320	5410	5320	5400	5385	29	76302	151686
2010-03-01	5385	5450	5489	5398	5459	5447	74	90054	153908
2010-03-02	5447	5415	5428	5252	5295	5317	-152	152332	157700
2010-03-03	5317	5295	5325	5251	5292	5296	-25	97250	164156
2010-03-04	5296	5275	5301	5227	5247	5268	-49	89586	155288
2010-03-05	5268	5242	5344	5228	5340	5295	72	77880	160296
2010-03-08	5295	5378	5386	5323	5370	5363	75	46724	158252
2010-03-09	5363	5336	5417	5327	5402	5380	39	136528	160030
2010-03-10	5380	5336	5350	5285	5305	5315	-75	127038	153098
2010-03-11	5315	5288	5299	5102	5115	5168	-200	154120	147930
2010-03-12	5168	5110	5143	5060	5136	5114	-32	70506	141008
2010-03-15	5114	5150	5168	4946	4999	5045	-115	148152	156752
2010-03-16	5045	4975	5063	4930	5053	5012	8	123836	147236
2010-03-17	5012	4990	5122	4955	5098	5057	86	231864	144124
2010-03-18	5057	5128	5206	5118	5202	5168	145	162296	143754
2010-03-19	5168	5230	5254	5198	5207	5220	39	114138	145160
2010-03-22	5220	5197	5267	5197	5253	5247	33	110298	153058
2010-03-23	5247	5213	5223	5109	5121	5158	-126	130644	145356
2010-03-24	5158	5030	5067	4987	5060	5036	-98	159258	152522
2010-03-25	5036	5135	5144	5084	5122	5114	86	83470	159946
2010-03-26	5114	5094	5198	5081	5186	5152	72	132680	163854
2010-03-29	5152	5188	5211	5114	5178	5174	26	167600	170916
2010-03-30	5174	5184	5205	5139	5155	5172	-19	130482	149410
2010-03-31	5172	5162	5193	5154	5160	5173	-12	63926	146326
2010-04-01	5173	5095	5111	5055	5066	5082	-107	110312	139158
2010-04-02	5082	5096	5169	5096	5167	5134	85	82808	131476
2010-04-06	5134	5188	5191	5135	5163	5169	29	87058	129684
2010-04-07	5169	5140	5179	5127	5175	5154	6	61452	128816
2010-04-08	5154	5174	5201	5144	5150	5174	-4	85626	126856
2010-04-09	5174	5156	5216	5147	5204	5184	30	115056	131596
2010-04-12	5184	5248	5281	5217	5260	5255	76	100726	131446
2010-04-13	5255	5250	5268	5216	5245	5246	-10	97620	139558
2010-04-14	5246	5278	5284	5260	5262	5275	16	70840	141170
2010-04-15	5275	5277	5284	5221	5223	5250	-52	72310	142732
2010-04-16	5250	5220	5252	5214	5245	5234	-5	48268	142846
2010-04-19	5234	5200	5203	5115	5132	5161	-102	93792	138714
2010-04-20	5161	5190	5198	5173	5186	5184	25	44722	139506
2010-04-21	5184	5168	5172	5130	5153	5153	-31	73028	148090
2010-04-22	5153	5135	5155	5103	5142	5125	-11	193758	177516
2010-04-23	5125	5130	5152	5111	5128	5129	3	157952	183766
2010-04-26	5129	5125	5125	5020	5047	5070	-82	251674	194842
2010-04-27	5070	5043	5043	4974	5020	5004	-50	262096	197608
2010-04-28	5004	4940	5035	4940	4999	4992	-5	298696	212212
2010-04-29	4992	4980	4994	4899	4948	4944	-44	367618	218036
2010-04-30	4944	4975	4993	4941	4970	4965	26	227868	214754
2010-05-04	4965	4942	4955	4835	4849	4886	-116	297306	226840
2010-05-05	4886	4802	4861	4790	4847	4840	-39	304962	239020
2010-05-06	4840	4853	4883	4823	4835	4850	-5	278506	237266
2010-05-07	4850	4750	4788	4730	4746	4761	-104	232248	236622
2010-05-10	4761	4797	4857	4786	4857	4813	96	283536	233800
2010-05-11	4813	4855	4880	4828	4842	4851	29	280908	217926
2010-05-12	4851	4840	4916	4826	4891	4881	40	353792	228818
2010-05-13	4881	4930	4939	4895	4917	4917	36	182536	226494
2010-05-14	4917	4908	4918	4831	4835	4874	-82	271110	228922
2010-05-17	4874	4802	4809	4679	4679	4720	-195	365900	212250
2010-05-18	4720	4691	4777	4660	4763	4730	43	336812	213798
2010-05-19	4730	4760	4809	4743	4765	4776	35	321128	210512
2010-05-20	4776	4803	4828	4775	4792	4803	16	216954	216928
2010-05-21	4803	4763	4807	4739	4803	4772	0	214012	200096
2010-05-24	4772	4850	4888	4840	4888	4862	116	178874	209070
2010-05-25	4862	4845	4866	4807	4807	4843	-55	172004	203566
2010-05-26	4843	4850	4878	4842	4874	4858	31	163694	208956
2010-05-27	4858	4872	4884	4845	4874	4865	16	145924	208122
2010-05-28	4865	4860	4867	4776	4795	4816	-70	282618	206290
2010-05-31	4816	4750	4771	4724	4749	4751	-67	257172	220802
2010-06-01	4751	4750	4766	4736	4745	4752	-6	161744	227420
2010-06-02	4752	4760	4815	4736	4814	4775	62	243606	231914
2010-06-03	4775	4790	4805	4748	4783	4777	8	252506	226692
2010-06-04	4777	4775	4812	4771	4799	4792	22	148984	220562
2010-06-07	4792	4788	4788	4706	4758	4744	-34	272448	199964
2010-06-08	4744	4753	4795	4753	4791	4768	47	131236	193910
2010-06-09	4768	4815	4850	4800	4848	4826	80	162830	198386
2010-06-10	4826	4836	4843	4804	4808	4820	-18	111604	192228
2010-06-11	4820	4840	4880	4822	4859	4851	39	99450	190608
2010-06-17	4851	4888	4903	4850	4858	4879	7	84370	193642
2010-06-18	4879	4845	4862	4825	4826	4840	-53	145490	207288
2010-06-22	4881	4903	4923	4892	4900	4908	19	130002	214992
2010-06-23	4908	4891	4934	4889	4904	4910	-4	175494	204816
2010-06-24	4910	4895	4925	4880	4919	4906	9	164782	214638
2010-06-25	4906	4947	4958	4926	4936	4942	30	115582	211698
2010-06-28	4942	4950	4970	4943	4957	4961	15	173684	227284
2010-06-29	4961	4919	4933	4873	4879	4903	-82	146648	217820
2010-06-30	4903	4850	4900	4850	4899	4881	-4	95290	216986
2010-07-02	4920	4930	4955	4925	4954	4941	34	111292	211208
2010-07-05	4941	4975	5055	4961	5042	5008	101	204370	218508
2010-07-06	5008	5030	5060	5012	5040	5036	32	233680	232406
2010-07-07	5036	5032	5052	5015	5022	5036	-14	154838	231628
2010-07-08	5036	5065	5091	5028	5031	5060	-5	165018	228146
2010-07-09	5060	5035	5043	5012	5036	5027	-24	105978	224990
2010-07-12	5027	5023	5059	5013	5015	5038	-12	105836	226022
2010-07-13	5038	5036	5052	5010	5018	5032	-20	161880	224644
2010-07-14	5032	5032	5040	4974	4992	4998	-40	199296	226966
2010-07-15	4998	4980	5012	4967	4992	4990	-6	126280	229856
2010-07-16	4990	5025	5053	5020	5051	5033	61	131072	231976
2010-07-19	5033	5031	5054	5029	5046	5040	13	102852	232172
2010-07-20	5040	5066	5129	5066	5118	5104	78	289914	259110
2010-07-21	5104	5106	5115	5084	5097	5099	-7	179154	260784
2010-07-22	5099	5105	5108	5084	5102	5099	3	139550	270350
2010-07-23	5099	5148	5155	5118	5120	5136	21	173848	272230
2010-07-26	5136	5118	5165	5115	5157	5149	21	174416	276072
2010-07-27	5149	5165	5188	5124	5129	5153	-20	225762	274314
2010-07-28	5153	5130	5182	5130	5178	5162	25	179286	277802
2010-07-29	5162	5198	5228	5170	5213	5199	51	229914	275820
2010-07-30	5199	5222	5240	5208	5238	5227	39	180658	278890
2010-08-02	5227	5242	5338	5242	5309	5300	82	224498	270446
2010-08-03	5300	5305	5315	5274	5290	5292	-10	192944	277010
2010-08-04	5292	5238	5265	5201	5255	5237	-37	290500	273366
2010-08-05	5237	5281	5311	5269	5296	5293	59	373170	306830
2010-08-06	5293	5258	5357	5256	5356	5308	63	555838	353170
2010-08-09	5308	5360	5421	5350	5412	5382	104	646838	362526
2010-08-10	5382	5371	5394	5342	5367	5370	-15	719144	384114
2010-08-11	5370	5418	5436	5378	5384	5408	14	863358	402296
2010-08-12	5408	5366	5435	5320	5327	5397	-81	1312896	455282
2010-08-16	5359	5409	5415	5360	5375	5388	16	1275336	506790
2010-08-17	5388	5350	5380	5333	5370	5357	-18	1276486	501218
2010-08-18	5357	5399	5418	5325	5330	5380	-27	1777374	591620
2010-08-19	5380	5340	5359	5295	5347	5334	-33	1867956	574494
2010-08-20	5334	5331	5361	5263	5273	5319	-61	1942804	606408
2010-08-23	5319	5298	5298	5256	5258	5282	-61	1530808	614912
2010-08-24	5282	5265	5305	5246	5253	5282	-29	1641792	572518
2010-08-25	5282	5275	5293	5254	5274	5275	-8	1781996	551008
2010-08-26	5275	5281	5329	5256	5325	5288	50	1794434	618716
2010-08-27	5288	5306	5368	5291	5351	5327	63	2052030	672596
2010-08-30	5327	5395	5535	5387	5515	5480	188	2689588	732756
2010-08-31	5480	5500	5518	5466	5492	5494	12	2115402	725288
2010-09-01	5494	5496	5555	5490	5543	5520	49	2108718	769020
2010-09-02	5520	5607	5607	5541	5550	5570	30	1666662	716978
2010-09-03	5570	5555	5576	5528	5539	5552	-31	1552126	690940
2010-09-06	5552	5552	5604	5537	5588	5575	36	1560640	685674
2010-09-07	5575	5580	5632	5575	5609	5608	34	1877348	721174
2010-09-08	5608	5649	5670	5595	5610	5637	2	1734030	690168
2010-09-09	5637	5610	5618	5497	5555	5564	-82	1899076	688538
2010-09-10	5564	5601	5658	5600	5649	5628	85	1741982	717776
2010-09-13	5628	5680	5686	5633	5658	5656	30	1664068	697166
2010-09-14	5656	5700	5705	5613	5632	5650	-24	2188760	705766
2010-09-15	5650	5678	5678	5580	5610	5617	-40	1922972	712666
2010-09-16	5617	5605	5629	5572	5618	5601	1	1845996	712892
2010-09-17	5601	5630	5703	5625	5658	5665	57	2120428	671766
2010-09-20	5665	5673	5728	5638	5707	5693	42	2068354	616976
2010-09-21	5693	5672	5679	5582	5587	5620	-106	1452154	536568
2010-09-27	5620	5641	5659	5590	5618	5620	-2	1143572	544438
2010-09-28	5620	5636	5749	5623	5745	5710	125	2263488	660930
2010-09-29	5710	5746	5749	5625	5652	5674	-58	1791202	538350
2010-09-30	5674	5660	5679	5605	5676	5645	2	819330	486986
2010-10-08	5645	5671	5803	5671	5774	5763	129	1148108	556506
2010-10-11	5763	5990	5994	5910	5973	5963	210	1651794	640436
2010-10-12	5963	5930	5968	5886	5901	5927	-62	1668822	612404
2010-10-13	5927	5960	5990	5932	5969	5967	42	1862196	638420
2010-10-14	5967	5972	6179	5963	6112	6078	145	2808024	681636
2010-10-15	6078	6112	6248	6081	6247	6182	169	2831164	680564
2010-10-18	6182	6165	6252	6145	6195	6190	13	3062606	689236
2010-10-19	6190	6246	6438	6233	6383	6366	193	4042162	744370
2010-10-20	6366	6337	6476	6319	6450	6411	84	3388100	752048
2010-10-21	6411	6501	6592	6403	6441	6487	30	3439916	700790
2010-10-22	6487	6420	6578	6382	6533	6499	46	2913238	704810
2010-10-25	6499	6620	6759	6620	6759	6688	260	1197604	723232
2010-10-26	6688	6830	6900	6713	6780	6816	92	2071166	623260
2010-10-27	6816	6798	6798	6632	6634	6714	-182	2415138	679756
2010-10-28	6714	6701	6904	6700	6859	6824	145	2523690	634878
2010-10-29	6824	6801	6840	6482	6490	6580	-334	2031362	557862
2010-11-01	6580	6568	6630	6478	6554	6569	-26	1585276	527840
2010-11-02	6569	6585	6619	6541	6590	6584	21	684618	491178
2010-11-03	6584	6700	6836	6680	6793	6786	209	539998	450282
2010-11-04	6786	6828	6830	6740	6813	6782	27	427902	419872
2010-11-05	6782	7116	7119	7048	7075	7088	293	425198	287952
2010-11-08	7088	6970	7121	6900	7080	7035	-8	450154	239840
2010-11-09	7035	7083	7363	7052	7239	7182	204	400968	236680
2010-11-10	7182	7288	7355	6935	7163	7216	-19	366368	224184
2010-11-11	7216	7187	7194	7031	7098	7120	-118	277578	227756
2010-11-12	7120	6764	6764	6764	6764	6764	-356	6162	222756
2010-11-15	6764	6256	6436	6256	6256	6311	-508	377066	136484
2010-11-16	6311	6310	6477	6251	6330	6374	19	282714	133518
2010-11-17	6374	6160	6254	6060	6137	6160	-237	320962	118164
2010-11-18	6160	6350	6351	6120	6280	6224	120	211574	111450
2010-11-19	6224	6466	6480	6280	6345	6365	121	129858	107286
2010-11-22	6365	6160	6278	6130	6176	6221	-189	88582	105816
2010-11-23	6221	6199	6260	6123	6163	6183	-58	119194	110862
2010-11-24	6183	6244	6352	6225	6352	6299	169	99982	110162
2010-11-25	6299	6400	6400	6291	6291	6348	-8	80786	108082
2010-11-26	6348	6301	6305	6098	6256	6206	-92	97066	111766
2010-11-29	6206	6245	6341	6208	6325	6278	119	58308	107286
2010-11-30	6278	6286	6390	6262	6376	6316	98	59322	105340
2010-12-01	6316	6316	6505	6308	6472	6396	156	71270	115954
2010-12-02	6396	6558	6558	6434	6443	6491	47	48592	109038
2010-12-03	6491	6440	6494	6433	6450	6463	-41	31356	107634
2010-12-06	6463	6500	6532	6472	6497	6504	34	37272	106200
2010-12-07	6504	6467	6519	6435	6518	6469	14	27386	102692
2010-12-08	6469	6452	6460	6320	6320	6410	-149	30748	104254
2010-12-09	6410	6368	6412	6341	6367	6378	-43	28516	101398
2010-12-10	6378	6360	6425	6345	6413	6385	35	24410	97118
2010-12-13	6385	6410	6578	6396	6529	6507	144	46614	83990
2010-12-14	6507	6560	6598	6520	6546	6559	39	19828	80450
2010-12-15	6559	6501	6539	6396	6437	6476	-122	36822	81822
2010-12-16	6476	6466	6566	6451	6535	6526	59	27950	81610
2010-12-17	6526	6566	6635	6550	6630	6592	104	28752	82868
2010-12-20	6592	6802	6827	6700	6752	6770	160	38812	82114
2010-12-21	6770	6790	6815	6754	6801	6787	31	21468	80136
2010-12-22	6787	6820	6978	6770	6834	6869	47	49400	87998
2010-12-23	6869	6904	7015	6904	7004	6972	135	31140	88206
2010-12-24	6972	7080	7154	7040	7149	7096	177	38292	87754
2010-12-27	7096	7118	7186	7039	7083	7103	-13	37678	84120
2010-12-28	7103	7105	7219	7090	7210	7168	107	23738	84664
2010-12-29	7168	7241	7251	7138	7160	7191	-8	38328	80316
2010-12-30	7191	7118	7169	7038	7161	7096	-30	23708	80206
2010-12-31	7096	6723	6946	6723	6913	6884	-183	34948	78524
2011-01-04	6884	7100	7114	6999	7056	7059	172	25008	76320
2011-01-05	7059	6998	7084	6972	7025	7034	-34	21882	77218
2011-01-06	7034	7092	7128	7015	7024	7076	-10	20126	74766
2011-01-07	7076	6914	6941	6710	6735	6844	-341	28924	74044
2011-01-10	6844	6838	6936	6821	6846	6880	2	33474	67798
2011-01-11	6880	6880	6905	6830	6887	6870	7	14404	69402
2011-01-12	6870	6941	7048	6941	7006	7006	136	16740	67194
2011-01-13	7006	7002	7026	6959	6998	6989	-8	11246	68672
2011-01-14	6989	6998	7090	6992	7081	7050	92	16190	69924
2011-01-17	7050	7044	7103	7010	7010	7054	-40	24888	63312
2011-01-18	7054	7015	7043	6957	7000	6991	-54	11754	63016
2011-01-19	6991	6995	7082	6994	7073	7048	82	11144	60422
2011-01-20	7048	7048	7087	7023	7047	7055	-1	7628	59124
2011-01-21	7055	7062	7169	7062	7142	7137	87	7440	56484
2011-01-24	7137	7196	7206	7141	7151	7177	14	9598	52830
2011-01-25	7177	7187	7187	7060	7080	7088	-97	7148	53130
2011-01-26	7088	7071	7103	7020	7085	7061	-3	14160	51568
2011-01-27	7061	7144	7231	7144	7227	7199	166	9786	48348
2011-01-28	7199	7261	7269	7181	7190	7229	-9	6476	47198
2011-01-31	7229	7292	7350	7265	7319	7318	90	9026	47278
2011-02-01	7318	7328	7355	7266	7353	7307	35	6518	47866
2011-02-09	7307	7250	7291	7200	7283	7257	-24	3834	48598
2011-02-10	7257	7293	7450	7293	7417	7400	160	4148	48620
2011-02-11	7400	7420	7449	7409	7428	7427	28	3510	48130
2011-02-14	7427	7386	7480	7330	7364	7385	-63	8512	48872
2011-02-15	7385	7312	7414	7312	7350	7375	-35	5548	49172
2011-02-16	7375	7346	7355	7246	7316	7301	-59	5302	49408
2011-02-17	7301	7380	7395	7235	7238	7306	-63	7940	49888
2011-02-18	7306	7245	7285	7131	7148	7198	-158	10152	46926
2011-02-21	7198	7150	7176	7072	7167	7111	-31	8238	44628
2011-02-22	7111	7162	7224	7095	7149	7149	38	7910	45996
2011-02-23	7149	7100	7230	7050	7183	7158	34	15186	49570
2011-02-24	7158	7178	7185	7010	7030	7071	-128	15102	52360
2011-02-25	7071	7080	7133	7026	7130	7085	59	7320	53006
2011-02-28	7085	7202	7250	7150	7239	7209	154	6992	51452
2011-03-01	7209	7268	7290	7222	7240	7254	31	6600	49036
2011-03-02	7254	7226	7256	7205	7249	7232	-5	5186	47618
2011-03-03	7232	7293	7317	7234	7239	7284	7	5204	46274
2011-03-04	7284	7272	7272	7167	7193	7210	-91	3318	46838
2011-03-07	7210	7160	7239	7128	7236	7194	26	3562	47908
2011-03-08	7194	7179	7215	7098	7141	7148	-53	6862	49632
2011-03-09	7148	7183	7239	7160	7221	7203	73	3814	47812
2011-03-10	7203	7188	7195	7075	7085	7132	-118	9328	50600
2011-03-11	7132	7025	7060	6989	6995	7016	-137	9038	50956
2011-03-14	7016	6972	7064	6862	6960	6957	-56	9598	49104
2011-03-15	6957	6920	6992	6875	6980	6926	23	5462	48682
2011-03-16	6926	6850	6984	6821	6975	6872	49	7654	47094
2011-03-17	6872	6951	7038	6900	6988	6955	116	4824	45560
2011-03-18	6955	7031	7091	7022	7056	7049	101	3036	44512
2011-03-21	7049	7075	7083	7030	7051	7058	2	2314	44770
2011-03-22	7058	7128	7128	7011	7092	7067	34	5434	43496
2011-03-23	7067	7099	7218	7097	7213	7163	146	5920	39328
2011-03-24	7163	7181	7200	7156	7182	7181	19	6954	37822
2011-03-25	7181	7226	7255	7217	7230	7236	49	4772	35708
2011-03-28	7236	7242	7251	7090	7136	7175	-100	3936	35686
2011-03-29	7175	7103	7143	7066	7125	7099	-50	3774	34998
2011-03-30	7099	7120	7172	7071	7084	7114	-15	3012	34824
2011-03-31	7114	7115	7142	7100	7133	7121	19	2234	33920
2011-04-01	7121	7145	7166	7121	7157	7149	36	1992	33056
2011-04-06	7149	7187	7238	7150	7225	7214	76	4532	30188
2011-04-07	7214	7202	7221	7165	7210	7196	-4	2052	28914
2011-04-08	7196	7218	7305	7213	7303	7272	107	4644	26166
2011-04-11	7272	7280	7315	7260	7285	7287	13	1812	25336
2011-04-12	7287	7249	7280	7238	7249	7260	-38	1626	24664
2011-04-13	7260	7210	7241	7180	7234	7208	-26	1786	24082
2011-04-14	7208	7175	7175	7115	7132	7136	-76	2398	23884
2011-04-15	7136	7119	7128	7068	7093	7100	-43	1080	23490
2011-04-18	7100	7114	7114	7049	7090	7080	-10	1786	22204
2011-04-19	7080	7088	7092	7028	7063	7061	-17	3846	19104
2011-04-20	7061	7066	7128	7062	7119	7105	58	1430	17994
2011-04-21	7105	7190	7229	7132	7142	7155	37	3928	14546
2011-04-22	7155	7126	7179	7078	7135	7116	-20	2280	12724
2011-04-25	7116	7130	7160	7123	7143	7141	27	2406	10760
2011-04-26	7141	7099	7156	7099	7140	7128	-1	6560	6406
2011-04-27	7128	7129	7187	7129	7187	7167	59	1362	5514
2011-04-28	7167	7188	7245	7170	7214	7207	47	1554	4192
2011-04-29	7207	7227	7229	7120	7128	7176	-79	1684	2770
2011-05-03	7176	7140	7140	7050	7124	7081	-52	1668	2046
2011-05-04	7081	7052	7052	6953	6953	7023	-128	746	1584
2011-05-05	7023	6906	6906	6531	6866	6757	-157	732	1462
2011-05-06	6757	6801	6850	6801	6840	6847	83	106	1452
2011-05-09	6847	6850	6966	6850	6890	6874	43	64	1452
2011-05-10	6874	6965	6966	6950	6950	6953	76	76	1436
2011-05-11	6953	6950	6950	6888	6888	6912	-65	238	1466
2011-05-12	6912	6888	6900	6800	6900	6870	-12	82	1414
2011-05-13	6870	6900	6900	6900	6900	6900	30	98	1414
2011-05-16	6900	6888	6965	6888	6890	6906	-10	22	0
