2011-03-15	6675	6325	6643	6325	6509	6498	-166	154	30
2011-03-16	6498	6497	6500	6328	6493	6426	-5	518	94
2011-03-17	6426	6444	6533	6411	6491	6480	65	150	114
2011-03-18	6480	6556	6600	6536	6560	6560	80	138	138
2011-03-21	6560	6589	6610	6513	6550	6549	-10	654	182
2011-03-22	6549	6548	6573	6500	6561	6535	12	142	186
2011-03-23	6535	6577	6670	6567	6670	6618	135	144	244
2011-03-24	6618	6644	6648	6606	6611	6622	-7	80	238
2011-03-25	6622	6588	6700	6588	6680	6671	58	150	298
2011-03-28	6671	6699	6699	6567	6582	6631	-89	204	270
2011-03-29	6631	6560	6600	6530	6583	6565	-48	178	306
2011-03-30	6565	6600	6610	6530	6548	6565	-17	246	294
2011-03-31	6565	6595	6595	6559	6593	6580	28	186	278
2011-04-01	6580	6600	6630	6574	6599	6597	19	378	476
2011-04-06	6597	6601	6701	6601	6692	6666	95	350	576
2011-04-07	6666	6650	6697	6650	6686	6678	20	294	592
2011-04-08	6678	6678	6827	6678	6827	6777	149	696	542
2011-04-11	6777	6849	6855	6760	6844	6811	67	546	536
2011-04-12	6811	6840	6855	6764	6786	6806	-25	466	658
2011-04-13	6806	6760	6763	6690	6748	6727	-58	732	740
2011-04-14	6727	6690	6693	6636	6651	6661	-76	496	660
2011-04-15	6661	6638	6641	6600	6604	6617	-57	212	654
2011-04-18	6617	6590	6627	6580	6604	6603	-13	1302	1404
2011-04-19	6603	6595	6607	6518	6527	6544	-76	240	1392
2011-04-20	6544	6534	6638	6534	6606	6584	62	1882	826
2011-04-21	6584	6644	6680	6614	6634	6647	50	360	816
2011-04-22	6647	6660	6670	6528	6610	6592	-37	232	814
2011-04-25	6592	6610	6620	6550	6563	6570	-29	288	802
2011-04-26	6570	6540	6540	6490	6519	6520	-51	916	1246
2011-04-27	6520	6534	6585	6526	6544	6551	24	312	1214
2011-04-28	6551	6533	6640	6533	6585	6586	34	598	1184
2011-04-29	6586	6568	6572	6494	6510	6518	-76	1026	942
2011-05-03	6518	6510	6510	6450	6479	6475	-39	416	934
2011-05-04	6475	6469	6469	6375	6387	6414	-88	292	950
2011-05-05	6414	6371	6371	6218	6222	6278	-192	428	984
2011-05-06	6278	6188	6247	6136	6184	6210	-94	1034	1056
2011-05-09	6210	6237	6246	6178	6231	6217	21	422	1042
2011-05-10	6217	6270	6282	6240	6280	6259	63	786	1094
2011-05-11	6259	6400	6400	6290	6290	6318	31	552	1182
2011-05-12	6318	6270	6270	6150	6164	6199	-154	498	1168
2011-05-13	6199	6219	6320	6202	6320	6261	121	374	1162
2011-05-16	6261	6285	6330	6267	6286	6294	25	310	1174
2011-05-17	6294	6302	6321	6216	6278	6270	-16	402	1162
2011-05-18	6270	6300	6325	6270	6270	6304	0	386	1184
2011-05-19	6304	6350	6350	6266	6277	6295	-27	470	1170
2011-05-20	6295	6248	6248	6140	6173	6185	-122	1348	1158
2011-05-23	6185	6210	6217	6129	6164	6167	-21	1140	1188
2011-05-24	6167	6127	6225	6127	6215	6168	48	880	1222
2011-05-25	6168	6218	6250	6210	6242	6230	74	466	1278
2011-05-26	6230	6255	6331	6255	6328	6310	98	278	1260
2011-05-27	6310	6314	6450	6308	6450	6385	140	822	1532
2011-05-30	6385	6454	6494	6449	6470	6476	85	822	1468
2011-05-31	6476	6456	6488	6426	6436	6448	-40	1170	1540
2011-06-01	6448	6462	6520	6430	6483	6461	35	1832	1774
2011-06-02	6461	6460	6545	6421	6545	6509	84	1762	2468
2011-06-03	6509	6570	6695	6570	6688	6626	179	2632	4074
2011-06-07	6626	6645	6657	6603	6646	6635	20	3468	6142
2011-06-08	6635	6675	6723	6585	6682	6665	47	4008	7994
2011-06-09	6665	6696	6754	6693	6693	6728	28	2118	8464
2011-06-10	6728	6695	6749	6677	6722	6712	-6	1168	8484
2011-06-13	6712	6750	6753	6671	6683	6703	-29	1410	8506
2011-06-14	6703	6685	6707	6639	6660	6665	-43	1028	8502
2011-06-15	6665	6660	6778	6660	6778	6733	113	2250	9266
2011-06-16	6733	6758	6805	6731	6738	6766	5	1884	9434
2011-06-17	6766	6772	6790	6738	6789	6772	23	978	9454
2011-06-20	6772	6800	6828	6780	6807	6806	35	1666	9800
2011-06-21	6806	6850	6900	6825	6893	6873	87	2228	10584
2011-06-22	6873	6875	6891	6841	6848	6863	-25	1372	10596
2011-06-23	6863	6839	6840	6780	6799	6807	-64	1980	10296
2011-06-24	6807	6813	6847	6788	6792	6819	-15	1748	10320
2011-06-27	6819	6775	6785	6686	6707	6734	-112	2252	10082
2011-06-28	6734	6731	6747	6720	6738	6734	4	3672	9734
2011-06-29	6734	6816	6868	6802	6843	6834	109	2232	10044
2011-06-30	6834	6837	6870	6810	6869	6839	35	2200	10526
2011-07-01	6839	6818	6888	6811	6866	6842	27	3130	11900
2011-07-04	6842	6914	7005	6909	7000	6968	158	4570	14140
2011-07-05	6968	7000	7021	6981	7015	7007	47	3628	15618
2011-07-06	7007	7012	7024	6975	6994	7008	-13	4230	17024
2011-07-07	7008	7002	7054	7001	7048	7032	40	5510	17824
2011-07-08	7032	7130	7170	7084	7090	7135	58	4284	18570
2011-07-11	7135	7081	7156	7071	7078	7118	-57	4740	19642
2011-07-12	7118	7092	7114	7049	7113	7080	-5	4730	20662
2011-07-13	7080	7191	7279	7186	7279	7227	199	8414	23314
2011-07-14	7227	7213	7242	7192	7197	7219	-30	7458	25574
2011-07-15	7219	7120	7173	7113	7164	7141	-55	3524	26674
2011-07-18	7141	7155	7194	7134	7152	7168	11	6148	28680
2011-07-19	7168	7180	7253	7179	7252	7238	84	12260	33986
2011-07-20	7238	7233	7251	7160	7183	7192	-55	8344	36112
2011-07-21	7192	7198	7255	7192	7248	7231	56	6466	37910
2011-07-22	7231	7291	7294	7216	7285	7260	54	6590	39958
2011-07-25	7260	7330	7372	7330	7354	7358	94	5556	41534
2011-07-26	7358	7328	7437	7328	7434	7374	76	5236	42158
2011-07-27	7374	7428	7446	7372	7403	7405	29	3708	42872
2011-07-28	7405	7381	7414	7360	7365	7393	-40	5274	44024
2011-07-29	7393	7300	7328	7211	7217	7281	-176	6564	43186
2011-08-01	7281	7260	7314	7252	7309	7289	28	4264	44662
2011-08-02	7289	7250	7253	7180	7206	7213	-83	6180	44960
2011-08-03	7213	7163	7226	7153	7205	7193	-8	6302	46704
2011-08-04	7193	7170	7194	7158	7170	7178	-23	6438	49108
2011-08-05	7178	7148	7165	7035	7101	7103	-77	10456	49514
2011-08-08	7103	7097	7180	7072	7134	7127	31	10554	50558
2011-08-09	7127	7000	7113	6950	7110	7010	-17	18414	51232
2011-08-10	7010	7160	7224	7159	7224	7186	214	19346	58852
2011-08-11	7186	7200	7270	7189	7260	7231	74	11208	60098
2011-08-12	7231	7280	7303	7221	7239	7253	8	10318	60414
2011-08-15	7253	7270	7297	7150	7151	7204	-102	7572	60092
2011-08-16	7204	7145	7202	7102	7105	7164	-99	9578	61922
2011-08-17	7164	7147	7200	7120	7181	7169	17	7970	62876
2011-08-18	7169	7252	7283	7199	7216	7235	47	9034	62852
2011-08-19	7235	7190	7190	7100	7153	7153	-82	12098	61370
2011-08-22	7153	7205	7253	7153	7155	7219	2	10548	60156
2011-08-23	7219	7200	7222	7133	7212	7190	-7	8914	62180
2011-08-24	7190	7226	7226	7175	7192	7192	2	5712	62350
2011-08-25	7192	7150	7150	7059	7070	7092	-122	15894	62898
2011-08-26	7092	7089	7152	7070	7152	7113	60	6414	64406
2011-08-29	7113	7175	7231	7140	7220	7184	107	11402	66368
2011-08-30	7184	7216	7294	7205	7226	7256	42	16646	68798
2011-08-31	7256	7226	7236	7195	7212	7212	-44	9738	69184
2011-09-01	7212	7212	7266	7172	7174	7223	-38	19390	66688
2011-09-02	7223	7175	7184	7067	7070	7117	-153	15398	65714
2011-09-05	7117	7050	7050	6965	6986	7005	-131	15094	66326
2011-09-06	7005	7000	7003	6890	6946	6941	-59	20058	66172
2011-09-07	6941	6927	6995	6910	6989	6955	48	14428	66526
2011-09-08	6955	6993	7013	6914	6916	6972	-39	11958	67156
2011-09-09	6972	6925	6949	6895	6929	6917	-43	10458	66964
2011-09-13	6917	6958	6974	6917	6936	6941	19	7606	67528
2011-09-14	6941	6917	6921	6752	6754	6818	-187	19586	67680
2011-09-15	6818	6799	6815	6734	6790	6779	-28	9788	67606
2011-09-16	6779	6789	6868	6716	6863	6779	84	11624	68314
2011-09-19	6779	6725	6778	6672	6708	6719	-71	13562	68580
2011-09-20	6719	6720	6769	6712	6750	6744	31	9038	69002
2011-09-21	6744	6740	6847	6733	6827	6805	83	12382	68320
2011-09-22	6805	6740	6767	6691	6736	6734	-69	19014	69858
2011-09-23	6734	6570	6697	6530	6619	6611	-115	25160	70930
2011-09-26	6611	6592	6641	6505	6526	6575	-85	21254	71862
2011-09-27	6575	6614	6712	6589	6694	6674	119	32486	77216
2011-09-28	6674	6698	6742	6651	6687	6690	13	15520	79424
2011-09-29	6690	6590	6641	6505	6626	6585	-64	25098	77362
2011-09-30	6585	6746	6779	6675	6761	6737	176	18238	77396
2011-10-10	6737	6748	6786	6728	6759	6759	22	16184	82584
2011-10-11	6759	6840	6849	6749	6759	6803	0	14060	83004
2011-10-12	6803	6748	6794	6721	6773	6763	-30	16300	81982
2011-10-13	6763	6761	6767	6658	6687	6690	-76	27064	87594
2011-10-14	6690	6739	6825	6722	6819	6765	129	31006	87450
2011-10-17	6765	6865	6890	6833	6841	6858	76	18768	89062
2011-10-18	6858	6828	6845	6785	6791	6814	-67	25700	89440
2011-10-19	6814	6826	6930	6815	6834	6876	20	45500	88558
2011-10-20	6876	6730	6736	6519	6564	6585	-312	75154	83704
2011-10-21	6585	6586	6661	6586	6612	6619	27	41152	85770
2011-10-24	6619	6650	6820	6405	6699	6569	80	92938	87554
2011-10-25	6569	6738	6864	6679	6828	6779	259	81402	93480
2011-10-26	6779	6770	6883	6770	6868	6830	89	43924	91344
2011-10-27	6830	6828	6880	6805	6846	6843	16	36846	92136
2011-10-28	6843	6930	6942	6830	6830	6880	-13	36890	90670
2011-10-31	6880	6792	6820	6721	6739	6769	-141	31866	91374
2011-11-01	6769	6730	6813	6701	6754	6761	-15	38264	88820
2011-11-02	6761	6700	6809	6697	6802	6745	41	59184	94246
2011-11-03	6745	6765	6812	6762	6776	6781	31	36436	93164
2011-11-04	6781	6820	6845	6769	6805	6811	24	31356	94646
2011-11-07	6811	6792	6798	6754	6781	6780	-30	28188	97798
2011-11-08	6780	6771	6783	6710	6740	6742	-40	33544	98068
2011-11-09	6742	6800	6807	6760	6770	6784	28	19426	96506
2011-11-10	6784	6690	6691	6600	6636	6645	-148	44130	102442
2011-11-11	6645	6661	6700	6651	6683	6674	38	22466	101564
2011-11-14	6674	6681	6751	6624	6676	6672	2	62986	108520
2011-11-15	6672	6603	6626	6561	6569	6592	-103	109510	140178
2011-11-16	6592	6585	6593	6461	6473	6503	-119	265028	217214
2011-11-17	6503	6488	6547	6463	6526	6510	23	132486	208760
2011-11-18	6510	6402	6489	6402	6483	6461	-27	136974	217252
2011-11-21	6461	6453	6459	6350	6366	6385	-95	161984	246336
2011-11-22	6385	6365	6396	6307	6386	6354	1	256584	249478
2011-11-23	6354	6324	6356	6310	6319	6332	-35	212440	272442
2011-11-24	6332	6300	6333	6230	6323	6292	-9	229508	282818
2011-11-25	6292	6300	6338	6252	6253	6297	-39	152454	282162
2011-11-28	6297	6291	6335	6270	6305	6302	8	183470	279676
2011-11-29	6302	6309	6328	6289	6324	6310	22	106570	280256
2011-11-30	6310	6351	6355	6254	6258	6306	-52	117894	293776
2011-12-01	6306	6400	6490	6350	6377	6392	71	169924	279778
2011-12-02	6392	6365	6379	6342	6363	6361	-29	92132	283272
2011-12-05	6361	6365	6412	6328	6407	6382	46	174184	289058
2011-12-06	6382	6421	6435	6381	6405	6409	23	135134	295674
2011-12-07	6409	6420	6427	6330	6345	6371	-64	201236	321000
2011-12-08	6371	6266	6299	6216	6275	6258	-96	268886	336644
2011-12-09	6258	6303	6305	6255	6257	6279	-1	181658	317308
2011-12-12	6279	6243	6243	6125	6130	6171	-149	213332	337778
2011-12-13	6171	6101	6140	6089	6092	6113	-79	179960	346134
2011-12-14	6113	6099	6133	6060	6128	6107	15	236022	362210
2011-12-15	6107	6040	6145	6022	6144	6112	37	344644	379606
2011-12-16	6112	6136	6203	6115	6202	6154	90	214332	375580
2011-12-19	6154	6214	6214	6154	6184	6184	30	215830	381770
2011-12-20	6184	6180	6191	6112	6132	6141	-52	350710	405018
2011-12-21	6141	6171	6175	6078	6085	6122	-56	431900	443066
2011-12-22	6122	6070	6165	6070	6161	6131	39	444502	436588
2011-12-23	6131	6166	6210	6133	6172	6169	41	481270	445828
2011-12-26	6169	6180	6180	6090	6101	6113	-68	579520	478864
2011-12-27	6113	6102	6126	6091	6103	6112	-10	397370	486296
2011-12-28	6112	6113	6118	6060	6063	6089	-49	567690	519778
2011-12-29	6089	6016	6061	6002	6016	6026	-73	639696	549426
2011-12-30	6026	6050	6052	5899	5930	5967	-96	1015122	514444
2012-01-04	5967	6020	6066	5990	6036	6031	69	854644	519132
2012-01-05	6031	6080	6319	6079	6271	6231	240	1556444	497814
2012-01-06	6231	6200	6233	6178	6225	6206	-6	768872	476218
2012-01-09	6206	6208	6290	6206	6242	6244	36	561064	478444
2012-01-10	6244	6250	6407	6241	6393	6334	149	1070192	558278
2012-01-11	6334	6393	6399	6361	6384	6377	50	505412	508734
2012-01-12	6377	6415	6450	6366	6437	6410	60	833096	533438
2012-01-13	6410	6418	6430	6366	6421	6403	11	563718	524074
2012-01-16	6403	6410	6445	6379	6435	6414	32	592918	504472
2012-01-17	6414	6439	6488	6380	6453	6424	39	916870	508552
2012-01-18	6424	6430	6482	6425	6460	6456	36	526226	495396
2012-01-19	6456	6470	6480	6458	6474	6472	18	295598	461904
2012-01-20	6472	6501	6591	6475	6586	6538	114	611178	434434
2012-01-30	6538	6509	6539	6489	6520	6518	-18	386790	451026
2012-01-31	6518	6496	6558	6475	6534	6520	16	658626	525134
2012-02-01	6520	6521	6533	6495	6507	6514	-13	474448	529732
2012-02-02	6514	6518	6554	6501	6524	6528	10	596588	534200
2012-02-03	6528	6517	6538	6501	6529	6521	1	424500	534706
2012-02-06	6521	6542	6578	6536	6567	6559	46	557238	543982
2012-02-07	6559	6588	6600	6550	6569	6577	10	579408	566710
2012-02-08	6577	6571	6615	6550	6614	6579	37	553158	574454
2012-02-09	6579	6623	6675	6612	6631	6647	52	815768	537032
2012-02-10	6647	6620	6649	6615	6636	6633	-11	343202	522274
2012-02-13	6633	6647	6666	6636	6649	6653	16	351334	512334
2012-02-14	6653	6633	6660	6607	6616	6627	-37	433716	545760
2012-02-15	6627	6608	6626	6598	6619	6613	-8	326202	536360
2012-02-16	6613	6624	6635	6556	6571	6589	-42	632044	545308
2012-02-17	6589	6600	6606	6574	6600	6593	11	424214	540916
2012-02-20	6593	6639	6647	6620	6626	6632	33	311506	518692
2012-02-21	6632	6631	6643	6592	6639	6618	7	469806	527500
2012-02-22	6618	6680	6680	6641	6643	6657	25	343588	511544
2012-02-23	6657	6655	6662	6619	6636	6641	-21	354572	502968
2012-02-24	6641	6631	6660	6627	6641	6642	0	238638	490276
2012-02-27	6642	6653	6705	6648	6684	6684	42	437584	494082
2012-02-28	6684	6702	6710	6676	6686	6691	2	290052	493964
2012-02-29	6691	6675	6680	6652	6675	6669	-16	280922	472554
2012-03-01	6669	6651	6657	6633	6644	6646	-25	286650	467916
2012-03-02	6646	6650	6659	6642	6654	6652	8	151060	456588
2012-03-05	6652	6653	6654	6606	6621	6625	-31	364330	490102
2012-03-06	6625	6611	6622	6592	6614	6609	-11	272414	497416
2012-03-07	6609	6580	6598	6576	6594	6588	-15	227500	506434
2012-03-08	6588	6593	6620	6583	6590	6600	2	291722	484944
2012-03-09	6600	6600	6632	6594	6630	6618	30	294014	456496
2012-03-12	6618	6610	6620	6608	6616	6614	-2	152444	445286
2012-03-13	6614	6620	6664	6620	6650	6645	36	255158	429164
2012-03-14	6645	6660	6666	6611	6624	6643	-21	230288	410074
2012-03-15	6643	6626	6675	6626	6658	6656	15	311022	412316
2012-03-16	6656	6706	6719	6666	6670	6686	14	242040	400002
2012-03-19	6686	6675	6680	6656	6657	6664	-29	130896	408288
2012-03-20	6664	6669	6685	6651	6666	6667	2	198248	405050
2012-03-21	6667	6654	6657	6605	6609	6627	-58	408262	467748
2012-03-22	6627	6611	6620	6595	6614	6609	-13	246538	462994
2012-03-23	6609	6631	6641	6620	6637	6632	28	172808	441416
2012-03-26	6632	6625	6659	6625	6635	6643	3	174060	435536
2012-03-27	6643	6620	6630	6596	6626	6614	-17	251356	449910
2012-03-28	6614	6626	6648	6612	6644	6630	30	190216	448852
2012-03-29	6630	6640	6655	6621	6652	6638	22	261130	443660
2012-03-30	6638	6660	6660	6636	6648	6647	10	123220	419000
2012-04-05	6647	6632	6697	6632	6686	6676	39	244796	437078
2012-04-06	6676	6690	6700	6666	6699	6684	23	203606	438752
2012-04-09	6684	6710	6843	6705	6816	6801	132	855050	508582
2012-04-10	6801	6799	6820	6788	6818	6804	17	572504	506786
2012-04-11	6804	6776	6802	6750	6792	6786	-12	503226	507812
2012-04-12	6786	6804	6862	6778	6786	6811	0	722822	507850
2012-04-13	6811	6805	6818	6780	6782	6800	-29	371356	499232
2012-04-16	6800	6740	6756	6721	6738	6739	-62	365968	488984
2012-04-17	6739	6720	6720	6681	6697	6700	-42	361368	483036
2012-04-18	6700	6720	6720	6666	6699	6697	-1	350446	476872
2012-04-19	6697	6659	6668	6635	6651	6649	-46	328128	475106
2012-04-20	6649	6637	6655	6616	6652	6637	3	367732	494326
2012-04-23	6637	6640	6655	6596	6616	6617	-21	338896	503536
2012-04-24	6617	6624	6628	6579	6592	6602	-25	300058	499178
2012-04-25	6602	6600	6625	6592	6624	6614	22	214672	504232
2012-04-26	6614	6627	6638	6607	6608	6622	-6	152110	497256
2012-04-27	6622	6585	6587	6554	6555	6568	-67	198896	493840
2012-05-02	6568	6550	6569	6523	6539	6540	-29	231468	494896
2012-05-03	6540	6500	6533	6500	6531	6521	-9	155620	495388
2012-05-04	6521	6540	6550	6527	6546	6540	25	102962	486504
2012-05-07	6540	6539	6554	6522	6541	6538	1	80704	482044
2012-05-08	6538	6553	6560	6503	6512	6532	-26	140110	484886
2012-05-09	6532	6480	6486	6445	6445	6467	-87	119470	476704
2012-05-10	6467	6465	6475	6436	6440	6459	-27	87030	470946
2012-05-11	6459	6429	6437	6329	6332	6377	-127	206002	451848
2012-05-14	6377	6335	6364	6259	6265	6310	-112	199932	439812
2012-05-15	6310	6280	6328	6273	6325	6305	15	125904	422436
2012-05-16	6305	6310	6320	6196	6201	6250	-104	141480	424376
2012-05-17	6250	6260	6314	6250	6299	6279	49	131324	418388
2012-05-18	6279	6280	6315	6231	6280	6281	1	163054	417822
2012-05-21	6281	6288	6337	6250	6318	6299	37	146698	415050
2012-05-22	6299	6298	6312	6277	6288	6292	-11	86988	417102
2012-05-23	6292	6201	6223	6150	6189	6189	-103	153882	418758
2012-05-24	6189	6190	6229	6175	6226	6196	37	97866	417674
2012-05-25	6196	6225	6227	6175	6205	6202	9	79734	415820
2012-05-28	6202	6210	6218	6172	6178	6189	-24	80328	409966
2012-05-29	6189	6171	6216	6134	6212	6180	23	96852	402884
2012-05-30	6180	6179	6240	6166	6203	6204	23	101178	398994
2012-05-31	6204	6170	6225	6170	6205	6210	1	87380	399352
2012-06-01	6210	6195	6215	6111	6113	6158	-97	113962	401154
2012-06-04	6158	6080	6097	6009	6031	6043	-127	137086	380912
2012-06-06	6066	6066	6080	6008	6012	6041	-54	104884	365528
2012-06-07	6041	6101	6154	6087	6113	6116	72	115540	352760
2012-06-08	6116	6090	6107	6016	6042	6056	-74	75754	348430
2012-06-11	6056	6098	6116	6021	6080	6065	24	103432	349226
2012-06-12	6065	6050	6070	6030	6041	6048	-24	68278	350004
2012-06-13	6048	6020	6022	5890	5930	5944	-118	127252	346562
2012-06-14	5944	5902	5945	5880	5894	5911	-50	75144	338108
2012-06-15	5911	5910	5928	5877	5896	5898	-15	70810	330966
2012-06-18	5898	5970	5970	5844	5847	5888	-51	144804	328474
2012-06-19	5888	5847	5847	5771	5803	5810	-85	186520	321776
2012-06-20	5810	5860	5868	5820	5839	5839	29	116872	301664
2012-06-21	5839	5814	5881	5810	5856	5845	17	139522	273988
2012-06-25	5845	5798	5861	5780	5855	5836	10	71524	259520
2012-06-26	5836	5856	6000	5856	5953	5949	117	166516	261542
2012-06-27	5949	5975	6005	5943	5947	5976	-2	85618	259628
2012-06-28	5976	5998	6009	5969	5972	5988	-4	47864	254500
2012-06-29	5988	5959	5959	5904	5945	5929	-43	69730	257256
2012-07-02	5929	5990	5990	5923	5945	5950	16	37404	258520
2012-07-03	5950	5955	6011	5950	5999	5982	49	58348	247354
2012-07-04	5982	6020	6058	6017	6053	6040	71	49150	233440
2012-07-05	6040	6040	6098	6030	6097	6060	57	52088	216842
2012-07-06	6060	6083	6086	6041	6057	6055	-3	31166	207922
2012-07-09	6055	6041	6080	5990	6058	6044	3	32634	201088
2012-07-10	6044	6065	6080	6048	6054	6067	10	26840	191664
2012-07-11	6067	6049	6070	6035	6054	6055	-13	23600	184608
2012-07-12	6055	6066	6102	6057	6081	6081	26	34386	172046
2012-07-13	6081	6057	6081	6050	6074	6061	-7	13952	169354
2012-07-16	6061	6080	6108	6043	6044	6062	-17	27814	163852
2012-07-17	6062	6038	6060	5953	5957	5996	-105	37632	157682
2012-07-18	5996	5965	5972	5915	5955	5943	-41	25720	147562
2012-07-19	5943	5972	5985	5938	5966	5961	23	21210	144522
2012-07-20	5961	5973	5991	5951	5965	5972	4	26796	136276
2012-07-23	5972	5969	6016	5939	5950	5967	-22	28232	129556
2012-07-24	5967	5921	5938	5740	5888	5889	-79	26386	123842
2012-07-25	5889	5855	5890	5846	5864	5871	-25	21416	116070
2012-07-26	5871	5874	5882	5710	5713	5785	-158	28432	114124
2012-07-27	5785	5660	5682	5640	5663	5666	-122	25306	105438
2012-07-30	5666	5670	5700	5624	5630	5657	-36	22530	101486
2012-07-31	5657	5644	5651	5604	5640	5632	-17	19848	93172
2012-08-01	5632	5628	5680	5621	5667	5662	35	16108	84682
2012-08-02	5662	5655	5672	5606	5620	5633	-42	11910	80808
2012-08-03	5633	5603	5623	5587	5613	5611	-20	12502	75444
2012-08-06	5611	5648	5661	5602	5637	5623	26	7096	71642
2012-08-07	5623	5629	5639	5586	5596	5611	-27	11954	69352
2012-08-08	5611	5571	5627	5564	5618	5602	7	10708	62708
2012-08-09	5602	5615	5734	5610	5733	5687	131	18506	51854
2012-08-10	5687	5733	5744	5706	5722	5728	35	13738	46122
2012-08-13	5728	5730	5730	5641	5644	5671	-84	8610	42574
2012-08-14	5671	5603	5620	5571	5593	5597	-78	8748	38438
2012-08-15	5597	5580	5821	5580	5821	5690	224	10058	33042
2012-08-16	5690	5866	6032	5866	5999	5983	309	29624	31818
2012-08-17	5983	5990	5990	5800	5870	5882	-113	20986	28926
2012-08-20	5882	5851	5942	5851	5939	5908	57	3874	28168
2012-08-21	5908	5950	6048	5934	5970	5992	62	4388	25608
2012-08-22	5992	5970	6005	5943	5954	5973	-38	2504	24552
2012-08-23	5973	5986	6040	5885	5915	5966	-58	6414	22928
2012-08-24	5966	5884	5900	5783	5889	5836	-77	1580	22938
2012-08-27	5836	5901	5922	5866	5915	5913	79	878	22800
2012-08-28	5913	5916	5929	5833	5837	5901	-76	3804	21890
2012-08-29	5901	5846	5857	5708	5741	5775	-160	2360	20184
2012-08-30	5775	5603	5923	5603	5832	5827	57	2474	18392
2012-08-31	5827	5804	5920	5802	5920	5831	93	1398	17384
2012-09-03	5831	5880	5933	5860	5860	5874	29	1922	15536
2012-09-04	5874	5875	5904	5861	5887	5881	13	910	14812
2012-09-05	5881	5815	5910	5815	5900	5885	19	516	14348
2012-09-06	5885	5890	5930	5890	5930	5906	45	1564	13688
2012-09-07	5906	5900	5935	5900	5930	5916	24	1100	13658
2012-09-10	5916	5920	5920	5885	5915	5904	-1	3466	11006
2012-09-11	5904	5901	5915	5892	5908	5904	4	5948	5956
2012-09-12	5904	5900	5910	5900	5904	5905	0	366	5888
2012-09-13	5905	5855	5855	5674	5759	5781	-146	128	5884
2012-09-14	5781	5712	5830	5712	5830	5781	49	156	0
