2011-05-17	2469	2470	2475	2470	2475	2472	3	4	4
2011-05-18	2472	2473	2473	2473	2473	2473	1	2	4
2011-05-19	2473	-	-	-	2473	2473	0	0	4
2011-05-20	2473	-	-	-	2473	2473	0	0	4
2011-05-23	2473	-	-	-	2473	2473	0	0	4
2011-05-24	2473	-	-	-	2473	2473	0	0	4
2011-05-25	2473	-	-	-	2473	2473	0	0	4
2011-05-26	2473	-	-	-	2473	2473	0	0	4
2011-05-27	2473	-	-	-	2473	2473	0	0	4
2011-05-30	2473	-	-	-	2473	2473	0	0	4
2011-05-31	2473	-	-	-	2473	2473	0	0	4
2011-06-01	2473	-	-	-	2473	2473	0	0	4
2011-06-02	2473	-	-	-	2473	2473	0	0	4
2011-06-03	2473	-	-	-	2473	2473	0	0	4
2011-06-07	2473	-	-	-	2473	2473	0	0	4
2011-06-08	2473	-	-	-	2473	2473	0	0	4
2011-06-09	2473	-	-	-	2473	2473	0	0	4
2011-06-10	2473	-	-	-	2473	2473	0	0	4
2011-06-13	2473	-	-	-	2473	2473	0	0	4
2011-06-14	2473	-	-	-	2473	2473	0	0	4
2011-06-15	2473	-	-	-	2473	2473	0	0	4
2011-06-16	2473	-	-	-	2473	2473	0	0	4
2011-06-17	2473	-	-	-	2473	2473	0	0	4
2011-06-20	2473	-	-	-	2473	2473	0	0	4
2011-06-21	2473	-	-	-	2473	2473	0	0	4
2011-06-22	2473	-	-	-	2473	2473	0	0	4
2011-06-23	2473	-	-	-	2473	2473	0	0	4
2011-06-24	2473	-	-	-	2473	2473	0	0	4
2011-06-27	2473	-	-	-	2473	2473	0	0	4
2011-06-28	2473	-	-	-	2473	2473	0	0	4
2011-06-29	2473	-	-	-	2473	2473	0	0	4
2011-06-30	2473	-	-	-	2473	2473	0	0	4
2011-07-01	2473	-	-	-	2473	2473	0	0	4
2011-07-04	2473	-	-	-	2473	2473	0	0	4
2011-07-05	2473	-	-	-	2473	2473	0	0	4
2011-07-06	2473	-	-	-	2473	2473	0	0	4
2011-07-07	2473	-	-	-	2473	2473	0	0	4
2011-07-08	2473	-	-	-	2473	2473	0	0	4
2011-07-11	2473	-	-	-	2473	2473	0	0	4
2011-07-12	2473	-	-	-	2473	2473	0	0	4
2011-07-13	2473	2410	2410	2410	2410	2410	-63	2	2
2011-07-14	2410	-	-	-	2410	2410	0	0	2
2011-07-15	2410	-	-	-	2410	2410	0	0	2
2011-07-18	2410	-	-	-	2410	2410	0	0	2
2011-07-19	2410	-	-	-	2410	2410	0	0	2
2011-07-20	2410	2335	2335	2335	2335	2335	-75	2	2
2011-07-21	2335	-	-	-	2335	2335	0	0	2
2011-07-22	2335	-	-	-	2335	2335	0	0	2
2011-07-25	2335	-	-	-	2335	2335	0	0	2
2011-07-26	2335	-	-	-	2335	2335	0	0	2
2011-07-27	2335	2399	2399	2399	2399	2399	64	2	2
2011-07-28	2399	-	-	-	2399	2399	0	0	2
2011-07-29	2399	-	-	-	2399	2399	0	0	2
2011-08-01	2399	-	-	-	2399	2399	0	0	2
2011-08-02	2399	-	-	-	2399	2399	0	0	2
2011-08-03	2399	-	-	-	2399	2399	0	0	2
2011-08-04	2399	2416	2416	2416	2416	2416	17	2	2
2011-08-05	2416	2417	2417	2417	2417	2417	1	2	2
2011-08-08	2417	-	-	-	2417	2417	0	0	2
2011-08-09	2417	-	-	-	2417	2417	0	0	2
2011-08-10	2417	-	-	-	2417	2417	0	0	2
2011-08-11	2417	-	-	-	2417	2417	0	0	2
2011-08-12	2417	2352	2430	2352	2430	2391	-26	4	2
2011-08-15	2391	-	-	-	2391	2391	0	0	2
2011-08-16	2391	2432	2432	2359	2359	2395	4	4	2
2011-08-17	2395	-	-	-	2395	2395	0	0	2
2011-08-18	2395	-	-	-	2395	2395	0	0	2
2011-08-19	2395	-	-	-	2395	2395	0	0	2
2011-08-22	2395	-	-	-	2395	2395	0	0	2
2011-08-23	2395	2300	2310	2300	2310	2305	-90	4	4
2011-08-24	2305	2328	2328	2251	2251	2289	-16	4	6
2011-08-25	2289	2251	2298	2205	2290	2260	-29	26	18
2011-08-26	2260	-	-	-	2260	2260	0	0	18
2011-08-29	2260	-	-	-	2260	2260	0	0	18
2011-08-30	2260	-	-	-	2260	2260	0	0	18
2011-08-31	2260	2310	2310	2310	2310	2310	50	2	18
2011-09-01	2310	-	-	-	2310	2310	0	0	18
2011-09-02	2310	-	-	-	2310	2310	0	0	18
2011-09-05	2310	-	-	-	2310	2310	0	0	18
2011-09-06	2310	2335	2335	2332	2332	2333	23	4	22
2011-09-07	2333	2391	2391	2337	2337	2371	38	46	28
2011-09-08	2371	-	-	-	2371	2371	0	0	28
2011-09-09	2371	2368	2368	2345	2345	2353	-18	8	32
2011-09-13	2353	2349	2349	2318	2329	2329	-24	24	48
2011-09-14	2329	2329	2331	2315	2323	2323	-6	30	66
2011-09-15	2323	2335	2339	2328	2330	2332	9	66	124
2011-09-16	2332	2340	2342	2328	2342	2335	3	74	180
2011-09-19	2335	2333	2334	2323	2323	2328	-7	32	196
2011-09-20	2328	2316	2323	2308	2317	2311	-17	90	216
2011-09-21	2311	2312	2340	2312	2334	2330	19	242	406
2011-09-22	2330	2316	2316	2282	2282	2303	-27	296	536
2011-09-23	2303	2256	2265	2229	2230	2251	-52	202	624
2011-09-26	2251	2237	2237	2152	2165	2195	-56	110	620
2011-09-27	2195	2192	2195	2185	2186	2191	-4	48	640
2011-09-28	2191	2186	2194	2155	2168	2168	-23	150	696
2011-09-29	2168	2064	2099	2064	2089	2089	-79	100	654
2011-09-30	2089	2222	2222	2091	2105	2115	26	166	618
2011-10-10	2115	2130	2135	2115	2119	2127	12	44	622
2011-10-11	2127	2128	2142	2116	2116	2128	1	30	632
2011-10-12	2128	2083	2128	2083	2119	2112	-16	62	614
2011-10-13	2112	-	-	-	2112	2112	0	0	614
2011-10-14	2112	2118	2128	2115	2120	2120	8	52	610
2011-10-17	2120	2135	2135	2067	2075	2103	-17	254	526
2011-10-18	2103	2061	2063	2021	2021	2036	-67	222	450
2011-10-19	2036	2030	2034	1997	2006	2012	-24	84	456
2011-10-20	2012	1998	1998	1912	1917	1929	-83	190	438
2011-10-21	1929	1919	1950	1919	1940	1936	7	82	456
2011-10-24	1936	1956	2004	1930	1990	1969	33	74	460
2011-10-25	1969	1991	2023	1977	1990	1998	29	154	456
2011-10-26	1998	1988	1999	1980	1991	1991	-7	64	472
2011-10-27	1991	1994	2006	1990	2006	1998	7	32	482
2011-10-28	1998	2097	2097	2003	2013	2016	18	126	508
2011-10-31	2016	1993	2013	1993	2000	2002	-14	78	504
2011-11-01	2002	1992	2013	1988	1990	1998	-4	128	530
2011-11-02	1998	1973	1989	1961	1989	1975	-23	270	570
2011-11-03	1975	1984	1984	1970	1973	1977	2	70	600
2011-11-04	1977	1980	2000	1977	2000	1989	12	284	698
2011-11-07	1989	1987	1999	1987	1992	1994	5	102	684
2011-11-08	1994	2005	2011	1998	2010	2007	13	144	730
2011-11-09	2007	2025	2025	2003	2005	2011	4	234	810
2011-11-10	2011	1970	1988	1939	1972	1975	-36	414	848
2011-11-11	1975	1982	2073	1981	2065	2052	77	3002	1578
2011-11-14	2052	2040	2092	2040	2056	2058	6	1468	1540
2011-11-15	2058	2040	2096	2033	2070	2082	24	2102	2032
2011-11-16	2082	2072	2081	2050	2051	2066	-16	1442	2314
2011-11-17	2066	2052	2073	2047	2064	2062	-4	694	2296
2011-11-18	2062	2060	2060	2039	2052	2050	-12	378	2270
2011-11-21	2050	2052	2066	2019	2032	2039	-11	950	2142
2011-11-22	2039	2025	2034	2021	2033	2025	-14	436	2074
2011-11-23	2025	2028	2034	2014	2014	2025	0	382	2002
2011-11-24	2025	2005	2019	1989	2014	2002	-23	636	1740
2011-11-25	2002	2012	2015	2000	2004	2005	3	210	1668
2011-11-28	2005	2006	2021	1984	1994	1999	-6	988	1812
2011-11-29	1999	1992	2009	1990	2009	1997	-2	506	1820
2011-11-30	1997	2003	2049	1999	2008	2020	23	2612	2506
2011-12-01	2020	2043	2073	2030	2051	2050	30	3728	2176
2011-12-02	2050	2043	2047	2038	2041	2042	-8	1122	2054
2011-12-05	2042	2046	2049	2036	2044	2041	-1	948	2012
2011-12-06	2041	2041	2041	1983	2000	1998	-43	5952	3284
2011-12-07	1998	2000	2003	1993	1999	1997	-1	2898	3290
2011-12-08	1997	1988	2000	1976	1990	1990	-7	3860	3804
2011-12-09	1990	1988	2004	1980	1992	1995	5	3454	3620
2011-12-12	1995	1998	1998	1956	1958	1973	-22	5450	5218
2011-12-13	1973	1959	1964	1943	1961	1956	-17	3816	5398
2011-12-14	1956	1958	1960	1941	1949	1950	-6	3496	5662
2011-12-15	1950	1920	1936	1911	1926	1927	-23	3964	5434
2011-12-16	1927	1938	1970	1929	1968	1954	27	6900	4566
2011-12-19	1954	1970	1974	1953	1968	1964	10	5412	4624
2011-12-20	1964	1970	1986	1965	1974	1975	11	6080	4184
2011-12-21	1975	1985	1988	1974	1977	1980	5	3410	4242
2011-12-22	1980	1976	1978	1959	1977	1969	-11	3992	4086
2011-12-23	1969	1977	1978	1968	1969	1972	3	3238	4466
2011-12-26	1972	1972	1980	1951	1956	1966	-6	6248	4746
2011-12-27	1966	1956	1962	1951	1956	1958	-8	2290	4556
2011-12-28	1958	1961	1993	1959	1983	1980	22	9040	4170
2011-12-29	1980	1973	1987	1972	1984	1981	1	3214	3808
2011-12-30	1981	1991	2007	1987	2000	1998	17	5146	3886
2012-01-04	1998	2018	2018	1990	1990	2002	4	3578	3796
2012-01-05	2002	1992	1999	1978	1999	1992	-10	2618	3674
2012-01-06	1992	1992	2043	1992	2034	2022	30	13566	4066
2012-01-09	2022	2030	2040	2025	2033	2032	10	3984	4146
2012-01-10	2032	2035	2049	2021	2038	2035	3	7208	4300
2012-01-11	2035	2041	2076	2037	2064	2063	28	15130	5390
2012-01-12	2063	2060	2070	2056	2066	2063	0	5262	5062
2012-01-13	2063	2062	2086	2040	2041	2063	0	8654	4718
2012-01-16	2063	2030	2052	2024	2045	2040	-23	4584	4360
2012-01-17	2040	2050	2076	2041	2065	2061	21	6068	3922
2012-01-18	2061	2071	2078	2056	2064	2068	7	4078	3648
2012-01-19	2068	2068	2094	2062	2072	2075	7	5798	3368
2012-01-20	2075	2073	2082	2068	2071	2075	0	2628	3128
2012-01-30	2075	2074	2118	2070	2088	2098	23	8012	3538
2012-01-31	2098	2094	2103	2086	2095	2096	-2	4914	3894
2012-02-01	2096	2095	2098	2075	2080	2086	-10	3766	3918
2012-02-02	2086	2081	2092	2073	2082	2081	-5	2994	3646
2012-02-03	2081	2080	2091	2072	2084	2083	2	3480	3722
2012-02-06	2083	2095	2122	2087	2111	2110	27	8466	4448
2012-02-07	2110	2111	2121	2091	2092	2106	-4	4610	4396
2012-02-08	2106	2094	2116	2094	2111	2105	-1	4482	4708
2012-02-09	2105	2104	2124	2078	2083	2099	-6	10050	4092
2012-02-10	2099	2088	2094	2071	2075	2083	-16	5432	3720
2012-02-13	2083	2080	2080	2065	2071	2073	-10	3540	3668
2012-02-14	2073	2072	2074	2062	2063	2068	-5	2926	3762
2012-02-15	2068	2066	2076	2059	2060	2068	0	4864	4168
2012-02-16	2068	2052	2063	2036	2045	2050	-18	5152	3802
2012-02-17	2050	2052	2059	2042	2043	2052	2	2760	3874
2012-02-20	2052	2053	2062	2046	2050	2054	2	4356	3966
2012-02-21	2054	2051	2064	2047	2061	2055	1	3716	3866
2012-02-22	2055	2070	2071	2062	2067	2065	10	2122	3774
2012-02-23	2065	2065	2066	2059	2065	2063	-2	1726	3540
2012-02-24	2063	2069	2077	2061	2065	2068	5	3624	3608
2012-02-27	2068	2069	2085	2069	2081	2078	10	2560	3460
2012-02-28	2078	2080	2087	2079	2085	2082	4	1310	3476
2012-02-29	2082	2082	2092	2081	2091	2087	5	1570	3496
2012-03-01	2087	2087	2087	2073	2073	2080	-7	1940	3220
2012-03-02	2080	2081	2098	2075	2090	2089	9	3384	3646
2012-03-05	2089	2088	2093	2066	2066	2074	-15	3028	3774
2012-03-06	2074	2063	2069	2060	2064	2065	-9	1936	3496
2012-03-07	2065	2051	2058	2041	2043	2050	-15	1826	3398
2012-03-08	2050	2045	2057	2045	2053	2052	2	1494	3434
2012-03-09	2052	2054	2070	2053	2066	2062	10	2304	3554
2012-03-12	2062	2068	2069	2051	2054	2057	-5	2224	3654
2012-03-13	2057	2055	2062	2054	2061	2058	1	1682	3590
2012-03-14	2058	2066	2068	2031	2032	2048	-10	3800	3914
2012-03-15	2048	2025	2039	2012	2021	2024	-24	4470	4200
2012-03-16	2024	2030	2031	2010	2018	2020	-4	2794	4264
2012-03-19	2020	2023	2024	1999	2007	2008	-12	2718	4702
2012-03-20	2008	2010	2028	2004	2024	2019	11	5478	4454
2012-03-21	2019	2020	2038	2020	2038	2029	10	4312	4408
2012-03-22	2029	2038	2042	2024	2038	2032	3	3836	4102
2012-03-23	2032	2037	2049	2032	2047	2039	7	2420	3948
2012-03-26	2039	2046	2055	2042	2044	2046	7	1950	4074
2012-03-27	2046	2050	2052	2041	2042	2045	-1	1324	3990
2012-03-28	2045	2040	2040	2025	2027	2032	-13	1402	3802
2012-03-29	2032	2026	2027	2021	2025	2024	-8	938	3664
2012-03-30	2024	2021	2027	2021	2026	2024	0	872	3426
2012-04-05	2024	2021	2023	2013	2020	2018	-6	988	3272
2012-04-06	2018	2012	2019	2007	2009	2011	-7	808	3242
2012-04-09	2011	2011	2011	1998	1999	2004	-7	1114	3202
2012-04-10	2004	1991	2002	1991	2002	1998	-6	1098	2912
2012-04-11	1998	1995	2009	1995	2007	2004	6	1232	2584
2012-04-12	2004	2003	2010	1991	1994	1999	-5	1082	2170
2012-04-13	1999	1999	2000	1979	1980	1985	-14	738	2028
2012-04-16	1985	1979	1979	1965	1968	1969	-16	442	1800
2012-04-17	1969	1968	1970	1952	1954	1959	-10	482	1580
2012-04-18	1959	1950	1957	1939	1939	1946	-13	460	1406
2012-04-19	1946	1923	1940	1909	1909	1919	-27	518	1312
2012-04-20	1919	1905	1915	1890	1891	1904	-15	422	1190
2012-04-23	1904	1889	1889	1843	1857	1860	-44	848	950
2012-04-24	1860	1855	1862	1846	1852	1857	-3	140	848
2012-04-25	1857	1855	1856	1829	1837	1834	-23	218	826
2012-04-26	1834	1830	1846	1830	1846	1837	3	320	674
2012-04-27	1837	1843	1850	1747	1810	1825	-12	394	500
2012-05-02	1825	1808	1808	1808	1808	1808	-17	60	440
2012-05-03	1808	1839	1839	1839	1839	1827	19	40	440
2012-05-04	1827	1835	1836	1835	1836	1835	8	68	380
2012-05-07	1835	1835	1835	1800	1800	1825	-10	40	380
2012-05-08	1825	1840	1840	1840	1840	1840	15	20	380
2012-05-09	1840	-	-	-	1840	1840	0	0	380
2012-05-10	1840	1800	1800	1800	1800	1800	-40	8	380
2012-05-11	1800	1840	1840	1840	1840	1840	40	4	380
2012-05-14	1840	1780	1780	1780	1780	1780	-60	4	380
2012-05-15	1780	-	-	-	1780	1824	44	0	0
