2012-01-18	7145	-	-	-	7145	7145	0	0	0
2012-01-19	7145	-	-	-	7145	7145	0	0	0
2012-01-20	7145	-	-	-	7145	7145	0	0	0
2012-01-30	7145	-	-	-	7145	7145	0	0	0
2012-01-31	7145	7395	7520	7395	7500	7490	345	112	48
2012-02-01	7490	7500	7565	7490	7550	7520	30	70	52
2012-02-02	7520	7575	7575	7490	7530	7505	-15	108	130
2012-02-03	7505	7560	7670	7560	7655	7605	100	62	162
2012-02-06	7605	7695	7700	7655	7655	7680	75	12	166
2012-02-07	7680	7660	7680	7605	7605	7665	-15	18	170
2012-02-08	7665	7655	7680	7635	7680	7650	-15	22	174
2012-02-09	7650	7630	7635	7580	7580	7615	-35	26	180
2012-02-10	7615	7580	7600	7555	7555	7580	-35	28	180
2012-02-13	7580	7595	7610	7595	7595	7600	20	28	186
2012-02-14	7600	7595	7605	7555	7555	7580	-20	18	178
2012-02-15	7580	7565	7565	7500	7500	7525	-55	28	168
2012-02-16	7525	7465	7475	7375	7405	7400	-125	54	166
2012-02-17	7400	7425	7445	7410	7410	7420	20	36	178
2012-02-20	7420	7475	7475	7360	7370	7395	-25	32	184
2012-02-21	7395	7410	7455	7380	7455	7415	20	34	198
2012-02-22	7415	7460	7475	7445	7475	7455	40	28	204
2012-02-23	7455	7445	7470	7435	7435	7450	-5	30	216
2012-02-24	7450	7480	7480	7415	7425	7440	-10	44	196
2012-02-27	7440	7465	7510	7465	7510	7485	45	24	194
2012-02-28	7485	7455	7520	7455	7520	7490	5	18	198
2012-02-29	7490	7520	7520	7510	7515	7515	25	16	198
2012-03-01	7515	7490	7595	7490	7545	7550	35	66	212
2012-03-02	7550	7590	7615	7585	7615	7600	50	66	214
2012-03-05	7600	7565	7575	7560	7560	7565	-35	34	228
2012-03-06	7565	7550	7575	7520	7520	7540	-25	38	224
2012-03-07	7540	7470	7510	7455	7455	7480	-60	62	216
2012-03-08	7480	7480	7495	7445	7445	7465	-15	50	214
2012-03-09	7465	7490	7550	7475	7550	7515	50	46	228
2012-03-12	7515	7535	7565	7525	7565	7540	25	66	240
2012-03-13	7540	7555	7595	7550	7590	7570	30	26	246
2012-03-14	7570	7590	7610	7520	7520	7555	-15	126	176
2012-03-15	7555	7485	7525	7470	7505	7490	-65	82	192
2012-03-16	7490	7510	7510	7360	7360	7430	-60	62	186
2012-03-19	7430	7365	7365	7300	7330	7320	-110	56	194
2012-03-20	7320	7370	7380	7310	7360	7345	25	96	214
2012-03-21	7345	7330	7370	7330	7370	7350	5	42	242
2012-03-22	7350	7375	7385	7350	7385	7360	10	66	296
2012-03-23	7360	7360	7360	7335	7355	7345	-15	46	304
2012-03-26	7345	7360	7395	7360	7385	7385	40	92	382
2012-03-27	7385	7410	7420	7365	7365	7390	5	96	412
2012-03-28	7390	7330	7330	7260	7260	7290	-100	208	500
2012-03-29	7290	7260	7290	7190	7200	7230	-60	294	666
2012-03-30	7230	7105	7220	7105	7185	7205	-25	316	688
2012-04-05	7205	7185	7260	7165	7260	7200	-5	72	688
2012-04-06	7200	7295	7300	7240	7300	7265	65	154	754
2012-04-09	7265	7300	7300	7250	7255	7265	0	464	1010
2012-04-10	7265	7260	7300	7255	7285	7275	10	234	1046
2012-04-11	7275	7250	7265	7220	7250	7240	-35	150	1084
2012-04-12	7240	7275	7320	7270	7320	7290	50	312	1224
2012-04-13	7290	7320	7340	7280	7285	7295	5	296	1278
2012-04-16	7295	7245	7285	7245	7270	7260	-35	170	1310
2012-04-17	7260	7260	7265	7230	7235	7250	-10	126	1292
2012-04-18	7250	7255	7280	7245	7275	7265	15	182	1412
2012-04-19	7265	7245	7280	7245	7280	7265	0	56	1412
2012-04-20	7265	7280	7305	7280	7285	7295	30	314	1628
2012-04-23	7295	7255	7295	7240	7250	7265	-30	150	1610
2012-04-24	7265	7205	7270	7205	7240	7245	-20	460	1458
2012-04-25	7245	7235	7245	7220	7230	7235	-10	62	1456
2012-04-26	7235	7245	7260	7240	7255	7245	10	308	1666
2012-04-27	7245	7260	7265	7240	7250	7245	0	82	1670
2012-05-02	7245	7270	7280	7255	7265	7270	25	200	1772
2012-05-03	7270	7240	7265	7185	7200	7230	-40	386	1804
2012-05-04	7230	7200	7210	7185	7210	7200	-30	410	1864
2012-05-07	7200	7050	7160	7050	7140	7135	-65	446	1938
2012-05-08	7135	7155	7155	7100	7110	7125	-10	192	1938
2012-05-09	7125	7125	7125	7080	7090	7085	-40	616	2144
2012-05-10	7085	7100	7105	7070	7100	7085	0	408	2288
2012-05-11	7085	7100	7100	6985	6995	7030	-55	436	2302
2012-05-14	7030	6975	7010	6920	6935	6965	-65	660	2258
2012-05-15	6965	6905	6955	6875	6955	6910	-55	974	2680
2012-05-16	6910	6925	6940	6895	6900	6920	10	464	2700
2012-05-17	6920	6930	6955	6910	6945	6935	15	722	3046
2012-05-18	6935	6925	6930	6820	6840	6880	-55	720	2930
2012-05-21	6880	6800	6920	6800	6890	6890	10	430	3028
2012-05-22	6890	6935	6950	6875	6890	6910	20	250	3024
2012-05-23	6910	6845	6925	6765	6805	6810	-100	1698	2932
2012-05-24	6810	6795	6835	6765	6830	6795	-15	1996	4140
2012-05-25	6795	6825	6825	6755	6785	6785	-10	1712	4914
2012-05-28	6785	6795	6820	6770	6810	6795	10	1668	5626
2012-05-29	6795	6795	6870	6785	6870	6830	35	2236	7146
2012-05-30	6830	6830	6885	6830	6865	6855	25	1760	8052
2012-05-31	6855	6805	6850	6775	6815	6815	-40	2078	8804
2012-06-01	6815	6780	6825	6780	6780	6795	-20	2890	9820
2012-06-04	6795	6740	6740	6525	6530	6555	-240	7396	10800
2012-06-05	6555	6600	6680	6575	6610	6625	70	3968	10618
2012-06-06	6625	6630	6670	6550	6600	6610	-15	5028	11658
2012-06-07	6610	6650	6665	6575	6595	6610	0	3424	12630
2012-06-08	6610	6580	6605	6525	6545	6560	-50	3440	13206
2012-06-11	6560	6605	6710	6605	6650	6640	80	4572	13726
2012-06-12	6640	6580	6580	6520	6555	6545	-95	12880	18770
2012-06-13	6545	6565	6610	6535	6610	6570	25	7440	17150
2012-06-14	6570	6590	6665	6570	6625	6620	50	6482	18458
2012-06-15	6620	6660	6680	6625	6665	6650	30	7134	19954
2012-06-18	6650	6690	6725	6680	6690	6700	50	6494	21396
2012-06-19	6700	6680	6710	6640	6645	6675	-25	6192	23010
2012-06-20	6675	6680	6685	6635	6685	6655	-20	7884	23766
2012-06-21	6655	6610	6620	6540	6550	6570	-85	6978	24818
2012-06-25	6570	6550	6600	6475	6540	6555	-15	7348	24776
2012-06-26	6555	6560	6570	6445	6470	6490	-65	12204	29278
2012-06-27	6490	6480	6485	6290	6345	6355	-135	43332	43700
2012-06-28	6355	6360	6385	6340	6380	6365	10	19386	45514
2012-06-29	6365	6330	6450	6325	6445	6395	30	31776	42852
2012-07-02	6395	6550	6560	6445	6515	6490	95	31220	47378
2012-07-03	6490	6505	6700	6490	6640	6620	130	68782	40410
2012-07-04	6620	6680	6685	6580	6640	6640	20	26844	40932
2012-07-05	6640	6640	6700	6620	6690	6665	25	28730	39860
2012-07-06	6665	6675	6735	6665	6730	6695	30	37206	42286
2012-07-09	6695	6700	6715	6615	6640	6660	-35	28582	40484
2012-07-10	6660	6635	6675	6550	6560	6610	-50	35684	45676
2012-07-11	6610	6550	6585	6495	6525	6535	-75	39356	42688
2012-07-12	6535	6560	6575	6510	6530	6540	5	32390	46942
2012-07-13	6540	6540	6600	6480	6600	6535	-5	52936	51734
2012-07-16	6535	6600	6685	6590	6670	6645	110	57564	57900
2012-07-17	6645	6700	6705	6590	6605	6630	-15	45044	56254
2012-07-18	6630	6580	6675	6580	6665	6640	10	74508	64814
2012-07-19	6640	6695	6785	6680	6690	6715	75	130844	80686
2012-07-20	6715	6705	6720	6590	6630	6640	-75	71716	69572
2012-07-23	6640	6585	6595	6400	6440	6465	-175	120614	52030
2012-07-24	6465	6400	6495	6375	6450	6450	-15	57924	51436
2012-07-25	6450	6420	6485	6410	6420	6445	-5	38182	52406
2012-07-26	6445	6435	6505	6415	6450	6460	15	55496	53460
2012-07-27	6460	6475	6495	6425	6490	6470	10	41850	53930
2012-07-30	6470	6495	6530	6430	6455	6485	15	43868	53668
2012-07-31	6485	6470	6475	6355	6470	6420	-65	97526	60300
2012-08-01	6420	6435	6495	6430	6465	6465	45	41232	54356
2012-08-02	6465	6465	6470	6420	6450	6440	-25	33396	55332
2012-08-03	6440	6415	6465	6400	6465	6440	0	25970	53580
2012-08-06	6440	6500	6550	6490	6515	6510	70	38228	54054
2012-08-07	6510	6510	6525	6475	6515	6505	-5	26702	54266
2012-08-08	6505	6520	6535	6480	6485	6505	0	19786	54758
2012-08-09	6505	6500	6540	6490	6535	6515	10	23810	56430
2012-08-10	6515	6530	6570	6485	6490	6530	15	34102	58272
2012-08-13	6530	6495	6510	6460	6465	6480	-50	25040	57004
2012-08-14	6480	6465	6495	6410	6480	6455	-25	40928	56246
2012-08-15	6455	6470	6510	6450	6490	6480	25	24904	54204
2012-08-16	6480	6505	6545	6490	6510	6520	40	26104	52922
2012-08-17	6520	6540	6550	6510	6525	6525	5	19358	53470
2012-08-20	6525	6540	6545	6505	6505	6515	-10	12938	52504
2012-08-21	6515	6515	6520	6475	6500	6495	-20	26608	53440
2012-08-22	6495	6520	6525	6480	6500	6495	0	23958	52512
2012-08-23	6495	6520	6635	6505	6630	6575	80	98956	75520
2012-08-24	6575	6600	6650	6565	6615	6600	25	111566	87010
2012-08-27	6600	6650	6650	6575	6590	6600	0	61734	87986
2012-08-28	6600	6570	6590	6520	6535	6545	-55	49254	74740
2012-08-29	6545	6540	6570	6460	6545	6505	-40	74182	59720
2012-08-30	6505	6545	6575	6500	6555	6535	30	34672	62860
2012-08-31	6535	6535	6565	6510	6540	6540	5	29188	61792
2012-09-03	6540	6550	6610	6525	6580	6580	40	45366	73660
2012-09-04	6580	6585	6595	6560	6575	6575	-5	26074	72066
2012-09-05	6575	6560	6605	6520	6525	6565	-10	44082	72956
2012-09-06	6565	6520	6560	6480	6530	6525	-40	49116	71658
2012-09-07	6525	6520	6580	6460	6530	6530	5	48340	65946
2012-09-10	6530	6595	6620	6555	6595	6590	60	54452	74198
2012-09-11	6590	6585	6635	6580	6620	6605	15	44974	76180
2012-09-12	6605	6635	6640	6610	6625	6620	15	32036	78172
2012-09-13	6620	6630	6670	6610	6625	6640	20	69856	86560
2012-09-14	6640	6700	6810	6670	6785	6750	110	172392	108492
2012-09-17	6750	6785	6850	6735	6755	6790	40	114202	90244
2012-09-18	6790	6725	6785	6715	6740	6750	-40	53444	80780
2012-09-19	6750	6745	6770	6735	6765	6750	0	33126	81236
2012-09-20	6750	6700	6755	6680	6680	6705	-45	36898	70756
2012-09-21	6705	6705	6715	6670	6690	6695	-10	23842	66636
2012-09-24	6695	6660	6685	6635	6655	6660	-35	34472	56208
2012-09-25	6660	6660	6670	6625	6640	6645	-15	13686	53816
2012-09-26	6645	6620	6640	6570	6580	6600	-45	25594	49600
2012-09-27	6600	6575	6580	6510	6545	6540	-60	34436	45948
2012-09-28	6540	6585	6590	6535	6545	6550	10	16650	44694
2012-10-08	6550	6500	6530	6465	6490	6500	-50	24818	45664
2012-10-10	6545	6555	6605	6545	6580	6580	35	33274	51278
2012-10-11	6580	6560	6580	6540	6560	6555	-25	25360	51948
2012-10-12	6555	6575	6620	6540	6565	6580	25	37546	52114
2012-10-15	6580	6540	6545	6500	6515	6515	-65	28510	51200
2012-10-16	6515	6530	6570	6515	6560	6540	25	24540	50630
2012-10-17	6540	6555	6575	6470	6470	6510	-30	46612	61694
2012-10-18	6510	6470	6505	6430	6490	6465	-45	77448	63836
2012-10-19	6465	6490	6505	6470	6470	6490	25	29562	59000
2012-10-22	6490	6450	6520	6450	6515	6490	0	30864	55012
2012-10-23	6490	6500	6520	6470	6475	6495	5	22992	56438
2012-10-24	6495	6455	6510	6455	6505	6475	-20	38326	56604
2012-10-25	6475	6520	6520	6480	6490	6495	20	20796	56452
2012-10-26	6495	6485	6500	6375	6420	6420	-75	75664	72762
2012-10-29	6420	6420	6420	6295	6360	6335	-85	84092	73852
2012-10-30	6335	6355	6415	6340	6395	6375	40	43480	63106
2012-10-31	6375	6400	6415	6375	6410	6400	25	25104	55886
2012-11-01	6400	6400	6445	6390	6430	6415	15	23418	49378
2012-11-02	6415	6430	6435	6380	6415	6410	-5	13772	46996
