2010-05-18	7515	-	-	-	7515	7515	0	0	0
2010-05-19	7515	-	-	-	7515	7515	0	0	0
2010-05-20	7515	-	-	-	7515	7515	0	0	0
2010-05-21	7515	7565	8020	7565	7850	7805	290	20	4
2010-05-24	7805	-	-	-	7805	7805	0	0	4
2010-05-25	7805	-	-	-	7805	7805	0	0	4
2010-05-26	7805	7820	7930	7820	7930	7870	65	34	18
2010-05-27	7870	8050	8050	7975	8000	8000	130	10	24
2010-05-28	8000	-	-	-	8000	8000	0	0	24
2010-05-31	8000	7970	7970	7970	7970	7970	-30	2	24
2010-06-01	7970	-	-	-	7970	7970	0	0	24
2010-06-02	7970	-	-	-	7970	7970	0	0	24
2010-06-03	7970	7840	7860	7840	7850	7850	-120	6	24
2010-06-04	7850	7720	7720	7720	7720	7720	-130	2	26
2010-06-07	7720	7690	7690	7500	7500	7570	-150	16	18
2010-06-08	7570	7550	7550	7495	7500	7510	-60	8	20
2010-06-09	7510	-	-	-	7510	7510	0	0	20
2010-06-10	7510	7525	7650	7525	7650	7585	75	4	20
2010-06-11	7585	7665	7665	7665	7665	7665	80	2	20
2010-06-17	7665	-	-	-	7665	7665	0	0	20
2010-06-18	7665	7555	7555	7555	7555	7555	-110	2	20
2010-06-21	7555	7675	7690	7675	7690	7685	130	6	26
2010-06-22	7685	-	-	-	7685	7685	0	0	26
2010-06-23	7685	7750	7750	7750	7750	7750	65	4	22
2010-06-24	7750	7650	7650	7650	7650	7650	-100	2	22
2010-06-25	7650	-	-	-	7650	7650	0	0	22
2010-06-28	7650	-	-	-	7650	7650	0	0	22
2010-06-29	7650	-	-	-	7650	7650	0	0	22
2010-06-30	7650	-	-	-	7650	7650	0	0	22
2010-07-01	7650	7645	7645	7400	7400	7540	-110	28	36
2010-07-02	7540	7285	7470	7285	7470	7375	-165	8	30
2010-07-05	7375	-	-	-	7375	7375	0	0	30
2010-07-06	7375	-	-	-	7375	7375	0	0	30
2010-07-07	7375	-	-	-	7375	7375	0	0	30
2010-07-08	7375	-	-	-	7375	7375	0	0	30
2010-07-09	7375	-	-	-	7375	7375	0	0	30
2010-07-12	7375	-	-	-	7375	7375	0	0	30
2010-07-13	7375	-	-	-	7375	7375	0	0	30
2010-07-14	7375	7435	7435	7435	7435	7435	60	100	130
2010-07-15	7435	7325	7415	7325	7360	7365	-70	8	132
2010-07-16	7365	7435	7435	7240	7305	7390	25	264	150
2010-07-19	7390	7215	7340	7215	7340	7295	-95	6	150
2010-07-20	7295	7325	7360	7305	7360	7330	35	36	148
2010-07-21	7330	7370	7370	7350	7350	7360	30	4	146
2010-07-22	7360	7395	7395	7395	7395	7395	35	2	144
2010-07-23	7395	7435	7450	7435	7450	7445	50	12	150
2010-07-26	7445	7570	7570	7450	7500	7490	45	12	152
2010-07-27	7490	7400	7490	7400	7450	7450	-40	12	160
2010-07-28	7450	-	-	-	7450	7450	0	0	160
2010-07-29	7450	7675	7675	7470	7540	7575	125	16	166
2010-07-30	7575	7700	7700	7520	7590	7585	10	44	156
2010-08-02	7585	7510	7615	7510	7590	7580	-5	8	156
2010-08-03	7580	7625	7660	7580	7580	7610	30	16	156
2010-08-04	7610	7630	7635	7500	7550	7530	-80	52	190
2010-08-05	7530	7560	7560	7465	7485	7515	-15	8	188
2010-08-06	7515	7495	7660	7485	7645	7580	65	84	242
2010-08-09	7580	7585	7695	7560	7670	7615	35	126	212
2010-08-10	7615	7685	7705	7605	7605	7670	55	50	216
2010-08-11	7670	7575	7640	7575	7625	7620	-50	10	218
2010-08-12	7620	7540	7550	7505	7550	7530	-90	6	218
2010-08-13	7530	-	-	-	7530	7530	0	0	218
2010-08-16	7530	7575	7705	7575	7700	7670	140	40	238
2010-08-17	7670	7635	7700	7635	7670	7655	-15	20	244
2010-08-18	7655	7705	7705	7650	7660	7675	20	36	240
2010-08-19	7675	7645	7730	7645	7695	7695	20	26	248
2010-08-20	7695	7430	7715	7430	7595	7460	-235	560	690
2010-08-23	7460	7485	7575	7485	7565	7550	90	248	676
2010-08-24	7550	7505	7620	7505	7600	7600	50	420	314
2010-08-25	7600	7605	7760	7605	7700	7695	95	112	286
2010-08-26	7695	7595	7835	7595	7710	7700	5	76	300
2010-08-27	7700	7610	7740	7610	7705	7670	-30	66	302
2010-08-30	7670	7735	7780	7700	7730	7740	70	142	386
2010-08-31	7740	7670	7720	7570	7720	7640	-100	214	378
2010-09-01	7640	7625	7710	7625	7695	7680	40	102	380
2010-09-02	7680	7710	7835	7670	7725	7750	70	3912	454
2010-09-03	7750	7755	7850	7680	7740	7745	-5	2572	478
2010-09-06	7745	7760	7795	7750	7790	7775	30	190	532
2010-09-07	7775	7775	7880	7765	7845	7830	55	564	606
2010-09-08	7830	7860	7900	7735	7825	7850	20	568	750
2010-09-09	7850	7880	7880	7665	7750	7740	-110	444	644
2010-09-10	7740	7780	7820	7720	7820	7775	35	410	644
2010-09-13	7775	7840	7910	7830	7880	7880	105	264	784
2010-09-14	7880	7870	7900	7810	7835	7845	-35	122	764
2010-09-15	7845	7880	7900	7850	7850	7875	30	120	752
2010-09-16	7875	7850	7920	7850	7905	7885	10	342	774
2010-09-17	7885	7920	7930	7865	7865	7900	15	214	724
2010-09-20	7900	7800	7940	7800	7910	7905	5	166	720
2010-09-21	7905	7990	7990	7890	7930	7925	20	244	614
2010-09-27	7925	7990	8090	7990	8070	8055	130	600	846
2010-09-28	8055	8050	8105	8050	8050	8085	30	388	934
2010-09-29	8085	8085	8115	7965	8025	8005	-80	220	958
2010-09-30	8005	8060	8060	7990	8020	8030	25	158	1020
2010-10-08	8030	8095	8100	8035	8035	8050	20	574	1390
2010-10-11	8050	8085	8285	8085	8245	8205	155	1210	1956
2010-10-12	8205	8175	8180	8110	8130	8155	-50	556	2166
2010-10-13	8155	8205	8225	8150	8185	8185	30	348	2186
2010-10-14	8185	8180	8245	8155	8190	8190	5	912	2444
2010-10-15	8190	8125	8155	8060	8070	8095	-95	982	2772
2010-10-18	8095	8020	8035	7905	7980	7995	-100	634	2590
2010-10-19	7995	8015	8050	7920	8030	8015	20	554	2710
2010-10-20	8015	7905	7965	7835	7955	7915	-100	856	3120
2010-10-21	7915	7955	8030	7955	8025	8005	90	1548	3788
2010-10-22	8005	8000	8110	8000	8085	8080	75	1360	4296
2010-10-25	8080	8120	8235	8105	8225	8195	115	1936	5052
2010-10-26	8195	8240	8290	8165	8265	8230	35	3812	6204
2010-10-27	8230	8285	8580	8160	8295	8325	95	19144	9488
2010-10-28	8325	8360	8490	8325	8370	8405	80	16868	10534
2010-10-29	8405	8350	8375	8220	8285	8310	-95	7222	10178
2010-11-01	8310	8330	8420	8310	8415	8370	60	11506	12304
2010-11-02	8370	8440	8455	8355	8395	8400	30	9584	12348
2010-11-03	8400	8430	8480	8410	8435	8450	50	9202	13850
2010-11-04	8450	8500	8640	8435	8625	8560	110	25406	20846
2010-11-05	8560	8720	8900	8710	8895	8850	290	29208	24914
2010-11-08	8850	8895	9215	8765	8970	8985	135	51172	23764
2010-11-09	8985	8950	9430	8830	9430	9260	275	104688	40930
2010-11-10	9260	9450	9720	9360	9515	9575	315	233304	60164
2010-11-11	9575	9650	9650	9100	9100	9285	-290	202448	56820
2010-11-12	9285	8910	8990	8825	8825	8845	-440	22844	54330
2010-11-15	8845	8415	8900	8410	8580	8635	-210	222978	44846
2010-11-16	8635	8670	8895	8525	8580	8735	100	238524	45640
2010-11-17	8735	8300	8475	8300	8320	8355	-380	147338	36096
2010-11-18	8355	8500	8770	8310	8620	8540	185	202022	32326
2010-11-19	8540	8765	8780	8505	8660	8630	90	111634	31330
2010-11-22	8630	8580	8820	8560	8730	8735	105	156172	38560
2010-11-23	8735	8735	8820	8390	8445	8550	-185	230750	40388
2010-11-24	8550	8500	8545	8400	8505	8475	-75	108908	36490
2010-11-25	8475	8580	8600	8455	8460	8530	55	84770	38682
2010-11-26	8530	8500	8500	8155	8240	8280	-250	144322	40382
2010-11-29	8280	8200	8315	8185	8260	8265	-15	75768	39904
2010-11-30	8265	8290	8300	7970	8095	8080	-185	132826	43646
2010-12-01	8080	8020	8140	7990	8095	8065	-15	121516	47142
2010-12-02	8065	8190	8275	8145	8190	8220	155	119300	50662
2010-12-03	8220	8200	8260	8135	8155	8195	-25	106428	58092
2010-12-06	8195	8215	8285	8160	8170	8215	20	94964	59998
2010-12-07	8215	8150	8150	7900	8060	7995	-220	193272	63232
2010-12-08	7995	7950	8130	7945	8005	8050	55	194344	63622
2010-12-09	8050	8090	8165	8055	8120	8105	55	162888	66808
2010-12-10	8105	8115	8120	8055	8095	8085	-20	89918	64820
2010-12-13	8085	8065	8450	8060	8305	8280	195	233252	71882
2010-12-14	8280	8320	8390	8235	8350	8320	40	219484	81140
2010-12-15	8320	8320	8385	8210	8230	8295	-25	137740	76638
2010-12-16	8295	8230	8355	8230	8270	8300	5	113354	73532
2010-12-17	8300	8280	8355	8270	8305	8310	10	98792	75306
2010-12-20	8310	8350	8440	8210	8305	8350	40	138098	71760
2010-12-21	8350	8360	8370	8295	8350	8330	-20	69064	70306
2010-12-22	8330	8360	8400	8265	8275	8330	0	67290	67230
2010-12-23	8330	8295	8360	8290	8355	8330	0	62120	71890
2010-12-24	8330	8395	8495	8335	8490	8410	80	144248	81686
2010-12-27	8410	8445	8560	8380	8530	8480	70	171276	86430
2010-12-28	8480	8525	8580	8455	8490	8510	30	90364	80906
2010-12-29	8510	8515	8585	8420	8495	8510	0	130282	82570
2010-12-30	8510	8480	8535	8410	8515	8470	-40	101710	80834
2010-12-31	8470	8470	8485	8375	8375	8435	-35	88864	74054
2011-01-04	8435	8420	8530	8420	8515	8480	45	100120	80676
2011-01-05	8480	8440	8475	8405	8420	8440	-40	54866	78098
2011-01-06	8440	8490	8565	8470	8525	8515	75	101524	86562
2011-01-07	8515	8440	8460	8005	8150	8310	-205	111126	66414
2011-01-10	8310	8210	8240	8110	8120	8170	-140	71472	65398
2011-01-11	8170	8150	8180	8080	8145	8125	-45	71430	65294
2011-01-12	8125	8185	8240	8125	8175	8185	60	85388	67548
2011-01-13	8185	8250	8255	8170	8175	8210	25	61980	68714
2011-01-14	8210	8130	8195	8110	8170	8165	-45	44708	67086
2011-01-17	8165	8195	8205	8050	8060	8130	-35	64060	66944
2011-01-18	8130	8060	8175	8020	8145	8125	-5	81402	66294
2011-01-19	8125	8165	8255	8145	8240	8205	80	71170	70002
2011-01-20	8205	8200	8295	8125	8145	8210	5	80836	64176
2011-01-21	8210	8055	8150	8055	8110	8110	-100	48132	61760
2011-01-24	8110	8115	8300	8115	8195	8225	115	87132	65376
2011-01-25	8225	8160	8170	8050	8055	8100	-125	68330	61678
2011-01-26	8100	7990	8165	7980	8145	8075	-25	90370	56614
2011-01-27	8075	8180	8215	8105	8155	8160	85	64190	53948
2011-01-28	8160	8110	8220	8100	8215	8180	20	53470	52654
2011-01-31	8180	8300	8320	8220	8265	8270	90	66562	57402
2011-02-01	8270	8305	8340	8270	8310	8305	35	30922	57504
2011-02-09	8305	8310	8355	8220	8305	8310	5	38578	57700
2011-02-10	8310	8310	8580	8305	8525	8480	170	145406	86568
2011-02-11	8480	8550	8555	8440	8450	8490	10	95832	95920
2011-02-14	8490	8490	8510	8365	8485	8460	-30	86466	103048
2011-02-15	8460	8470	8550	8415	8440	8500	40	108228	103788
2011-02-16	8500	8400	8450	8360	8440	8410	-90	63848	96470
2011-02-17	8410	8470	8515	8390	8410	8450	40	74206	93282
2011-02-18	8450	8455	8525	8375	8385	8460	10	107822	92036
2011-02-21	8460	8400	8650	8390	8585	8570	110	277556	123196
2011-02-22	8570	8670	8680	8325	8470	8500	-70	205222	107822
2011-02-23	8500	8420	8590	8310	8410	8475	-25	266490	110458
2011-02-24	8475	8490	8595	8370	8590	8500	25	332998	139274
2011-02-25	8500	8600	8715	8435	8630	8590	90	697560	182342
2011-02-28	8590	8675	8695	8545	8630	8625	35	498098	205120
2011-03-01	8625	8600	8660	8460	8480	8545	-80	434054	213370
2011-03-02	8545	8535	8535	8390	8395	8450	-95	309462	214844
2011-03-03	8450	8400	8480	8270	8280	8390	-60	379730	210852
2011-03-04	8390	8300	8325	8075	8190	8205	-185	354598	185608
2011-03-07	8205	8225	8275	8155	8240	8215	10	225326	198758
2011-03-08	8215	8180	8270	8120	8155	8195	-20	283038	165614
2011-03-09	8195	8190	8230	8160	8170	8195	0	126782	160938
2011-03-10	8195	8135	8170	8050	8085	8095	-100	137726	137630
2011-03-11	8095	8060	8110	8030	8080	8080	-15	79988	127634
2011-03-14	8080	8085	8170	8030	8120	8095	15	120056	106246
2011-03-15	8095	8145	8145	8055	8085	8090	-5	86536	103328
2011-03-16	8090	8060	8080	7880	7985	7960	-130	122982	99284
2011-03-17	7960	7950	7990	7910	7965	7955	-5	67342	95374
2011-03-18	7955	8050	8050	7990	8015	8015	60	51500	90854
2011-03-21	8015	8050	8060	8005	8025	8025	10	34046	84068
2011-03-22	8025	8030	8090	7990	8085	8040	15	43884	81578
2011-03-23	8040	8100	8150	8085	8145	8120	80	39438	75308
2011-03-24	8120	8140	8175	8100	8120	8130	10	21570	72628
2011-03-25	8130	8130	8145	8100	8115	8120	-10	14514	71358
2011-03-28	8120	8130	8135	8005	8020	8050	-70	15662	67458
2011-03-29	8050	8000	8035	7960	7975	8000	-50	14854	63100
2011-03-30	8000	7990	8005	7905	7930	7935	-65	16344	61456
2011-03-31	7935	7935	7940	7890	7895	7910	-25	7882	59548
2011-04-01	7910	7945	7945	7805	7825	7845	-65	16022	55260
2011-04-06	7845	7820	7875	7810	7870	7840	-5	7038	52668
2011-04-07	7840	7880	7925	7865	7915	7900	60	6764	49924
2011-04-08	7900	7930	8000	7915	7995	7960	60	10748	46916
2011-04-11	7960	8025	8055	7980	7995	8020	60	7670	45514
2011-04-12	8020	7930	7985	7925	7960	7955	-65	6674	45464
2011-04-13	7955	7940	8035	7910	8025	7955	0	5858	43712
2011-04-14	7955	8050	8050	7925	7930	7985	30	2572	42972
2011-04-15	7985	7955	7980	7835	7835	7915	-70	3802	41592
2011-04-18	7915	7840	7920	7835	7895	7885	-30	3106	40398
2011-04-19	7885	7850	7890	7800	7805	7825	-60	4834	38736
2011-04-20	7825	7805	7860	7800	7860	7840	15	1674	38732
2011-04-21	7840	7880	7975	7880	7975	7925	85	3038	38640
2011-04-22	7925	7995	8010	7965	8005	7985	60	4478	38074
2011-04-25	7985	7995	8055	7985	8000	8035	50	3470	38382
2011-04-26	8035	7880	8015	7880	7985	7985	-50	2234	37570
2011-04-27	7985	7985	8050	7985	8010	8025	40	1948	37174
2011-04-28	8025	8030	8180	8030	8170	8110	85	2896	37742
2011-04-29	8110	8115	8185	8115	8155	8140	30	1534	37516
2011-05-03	8140	8135	8200	8135	8145	8155	15	484	37436
2011-05-04	8155	8130	8135	8100	8110	8120	-35	1432	37276
2011-05-05	8120	8100	8100	8050	8085	8075	-45	892	37272
2011-05-06	8075	7850	8040	7850	7950	7965	-110	1872	37272
2011-05-09	7965	7990	8015	7970	8005	7990	25	512	37264
2011-05-10	7990	8000	8000	7950	7950	7975	-15	1556	37274
2011-05-11	7975	7850	7905	7825	7905	7865	-110	392	37274
2011-05-12	7865	7805	7875	7730	7795	7795	-70	2674	37748
2011-05-13	7795	7875	7940	7805	7895	7850	55	680	37748
2011-05-16	7850	7850	7875	7800	7835	7945	95	1898	0
