2008-01-02	24170	24150	24300	24050	24080	24145	-25	212	758
2008-01-03	24145	24200	24300	24165	24185	24195	50	86	764
2008-01-04	24195	24215	25030	24215	25000	24855	660	1276	1400
2008-01-07	24855	24700	24700	24500	?	?	?	206	1392
2008-01-08	24585	24430	24915	24430	24880	24755	170	424	1404
2008-01-09	24755	25050	25350	24900	24960	25050	295	854	1752
2008-01-10	25050	24910	24970	24620	24800	24755	-295	506	1902
2008-01-11	24755	24730	25050	24650	24940	24845	90	1550	2862
2008-01-14	24845	24945	25140	24850	25115	25050	205	1484	3518
2008-01-15	25050	25180	25400	24960	24985	25170	120	1572	3866
2008-01-16	25170	24800	24800	24160	24160	24450	-720	1460	4144
2008-01-18	24310	24005	24100	23830	23890	23970	-340	1200	3896
2008-01-21	23970	24000	24180	23850	23850	24070	100	1266	4322
2008-01-22	24070	23400	23455	23105	23105	23270	-800	1306	4042
2008-01-23	23270	23365	23600	23070	23420	23425	155	4516	6002
2008-01-24	23425	23470	23630	23280	23580	23465	40	1498	6404
2008-01-25	23465	23850	24045	23650	23970	23845	380	2200	7080
2008-01-28	23845	23860	23910	23560	23685	23730	-115	1460	6988
2008-01-29	23730	23790	23960	23790	?	?	?	1408	7724
2008-01-30	23915	24030	24050	23740	23840	23855	-60	2074	7846
2008-01-31	23855	23850	23945	23765	23900	23870	15	1088	8180
2008-02-01	23870	24100	24250	23930	?	?	?	1096	8184
2008-02-04	24105	24250	24360	24100	24350	24240	135	1690	8844
2008-02-05	24240	24330	24435	24150	24425	24305	65	1610	9260
2008-02-13	24305	24600	24700	24220	24335	24465	160	3182	9678
2008-02-14	24465	24535	24600	24015	?	?	?	2662	9562
2008-02-15	24255	24070	24170	23940	24110	24065	-190	3188	9818
2008-02-18	24065	23815	24520	23815	24520	24305	240	4492	11106
2008-02-19	24305	24800	24850	24480	24570	24610	305	6354	13246
2008-02-20	24610	24880	25000	24455	24675	24775	165	16094	16316
2008-02-21	24775	24800	25590	24720	25390	25215	440	27914	21238
2008-02-22	25215	25150	25510	25120	25200	25305	90	26332	23270
2008-02-25	25305	25500	25550	25315	?	?	?	27492	27644
2008-02-26	25435	25325	25340	24415	24415	24630	-805	40600	24192
2008-02-27	24630	24630	24730	23905	?	?	?	67308	27368
2008-02-28	24325	24130	24350	24030	?	?	?	65720	28478
2008-02-29	24190	24250	24650	24160	24510	24465	275	110684	35164
2008-03-03	24465	24385	24875	24350	24730	24630	165	154540	47702
2008-03-04	24630	24960	24960	23640	23930	24370	-260	147488	53096
2008-03-05	24370	23550	23830	23395	23560	23620	-750	95554	53064
2008-03-06	23620	23850	23925	23280	23485	23630	10	112614	55852
2008-03-07	23630	23260	23575	23040	23395	23355	-275	155114	54376
2008-03-10	23355	23280	23520	22610	23510	23240	-115	221860	53330
2008-03-11	23240	23600	23610	23280	?	?	?	77538	60464
2008-03-12	23415	23400	23460	22655	22700	23085	-330	163128	68678
2008-03-13	23085	22795	22880	22160	?	?	?	118692	69068
2008-03-14	22390	22150	22925	21850	22795	22560	170	285646	47550
2008-03-17	22560	22750	23155	22690	23070	22910	350	220718	52242
2008-03-18	22910	22400	22800	22300	22800	22535	-375	405532	72234
2008-03-19	22535	23100	23120	22000	22265	22565	30	270584	53196
2008-03-20	22565	21760	21990	21660	21700	21820	-745	151776	58214
2008-03-21	21820	21620	22195	21600	21975	21940	120	135984	55510
2008-03-24	21940	22085	22085	21730	21965	21875	-65	128924	55346
2008-03-25	21875	22095	22530	22040	22490	22345	470	135236	51688
2008-03-26	22345	22500	22560	22200	?	?	?	77248	50940
2008-03-27	22355	22530	22530	22280	22415	22400	45	100330	43912
2008-03-28	22400	22300	22415	21910	22375	22095	-305	124760	45660
2008-03-31	22095	22325	22695	22235	?	?	?	91658	46718
2008-04-01	22580	22500	22500	22005	22140	22290	-290	234462	48512
2008-04-02	22290	22400	22460	22250	?	?	?	29528	49348
2008-04-03	22225	22415	22595	22320	22360	22445	220	147124	47426
2008-04-07	22445	22585	22585	22140	22235	22285	-160	140458	51174
2008-04-08	22285	22200	22230	21460	21720	21810	-475	217552	51738
2008-04-09	21810	21700	21840	21455	21675	21650	-160	208020	52090
2008-04-10	21650	21800	21810	21300	21320	21540	-110	241218	63576
2008-04-11	21540	21290	21345	21035	21180	21175	-365	238204	61720
2008-04-14	21175	21090	21510	21000	21410	21250	75	177130	52316
2008-04-15	21250	21350	21620	21255	21365	21410	160	140130	51928
2008-04-16	21410	21550	21550	21325	21425	21425	15	88046	50926
2008-04-17	21425	21505	21750	21450	21675	21645	220	87884	46682
2008-04-18	21645	21605	21695	21505	21635	21605	-40	40852	40548
2008-04-21	21605	21750	21905	21510	21695	21740	135	34050	37030
2008-04-22	21740	21600	21720	21420	21550	21555	-185	31366	34388
2008-04-23	21555	21600	21700	21550	21670	21610	55	11412	31814
2008-04-24	21610	21595	21800	21510	21780	21670	60	10382	29622
2008-04-25	21670	21715	21805	21650	21700	21695	25	8870	26018
2008-04-28	21695	22010	22560	21850	22560	22305	610	24892	22806
2008-04-29	22305	22525	22550	22270	22410	22420	115	10942	20422
2008-04-30	22420	22295	22590	22210	?	?	?	6554	18872
2008-05-05	22505	22620	22995	22580	22870	22855	350	6632	17736
2008-05-06	22855	22930	23150	22875	23120	23035	180	15476	16396
2008-05-07	23035	23200	23290	22855	22880	23035	0	5332	16146
2008-05-08	23035	22930	23070	22705	22980	22920	-115	6624	16732
2008-05-09	22920	22980	23145	22930	23040	23015	95	3632	16656
2008-05-12	23015	23100	23935	23100	23935	23745	730	12896	16640
2008-05-13	23745	23890	24050	23610	23810	23890	145	14600	13044
2008-05-14	23890	23865	24520	23730	24435	24245	355	18116	13290
2008-05-15	24245	24435	24630	24210	24620	24450	205	9024	12862
2008-05-16	24450	24690	25180	24650	25020	24950	500	20036	11548
2008-05-19	24950	25000	25235	24320	24430	24680	-270	9026	11814
2008-05-20	24680	24360	24700	24300	24680	24535	-145	11538	12370
2008-05-21	24535	24870	25000	24380	24555	24755	220	5938	12860
2008-05-22	24755	24625	24890	24600	24650	24715	-40	9840	11418
2008-05-23	24715	24505	25580	24500	25505	25200	485	18420	11098
2008-05-26	25200	25950	26205	25950	26205	26190	990	7104	10314
2008-05-27	26190	26880	26980	26060	26115	26385	195	18494	7954
2008-05-28	26385	26000	26545	25755	26130	26045	-340	2760	7262
2008-05-29	26045	26240	26380	25905	26050	26150	105	1350	7334
2008-05-30	26150	25405	25600	25100	25100	25260	-890	4914	7540
2008-06-02	25260	25200	25520	25005	25190	25265	5	6078	6266
2008-06-03	25265	25300	25580	25120	25300	25400	135	2364	5658
2008-06-04	25400	25170	25170	24650	24980	24970	-430	2558	6498
2008-06-05	24970	24905	25535	24905	25200	25340	370	1268	5980
2008-06-06	25340	25800	25800	25235	25475	25470	130	1664	5536
2008-06-10	25470	25755	26175	25525	25920	25745	275	498	5304
2008-06-11	25745	25900	26740	25900	26700	26345	600	1846	5626
2008-06-12	26345	27200	27395	26015	26800	27160	815	3056	5364
2008-06-13	27160	26420	27000	26325	26800	26705	-455	812	5484
2008-06-16	26705	27000	27690	26685	27500	27200	495	2106	5306
2008-06-17	27200	27400	27770	27400	27590	27580	380	1478	5290
2008-06-18	27580	27420	27680	26990	26990	27300	-280	1188	5390
2008-06-19	27300	27070	27270	26945	27045	27060	-240	796	5312
2008-06-20	27060	26800	27090	26555	27000	26855	-205	2388	5568
2008-06-24	27775	27850	28095	27750	27775	27890	115	2166	5320
2008-06-25	27890	27880	28390	27665	28300	27890	0	924	5174
2008-06-26	27890	28300	28300	27400	27400	27980	90	1198	5010
2008-06-27	27980	28300	28300	27600	27770	27790	-190	544	4644
2008-06-30	27790	27700	27845	27650	27810	27730	-60	560	4540
2008-07-01	27730	27600	27800	27400	27560	27515	-215	416	4500
2008-07-02	27515	27880	27880	27650	27700	27670	155	252	4494
2008-07-03	27670	27895	27900	26700	27090	27490	-180	1358	4284
2008-07-04	27490	26800	27500	26800	27400	27315	-175	292	4386
2008-07-07	27315	27290	27500	27000	27450	27305	-10	304	4364
2008-07-08	27305	27385	27555	27200	27555	27385	80	352	3796
2008-07-09	27385	27370	27500	27160	27380	27390	5	298	3464
2008-07-10	27390	27295	27295	27105	27230	27210	-180	66	3474
2008-07-11	27210	27500	27835	27480	27750	27570	360	140	3234
2008-07-14	27570	27600	27750	26490	27380	27690	120	684	2656
2008-07-15	27690	27500	27500	27300	27300	27425	-265	166	2640
