2008-01-02	23850	23970	23970	23820	23820	23870	20	6	194
2008-01-03	23870	23950	24000	23950	24000	23980	110	6	192
2008-01-04	23980	24350	24735	24350	24725	24655	675	14	190
2008-01-07	24655	?	?	?	?	?	?	?	190
2008-01-08	24310	24350	24700	24250	24620	24535	225	40	196
2008-01-09	24535	24625	24750	24625	24685	24730	195	26	216
2008-01-10	24730	24605	24650	24400	24400	24610	-120	26	198
2008-01-11	24610	24600	24865	24315	24775	24600	-10	24	194
2008-01-14	24600	24755	24820	24755	24820	24795	195	62	254
2008-01-15	24795	25095	25095	24330	24760	24800	5	60	258
2008-01-16	24800	24320	24395	23805	23805	24025	-775	92	280
2008-01-18	23980	23525	23980	23225	23700	23695	-285	116	266
2008-01-21	23695	23750	23940	23680	23680	23840	145	56	250
2008-01-22	23840	23300	23300	22885	22885	23020	-820	162	262
2008-01-23	23020	23280	23480	23000	23250	23295	275	186	216
2008-01-24	23295	23480	23510	23260	23450	23365	70	102	242
2008-01-25	23365	23610	23885	22995	23815	23630	265	432	386
2008-01-28	23630	23640	23640	23415	23500	23545	-85	12	384
2008-01-29	23545	23725	23770	23715	?	?	?	52	400
2008-01-30	23770	23700	23700	23580	23670	23645	-125	76	434
2008-01-31	23645	23650	23695	23650	23695	23665	20	6	432
2008-02-01	23665	23785	23825	23705	?	?	?	28	434
2008-02-04	23795	23930	24150	23900	24150	24055	260	132	490
2008-02-05	24055	24150	24175	23950	24170	24070	15	212	454
2008-02-13	24070	24360	24410	23900	23925	24220	150	76	484
2008-02-14	24220	24110	24240	23770	?	?	?	60	474
2008-02-15	24020	23800	23900	23740	23775	23795	-225	218	480
2008-02-18	23795	23895	24250	23895	24105	24055	260	38	470
2008-02-19	24055	24400	24495	24095	24200	24305	250	166	518
2008-02-20	24305	24360	24530	24135	24215	24350	45	202	526
2008-02-21	24350	24250	25060	24250	24920	24725	375	192	494
2008-02-22	24725	24920	25000	24720	24775	24855	130	50	500
2008-02-25	24855	24945	25070	24910	?	?	?	68	502
2008-02-26	24935	24650	24650	23935	23935	24155	-780	80	468
2008-02-27	24155	24140	24200	22705	?	?	?	136	466
2008-02-28	23950	23680	23975	23660	?	?	?	276	486
2008-02-29	23830	23870	24230	23725	24130	24070	240	446	488
2008-03-03	24070	23865	24350	23750	24300	24040	-30	294	540
2008-03-04	24040	24500	24500	23400	23535	23725	-315	272	490
2008-03-05	23725	23025	23350	23025	23215	23145	-580	200	510
2008-03-06	23145	23785	23785	23105	23145	23275	130	112	490
2008-03-07	23275	22755	23280	22340	22980	22975	-300	240	402
2008-03-10	22975	22900	23145	22335	23095	22765	-210	112	414
2008-03-11	22765	23180	23180	22885	?	?	?	32	418
2008-03-12	23010	23100	23100	22500	22500	22725	-285	110	408
2008-03-13	22725	22320	22320	21815	?	?	?	206	360
2008-03-14	21950	21380	22550	21380	22450	22225	275	736	400
2008-03-17	22225	22620	22940	22450	22780	22630	405	440	444
2008-03-18	22630	22520	22560	21950	22430	22265	-365	662	406
2008-03-19	22265	22600	22745	21500	22000	22125	-140	360	348
2008-03-20	22125	21430	21880	21240	21510	21605	-520	456	234
2008-03-21	21605	21675	21990	21560	21745	21805	200	194	184
2008-03-24	21805	21745	21850	21600	21850	21690	-115	226	216
2008-03-25	21690	21985	22445	21985	22405	22235	545	554	388
2008-03-26	22235	22405	22520	22365	?	?	?	1328	1484
2008-03-27	22415	22510	22600	22400	22550	22545	130	668	1918
2008-03-28	22545	22405	22580	22250	22510	22415	-130	3434	2422
2008-03-31	22415	22495	22800	22495	?	?	?	440	2436
2008-04-01	22670	22560	22645	22245	22350	22485	-185	1582	2670
2008-04-02	22485	23000	23000	22425	?	?	?	74	2672
2008-04-03	22420	22490	22680	22490	22500	22570	150	676	2648
2008-04-07	22570	22670	22670	22300	22355	22470	-100	3030	4864
2008-04-08	22470	22350	22355	21600	21930	21980	-490	1620	5244
2008-04-09	21980	21900	22000	21650	21900	21845	-135	994	5128
2008-04-10	21845	21980	21980	21550	21600	21775	-70	686	5130
2008-04-11	21775	21500	21670	21400	21585	21570	-205	2054	4894
2008-04-14	21570	21500	21800	21500	21760	21715	145	4324	4254
2008-04-15	21715	21930	21930	21680	21700	21810	95	510	4220
2008-04-16	21810	21900	22060	21810	21900	21970	160	1128	4518
2008-04-17	21970	22010	22095	22000	22010	22015	45	1234	4122
2008-04-18	22015	22160	22160	21965	22100	22035	20	622	4016
2008-04-21	22035	22160	22300	22150	22200	22255	220	1118	3870
2008-04-22	22255	22100	22260	22000	22050	22095	-160	1010	3528
2008-04-23	22095	22180	22180	22045	22100	22125	30	1300	3284
2008-04-24	22125	22000	22200	21950	22200	22100	-25	244	3236
2008-04-25	22100	22150	22245	22100	22200	22170	70	334	3198
2008-04-28	22170	22200	22850	22200	22760	22710	540	3136	2916
2008-04-29	22710	22740	22780	22600	22680	22700	-10	586	2884
2008-04-30	22700	22645	22855	22645	?	?	?	1478	2850
2008-05-05	22750	22900	23275	22855	22950	23025	275	510	2706
2008-05-06	23025	23195	23400	23195	23350	23255	230	2300	2774
2008-05-07	23255	23500	23500	23135	23230	23375	120	486	2778
2008-05-08	23375	23050	23405	23050	23390	23360	-15	404	2860
2008-05-09	23360	23400	23440	23385	23410	23400	40	274	2866
2008-05-12	23400	23690	24180	23690	24150	23920	520	1924	2478
2008-05-13	23920	24090	24140	23880	23950	24000	80	780	2284
2008-05-14	24000	24000	24675	23850	24590	23990	-10	1920	1596
2008-05-15	23990	24500	24945	24500	24905	24770	780	1266	1432
2008-05-16	24770	25400	25400	24880	24905	25025	255	1140	1650
2008-05-19	25025	25000	25000	24690	24780	24775	-250	596	1588
2008-05-20	24775	24700	24950	24700	24900	24795	20	298	1752
2008-05-21	24795	25000	25040	24725	24895	24965	170	752	1720
2008-05-22	24965	24805	24995	24755	24840	24885	-80	144	1678
2008-05-23	24885	24800	25600	24720	25595	25110	225	640	1924
2008-05-26	25110	26020	26110	26020	26110	26105	995	140	1966
2008-05-27	26105	26210	27300	26055	26200	26285	180	826	1802
2008-05-28	26285	25960	26300	25720	26300	26005	-280	32	1384
2008-05-29	26005	26280	26280	25890	26050	26090	85	128	1320
2008-05-30	26090	25700	25800	25150	25380	25500	-590	202	1358
2008-06-02	25500	25405	25720	25400	25400	25475	-25	42	1338
2008-06-03	25475	25565	25565	25420	25435	25480	5	12	1332
2008-06-04	25480	25480	25535	25385	25430	25475	-5	162	1388
2008-06-05	25475	25670	25670	25465	25605	25595	120	168	1414
2008-06-06	25595	26000	26000	25500	26000	25860	265	256	1452
2008-06-10	25860	26050	26400	26050	26400	26170	310	210	1476
2008-06-11	26170	26650	26900	26500	26900	26580	410	490	1518
2008-06-12	26580	27010	27330	27010	27300	27290	710	152	1076
2008-06-13	27290	26905	27000	26850	27000	26880	-410	44	1116
2008-06-16	26880	26800	27500	26800	27300	27130	250	130	1176
