2009-03-19	12095	12400	12400	12400	12400	12400	305	2	2
2009-03-20	12400	12900	13020	12900	13020	13005	605	22	20
2009-03-23	13005	?	?	?	13655	13655	650	?	20
2009-03-24	13655	14000	14000	13810	13810	13905	250	4	22
2009-03-25	13905	13750	13970	13570	13965	13740	-165	132	28
2009-03-26	13740	14150	14300	14050	14300	14185	445	14	32
2009-03-27	14185	14260	14590	13835	13950	14130	-55	38	36
2009-03-30	14130	14025	14185	13730	13750	13990	-140	22	40
2009-03-31	13990	13700	13940	13450	13860	13690	-300	362	174
2009-04-01	13690	14000	14100	13875	13875	13950	260	48	160
2009-04-02	13950	14150	14265	14150	14265	14210	260	10	158
2009-04-03	14210	14600	14600	14440	14440	14520	310	4	158
2009-04-07	14520	14300	15245	14300	15235	15025	505	134	210
2009-04-08	15025	15100	15100	14650	14650	14910	-115	64	192
2009-04-09	14910	15080	15240	14640	15140	15090	180	92	176
2009-04-10	15090	15320	15580	15200	15525	15425	335	58	186
2009-04-13	15425	15660	15800	15520	15750	15680	255	24	192
2009-04-14	15680	15500	15500	15130	15340	15285	-395	24	194
2009-04-15	15285	15355	15650	14905	15500	15265	-20	80	176
2009-04-16	15265	15630	16025	15630	16025	15945	680	24	188
2009-04-17	15945	16000	16125	15900	15950	15990	45	8	192
2009-04-20	15990	15700	15900	15700	15830	15830	-160	22	198
2009-04-21	15830	15035	15090	15035	15035	15040	-790	30	212
2009-04-22	15040	15170	15330	14850	14870	15120	80	112	202
2009-04-23	15120	14760	15000	14550	14980	14880	-240	56	192
2009-04-24	14880	14750	14850	14385	14600	14635	-245	48	184
2009-04-27	14635	14350	14570	14210	14450	14355	-280	76	186
2009-04-28	14355	14695	14750	14520	14550	14645	290	72	182
2009-04-29	14645	14500	15260	14500	14840	14960	315	62	206
2009-04-30	14960	14820	15100	14820	15010	14935	-25	22	204
2009-05-04	14935	15225	15830	15225	15830	15735	800	72	204
2009-05-05	15735	15745	15840	15535	15750	15695	-40	72	212
2009-05-06	15695	15800	16270	15800	16115	16030	335	76	224
2009-05-07	16030	16450	16450	16045	16140	16210	180	74	190
2009-05-08	16210	16100	16120	15720	16120	15950	-260	72	190
2009-05-11	15950	16095	16095	15550	15550	15725	-225	58	178
2009-05-12	15725	15410	15880	15410	15745	15705	-20	128	184
2009-05-13	15705	15900	16245	15850	16240	16015	310	84	190
2009-05-14	16015	15755	15890	15735	15805	15805	-210	66	206
2009-05-15	15805	16140	16195	15650	15850	15965	160	94	208
2009-05-18	15965	15850	15850	15320	15345	15375	-590	64	204
2009-05-19	15375	15530	15810	15530	15710	15675	300	158	216
2009-05-20	15675	15550	15830	15465	15480	15595	-80	52	198
2009-05-21	15595	15400	15570	15230	15230	15380	-215	62	178
2009-05-22	15380	15310	15400	15270	15400	15325	-55	38	176
2009-05-25	15325	15400	15440	15280	15400	15385	60	28	180
2009-05-26	15385	15400	15400	15100	15100	15240	-145	94	188
2009-05-27	15240	15225	15250	15110	15250	15190	-50	46	196
2009-06-01	15190	15300	15950	15300	15950	15665	475	88	196
2009-06-02	15665	15930	16100	15800	15840	15930	265	78	196
2009-06-03	15930	15900	16015	15900	16015	15945	15	18	198
2009-06-04	15945	15780	15850	15665	15750	15770	-175	44	194
2009-06-05	15770	16250	16280	16185	16270	16225	455	60	214
2009-06-08	16225	16285	16610	16280	16335	16475	250	284	254
2009-06-09	16475	16500	16515	16205	16450	16345	-130	164	224
2009-06-10	16345	16620	16620	16345	16430	16485	140	146	262
2009-06-11	16485	16430	16430	16200	16200	16330	-155	48	258
2009-06-12	16330	16225	16240	15950	15955	16140	-190	120	220
2009-06-15	16140	15750	15830	15510	15670	15650	-490	484	440
2009-06-16	15650	15630	15810	15600	15790	15680	30	310	608
2009-06-17	15680	15550	15860	15550	15860	15715	35	106	616
2009-06-18	15715	15850	15850	15595	15595	15730	15	46	622
2009-06-19	15730	15790	15800	15710	15785	15755	25	74	646
2009-06-22	15755	15565	15695	15565	15605	15625	-130	50	654
2009-06-23	15625	15450	15450	15125	15285	15270	-355	212	668
2009-06-24	15270	15185	15350	15185	15340	15295	25	30	662
2009-06-25	15295	15300	15850	15300	15850	15620	325	272	704
2009-06-26	15620	16040	16140	15950	16060	16010	390	102	694
2009-06-29	16010	15950	16260	15950	16065	16115	105	312	854
2009-06-30	16115	16250	16330	16205	16230	16250	135	150	898
2009-07-01	16250	16170	16205	16120	16165	16155	-95	100	906
2009-07-02	16155	16065	16340	15900	15920	16100	-55	336	936
2009-07-03	16100	15755	15995	15700	15865	15880	-220	260	944
2009-07-06	15880	15855	15930	15650	15700	15835	-45	222	968
2009-07-07	15835	15700	16095	15700	16095	15975	140	186	934
2009-07-08	15975	15900	16130	15815	16000	15940	-35	116	902
2009-07-09	15940	16070	16180	16020	16170	16075	135	90	908
2009-07-10	16075	16265	16265	16125	16130	16155	80	288	888
2009-07-13	16155	16130	16225	15900	15900	16010	-145	206	878
2009-07-14	16010	15900	16150	15900	16115	16065	55	92	918
2009-07-15	16065	16260	16670	16220	16550	16510	445	160	878
2009-07-16	16510	16800	16900	16600	16740	16735	225	126	892
2009-07-17	16735	16790	17395	16725	17360	17175	440	600	1116
2009-07-20	17175	17500	18015	17500	17840	17775	600	1390	1612
2009-07-21	17775	17850	17850	17600	17615	17700	-75	1186	1750
2009-07-22	17700	17570	18135	17550	17685	17900	200	1320	1922
2009-07-23	17900	17800	17915	17580	17655	17760	-140	1340	1682
2009-07-24	17760	17790	18060	17780	18000	17935	175	3620	2722
2009-07-27	17935	18225	18370	18110	18245	18235	300	3824	4436
2009-07-28	18235	18215	18370	17955	18235	18110	-125	3156	5160
2009-07-29	18110	18100	18535	17550	17900	18160	50	3104	5894
2009-07-30	18160	17895	18230	17865	18155	18005	-155	1532	5900
2009-07-31	18005	18790	18905	18580	18905	18775	770	2562	7022
2009-08-03	18775	19125	19700	19105	19300	19420	645	5088	8484
2009-08-04	19420	19700	19700	18900	19200	19210	-210	3834	9244
2009-08-05	19210	19325	19425	19060	19135	19280	70	1916	9466
2009-08-06	19280	19120	19395	19020	19270	19205	-75	2486	9438
2009-08-07	19205	19150	19265	18840	18850	19065	-140	3210	8730
2009-08-10	19065	19050	19285	18950	19285	19145	80	4544	7160
2009-08-11	19145	19275	19880	19195	19775	19500	355	8126	6274
2009-08-12	19500	19700	19950	19490	19545	19775	275	2870	6464
2009-08-13	19775	20015	20225	19900	20000	20055	280	2398	6418
2009-08-14	20055	20200	20200	19530	19665	19775	-280	2160	6600
2009-08-17	19775	19280	19280	18785	18785	18840	-935	3874	7430
2009-08-18	18840	18790	18890	18430	18565	18610	-230	6052	6344
2009-08-19	18610	18800	18860	18000	18230	18235	-375	9404	9474
2009-08-20	18235	18360	18800	18195	18645	18520	285	10634	8888
2009-08-21	18520	18535	18650	18205	18460	18420	-100	6046	8688
2009-08-24	18420	19310	19340	18800	19235	19245	825	7186	7190
2009-08-25	19245	18910	19030	18795	18955	18915	-330	4692	8386
2009-08-26	18915	18820	19280	18810	19165	19115	200	5850	9052
2009-08-27	19115	19030	19175	18970	19040	19060	-55	7116	8128
2009-08-28	19060	19390	19505	19270	19330	19440	380	7898	9046
2009-08-31	19440	19390	19390	18465	18465	18715	-725	12650	13236
2009-09-01	18715	18460	18680	18220	18525	18460	-255	7378	12850
2009-09-02	18460	18250	18250	17625	17805	17850	-610	15080	9848
2009-09-03	17850	17805	18420	17800	18365	18155	305	11162	9204
2009-09-04	18155	18550	18750	18315	18510	18465	310	7568	10452
2009-09-07	18465	18490	18655	18150	18655	18470	5	10830	9090
2009-09-08	18470	18580	18850	18480	18850	18670	200	9492	9330
2009-09-09	18670	19005	19170	18810	19005	18985	315	8078	10012
2009-09-10	18985	19010	19200	18900	19120	19035	50	5158	10142
2009-09-11	19035	18810	19250	18810	18940	19030	-5	10286	11714
2009-09-14	19030	18075	18075	18075	18075	18075	-955	332	11602
2009-09-15	18075	17500	18005	17360	17825	17715	-360	24270	15298
2009-09-16	17715	18060	18180	17965	18095	18085	370	11008	14070
2009-09-17	18085	18380	18380	17840	17895	18045	-40	9474	13812
2009-09-18	18045	17855	17910	17640	17690	17775	-270	6772	14188
2009-09-21	17775	17690	17870	17620	17835	17795	20	7088	14554
2009-09-22	17795	17835	17835	17610	17660	17715	-80	4050	14654
2009-09-23	17715	17750	17750	17155	17170	17370	-345	9038	14670
2009-09-24	17370	17055	17460	16970	17410	17165	-205	8974	14200
2009-09-25	17165	17220	17435	17135	17410	17290	125	7682	13828
2009-09-28	17290	17310	17405	16775	16870	17040	-250	9846	14318
2009-09-29	17040	17035	17390	16950	17315	17240	200	21126	20600
2009-09-30	17240	17390	18400	17390	18340	18065	825	24210	22270
2009-10-09	18065	19325	19325	18995	19040	19105	1040	33220	29848
2009-10-12	19105	19100	19270	18860	19125	19070	-35	45544	37300
2009-10-13	19070	19100	19345	19005	19330	19155	85	31406	39256
2009-10-14	19155	19325	19380	19190	19245	19265	110	37086	37676
2009-10-15	19265	19265	19400	18965	18970	19180	-85	35578	39282
2009-10-16	19180	19055	19220	18975	19110	19110	-70	35632	38010
2009-10-19	19110	19030	19600	19030	19450	19400	290	42996	37036
2009-10-20	19400	19685	19800	19390	19595	19580	180	35168	38370
2009-10-21	19580	19440	19540	19280	19385	19405	-175	36508	39656
2009-10-22	19405	19640	19650	19170	19170	19370	-35	45348	36914
2009-10-23	19370	19230	19610	19230	19590	19490	120	36424	37134
2009-10-26	19490	19440	19670	19410	19575	19545	55	31804	36818
2009-10-27	19545	19385	19695	19345	19575	19530	-15	38840	38194
2009-10-28	19530	19545	19800	19430	19625	19640	110	42622	38294
2009-10-29	19640	19400	19555	19160	19280	19350	-290	44722	38972
2009-10-30	19350	19630	19920	19620	19755	19785	435	127304	59750
2009-11-02	19785	19300	19450	19220	19430	19340	-445	106354	56584
2009-11-03	19340	19450	19585	19400	19410	19500	160	56922	57926
2009-11-04	19500	19500	19570	19420	19440	19485	-15	47262	58668
2009-11-05	19485	19420	19440	19270	19275	19335	-150	54630	59964
2009-11-06	19335	19370	19580	19365	19435	19485	150	99328	68412
2009-11-09	19485	19385	19625	19385	19595	19520	35	137262	84136
2009-11-10	19520	19685	19730	19480	19535	19605	85	243948	94804
2009-11-11	19605	19550	19995	19535	19940	19735	130	483832	163834
2009-11-12	19735	20150	20685	20080	20620	20365	630	950936	196588
2009-11-13	20365	20500	20835	20445	20700	20635	270	1053200	196082
2009-11-16	20635	20850	20990	20670	20760	20800	165	626906	184810
2009-11-17	20800	20880	21100	20805	20815	20925	125	644306	193516
2009-11-18	20925	20880	21445	20820	21400	21010	85	736816	225046
2009-11-19	21010	21400	21960	21335	21640	21595	585	926650	196926
2009-11-20	21595	21590	21780	21355	21520	21540	-55	851378	193464
2009-11-23	21540	21625	21995	21620	21900	21840	300	609074	189166
2009-11-24	21840	21750	22130	21435	21635	21820	-20	1030368	177288
2009-11-25	21820	21815	22175	21740	22160	21945	125	1192390	204894
2009-11-26	21945	22250	22415	21870	22045	22150	205	937078	184528
2009-11-27	22150	21795	21835	21110	21235	21545	-605	839004	154860
2009-11-30	21545	21600	21980	21550	21645	21755	210	649002	147090
2009-12-01	21755	21800	21910	21430	21740	21725	-30	935450	160194
2009-12-02	21725	22100	22170	21880	22030	22015	290	732352	159564
2009-12-03	22015	22175	22430	22085	22320	22260	245	748210	156594
2009-12-04	22260	22170	22645	22150	22630	22445	185	819660	172146
2009-12-07	22445	22700	22750	22170	22235	22435	-10	776708	152706
2009-12-08	22435	22330	22360	22070	22230	22205	-230	591476	150206
2009-12-09	22205	21850	21965	21675	21710	21830	-375	549032	134128
2009-12-10	21830	21700	21775	21180	21515	21500	-330	769928	129598
2009-12-11	21500	21530	21785	21510	21650	21650	150	542750	127044
2009-12-14	21650	21580	21745	21290	21675	21500	-150	575870	143366
2009-12-15	21500	21850	21880	21610	21715	21730	230	419462	132524
2009-12-16	21730	21850	22780	21780	22760	22365	635	794772	169094
2009-12-17	22365	23170	23280	22725	22960	22985	620	675226	147992
2009-12-18	22985	22610	23335	22590	23325	23085	100	1114788	168374
2009-12-21	23085	23390	23460	23020	23140	23215	130	728522	151542
2009-12-22	23215	22925	23250	22915	22965	23090	-125	596740	156054
2009-12-23	23090	23100	23225	22700	23115	22960	-130	817696	157294
2009-12-24	22960	23350	23505	23190	23375	23340	380	594476	138244
2009-12-25	23340	23450	23605	23285	23345	23450	110	461030	141590
2009-12-28	23450	23425	23665	23395	23485	23545	95	334388	110478
2009-12-29	23545	23430	23620	23285	23335	23455	-90	253932	87324
2009-12-30	23455	23285	23570	23135	23555	23315	-140	152302	77738
2009-12-31	23315	23600	23900	23575	23800	23725	410	89112	68112
2010-01-04	23725	23910	24150	23735	23750	23975	250	46970	58526
2010-01-05	23975	24050	24290	23890	24160	24145	170	48062	49080
2010-01-06	24145	24060	24600	24060	24525	24380	235	26774	45000
2010-01-07	24380	24700	25180	24000	24365	24550	170	32280	41586
2010-01-08	24550	24500	24800	24065	24735	24465	-85	43240	37410
2010-01-11	24465	25250	25550	24920	25475	25130	665	19448	35296
2010-01-12	25130	25430	25545	25105	25320	25315	185	17200	30990
2010-01-13	25315	24790	25230	24460	24760	24890	-425	13606	28488
2010-01-14	24890	25430	25430	25010	25145	25230	340	7250	27458
2010-01-15	25230	25095	25095	24325	24515	24780	-450	7536	25702
2010-01-18	24780	24310	24400	24080	24240	24270	-510	5408	24362
2010-01-19	24270	24600	24845	24305	24835	24560	290	3618	24270
2010-01-20	24560	24860	25080	24750	24775	24940	380	3974	23674
2010-01-21	24940	24685	25195	24460	25175	24810	-130	3080	23244
2010-01-22	24810	24700	24700	23620	23950	24090	-720	6992	21594
2010-01-25	24090	23850	24180	23760	24035	24020	-70	2418	21484
2010-01-26	24020	24165	24380	23490	23530	24035	15	6552	20766
2010-01-27	24035	23560	23700	23165	23275	23345	-690	8550	19394
2010-01-28	23345	22950	23000	22280	22610	22600	-745	11422	17394
2010-01-29	22600	22620	22915	22395	22475	22670	70	5868	16076
2010-02-01	22670	22660	22700	21805	22505	22210	-460	9146	15108
2010-02-02	22210	22980	22985	22450	22530	22675	465	3052	14818
2010-02-03	22675	22865	23120	22570	23035	22870	195	3214	14406
2010-02-04	22870	22800	22935	22500	22600	22660	-210	7584	13992
2010-02-05	22660	22250	22250	21765	21800	21910	-750	8344	13662
2010-02-08	21910	22075	22075	21800	21800	21885	-25	4294	13076
2010-02-09	21885	21700	22250	21550	22190	21930	45	4510	12988
2010-02-10	21930	22400	23025	22350	23025	22640	710	1588	12918
2010-02-11	22640	23505	23680	23030	23500	23410	770	1774	12696
2010-02-12	23410	23685	23900	23600	23890	23695	285	3520	12690
2010-02-22	23695	24545	24950	24400	24480	24565	870	2572	12438
2010-02-23	24565	24200	24745	24200	24745	24430	-135	1484	11612
2010-02-24	24430	24500	24915	24500	24800	24740	310	846	11230
2010-02-25	24740	24955	25050	24245	24370	24660	-80	880	11322
2010-02-26	24660	24555	24665	24360	24500	24515	-145	1864	11136
2010-03-01	24515	25000	25000	24100	24400	24470	-45	826	10960
2010-03-02	24470	24400	24400	23700	23700	23905	-565	1628	10732
2010-03-03	23905	23680	23940	23660	23900	23770	-135	930	10374
2010-03-04	23770	24010	24080	23655	23700	23975	205	2154	10014
2010-03-05	23975	23700	23920	23700	23800	23810	-165	514	10026
2010-03-08	23810	23895	24470	23895	24400	24075	265	1172	9756
2010-03-09	24075	24200	24290	24000	24045	24200	125	698	9642
2010-03-10	24200	24000	24080	23900	23970	23975	-225	184	9626
2010-03-11	23975	24235	24235	23850	23950	23965	-10	862	9792
2010-03-12	23965	24000	24000	23650	23655	23850	-115	708	9520
2010-03-15	23850	23650	23700	23000	23100	23180	-670	442	9394
