2011-01-24	2568	2579	2888	2579	2633	2693	65	72	48
2011-01-25	2693	2640	2684	2633	2651	2659	-42	180	82
2011-01-26	2659	2640	2662	2636	2643	2644	-16	74	108
2011-01-27	2644	2664	2664	2646	2646	2655	2	4	110
2011-01-28	2655	2654	2662	2653	2653	2657	-2	16	114
2011-01-31	2657	2661	2675	2660	2675	2670	18	12	110
2011-02-01	2670	2712	2712	2641	2688	2690	18	248	168
2011-02-09	2690	2711	2778	2711	2735	2740	45	154	228
2011-02-10	2740	2783	2783	2751	2752	2766	12	216	336
2011-02-11	2766	2755	2769	2738	2740	2748	-26	210	310
2011-02-14	2748	2760	2779	2740	2773	2772	25	612	542
2011-02-15	2772	2765	2806	2759	2775	2785	3	496	568
2011-02-16	2785	2752	2771	2747	2760	2758	-25	264	620
2011-02-17	2758	2765	2775	2737	2737	2756	-21	338	646
2011-02-18	2756	2750	2753	2725	2730	2743	-26	202	710
2011-02-21	2743	2688	2738	2688	2713	2717	-30	254	658
2011-02-22	2717	2731	2740	2707	2723	2723	6	368	672
2011-02-23	2723	2680	2695	2671	2687	2687	-36	436	668
2011-02-24	2687	2698	2698	2670	2670	2685	-17	192	728
2011-02-25	2685	2680	2703	2676	2700	2694	15	456	862
2011-02-28	2694	2706	2718	2703	2709	2710	15	196	916
2011-03-01	2710	2711	2716	2704	2709	2708	-1	180	906
2011-03-02	2708	2700	2717	2700	2713	2710	5	148	948
2011-03-03	2710	2713	2717	2701	2701	2709	-9	136	930
2011-03-04	2709	2709	2723	2701	2714	2714	5	404	876
2011-03-07	2714	2728	2730	2713	2725	2723	11	480	882
2011-03-08	2723	2722	2724	2694	2698	2708	-25	512	874
2011-03-09	2708	2705	2705	2687	2691	2691	-17	224	906
2011-03-10	2691	2668	2696	2668	2692	2687	1	750	1272
2011-03-11	2687	2687	2692	2680	2684	2685	-3	550	1428
2011-03-14	2685	2684	2700	2681	2697	2692	12	1142	1896
2011-03-15	2692	2698	2703	2683	2696	2691	4	390	1940
2011-03-16	2691	2673	2694	2673	2684	2685	-7	614	2004
2011-03-17	2685	2690	2707	2683	2700	2698	15	624	2182
2011-03-18	2698	2711	2720	2711	2712	2716	14	564	2330
2011-03-21	2716	2712	2723	2711	2716	2717	0	312	2398
2011-03-22	2717	2712	2722	2712	2713	2717	-4	196	2434
2011-03-23	2717	2717	2719	2709	2719	2715	2	324	2446
2011-03-24	2715	2720	2720	2697	2700	2709	-15	536	2580
2011-03-25	2709	2714	2714	2695	2698	2701	-11	770	2958
2011-03-28	2701	2699	2704	2670	2683	2685	-18	1170	3592
2011-03-29	2685	2682	2685	2671	2680	2677	-5	626	3618
2011-03-30	2677	2686	2686	2667	2673	2677	-4	1218	4208
2011-03-31	2677	2669	2675	2647	2649	2663	-28	2486	5352
2011-04-01	2663	2659	2659	2641	2648	2650	-15	2180	6084
2011-04-06	2650	2641	2671	2641	2670	2664	20	1250	6318
2011-04-07	2664	2670	2682	2658	2678	2670	14	964	6392
2011-04-08	2670	2670	2677	2666	2672	2671	2	1504	6720
2011-04-11	2671	2674	2690	2674	2680	2684	9	1738	7062
2011-04-12	2684	2672	2672	2647	2648	2658	-36	1422	7234
2011-04-13	2658	2641	2651	2635	2646	2645	-12	1342	7262
2011-04-14	2645	2640	2652	2632	2632	2641	-13	1070	7058
2011-04-15	2641	2634	2639	2617	2618	2626	-23	1468	7486
2011-04-18	2626	2612	2632	2612	2628	2624	2	884	7446
2011-04-19	2624	2629	2640	2629	2634	2635	10	906	7470
2011-04-20	2635	2638	2650	2638	2649	2645	14	1920	7726
2011-04-21	2645	2640	2646	2626	2626	2638	-19	1266	7956
2011-04-22	2638	2630	2638	2620	2632	2629	-6	1006	8102
2011-04-25	2629	2641	2641	2625	2631	2630	2	846	7944
2011-04-26	2630	2630	2635	2621	2628	2627	-2	1636	8346
2011-04-27	2627	2625	2634	2611	2612	2623	-15	958	8372
2011-04-28	2623	2612	2619	2586	2596	2605	-27	2270	9226
2011-04-29	2605	2587	2590	2563	2569	2571	-36	2406	9432
2011-05-03	2571	2578	2590	2571	2582	2581	11	1000	9324
2011-05-04	2581	2580	2587	2562	2565	2572	-16	1436	9462
2011-05-05	2572	2558	2570	2556	2567	2563	-5	1602	8926
2011-05-06	2563	2554	2559	2543	2558	2553	-5	1618	9126
2011-05-09	2553	2573	2582	2566	2575	2574	22	2784	9550
2011-05-10	2574	2576	2578	2569	2575	2574	1	1988	9426
2011-05-11	2574	2575	2576	2566	2566	2571	-8	1350	9564
2011-05-12	2571	2558	2566	2555	2558	2561	-13	1148	9276
2011-05-13	2561	2558	2598	2558	2595	2585	34	3562	9648
2011-05-16	2585	2594	2598	2584	2589	2590	4	1318	9300
2011-05-17	2590	2592	2599	2581	2594	2590	4	2674	9800
2011-05-18	2590	2594	2626	2594	2605	2614	15	4430	10706
2011-05-19	2614	2621	2621	2604	2605	2612	-9	2378	11332
2011-05-20	2612	2611	2612	2604	2612	2608	0	2772	12840
2011-05-23	2608	2627	2704	2622	2664	2670	56	27250	16344
2011-05-24	2670	2675	2683	2642	2648	2655	-22	13818	15442
2011-05-25	2655	2653	2673	2650	2657	2660	2	9762	16224
2011-05-26	2660	2669	2679	2662	2678	2672	18	10002	18176
2011-05-27	2672	2680	2705	2673	2701	2693	29	26420	26300
2011-05-30	2693	2708	2764	2708	2751	2744	58	68944	41898
2011-05-31	2744	2743	2745	2691	2695	2712	-49	63176	37894
2011-06-01	2712	2695	2695	2672	2673	2681	-39	23202	35698
2011-06-02	2681	2668	2695	2662	2675	2682	-6	55594	39506
2011-06-03	2682	2682	2685	2662	2666	2672	-16	24400	41232
2011-06-07	2672	2642	2661	2642	2655	2653	-17	30458	42406
2011-06-08	2653	2655	2668	2645	2648	2656	-5	22332	41398
2011-06-09	2656	2653	2659	2644	2645	2652	-11	19934	42994
2011-06-10	2652	2648	2648	2623	2627	2631	-25	33704	41558
2011-06-13	2631	2632	2656	2628	2645	2645	14	25624	45064
2011-06-14	2645	2645	2647	2628	2629	2636	-16	14222	44974
2011-06-15	2636	2630	2635	2618	2631	2627	-5	18678	43970
2011-06-16	2627	2626	2640	2612	2613	2625	-14	14366	42736
2011-06-17	2625	2609	2616	2595	2595	2604	-30	14754	43164
2011-06-20	2604	2604	2619	2600	2612	2611	8	18290	42704
2011-06-21	2611	2619	2639	2616	2638	2631	27	33982	48408
2011-06-22	2631	2638	2639	2615	2620	2624	-11	17534	46246
2011-06-23	2624	2615	2616	2597	2610	2605	-14	16498	43414
2011-06-24	2605	2612	2627	2604	2615	2615	10	12040	42770
2011-06-27	2615	2607	2607	2584	2588	2592	-27	18982	42796
2011-06-28	2592	2592	2597	2583	2587	2589	-5	12592	41980
2011-06-29	2589	2598	2609	2592	2597	2599	8	17112	41832
2011-06-30	2599	2600	2605	2586	2596	2596	-3	14940	43014
2011-07-01	2596	2575	2587	2575	2580	2581	-16	12144	44292
2011-07-04	2581	2581	2597	2576	2593	2588	12	15582	48934
2011-07-05	2588	2596	2599	2581	2584	2587	-4	10948	48734
2011-07-06	2587	2590	2607	2581	2607	2596	20	24628	53904
2011-07-07	2596	2606	2622	2602	2613	2613	17	37392	54072
2011-07-08	2613	2620	2628	2605	2610	2617	-3	37884	56192
2011-07-11	2617	2615	2615	2599	2600	2607	-17	23090	53652
2011-07-12	2607	2598	2599	2549	2551	2569	-56	39814	57768
2011-07-13	2569	2555	2575	2555	2567	2566	-2	34330	58462
2011-07-14	2566	2577	2580	2561	2568	2571	2	26714	59410
2011-07-15	2571	2562	2586	2562	2571	2577	0	34900	62914
2011-07-18	2577	2570	2583	2566	2574	2575	-3	27912	60532
2011-07-19	2575	2579	2579	2567	2570	2572	-5	13266	58396
2011-07-20	2572	2575	2576	2565	2570	2569	-2	16790	57508
2011-07-21	2569	2569	2569	2546	2550	2556	-19	22624	57918
2011-07-22	2556	2550	2555	2539	2548	2546	-8	22788	57296
2011-07-25	2546	2548	2608	2543	2608	2583	62	87608	78860
2011-07-26	2583	2615	2625	2604	2610	2616	27	136636	93450
2011-07-27	2616	2609	2620	2586	2599	2599	-17	90546	96266
2011-07-28	2599	2597	2622	2594	2610	2610	11	93798	103430
2011-07-29	2610	2608	2618	2580	2582	2602	-28	90906	96576
2011-08-01	2602	2589	2596	2583	2595	2590	-7	34808	89082
2011-08-02	2590	2600	2626	2600	2604	2612	14	98676	99890
2011-08-03	2612	2614	2614	2598	2601	2603	-11	39132	96860
2011-08-04	2603	2596	2611	2586	2593	2598	-10	52554	87508
2011-08-05	2598	2576	2576	2553	2566	2565	-32	43842	76750
2011-08-08	2565	2560	2588	2560	2579	2577	14	42602	76788
2011-08-09	2577	2560	2588	2545	2586	2570	9	62954	75494
2011-08-10	2570	2593	2604	2581	2582	2590	12	34798	75204
2011-08-11	2590	2580	2590	2573	2588	2581	-2	29446	75300
2011-08-12	2581	2598	2598	2577	2577	2586	-4	19558	74586
2011-08-15	2586	2585	2600	2581	2595	2593	9	30414	74290
2011-08-16	2593	2597	2609	2580	2580	2597	-13	37278	71818
2011-08-17	2597	2582	2588	2576	2576	2582	-21	26636	72336
2011-08-18	2582	2580	2584	2568	2573	2575	-9	29318	74612
2011-08-19	2575	2566	2575	2563	2568	2568	-7	17434	74330
2011-08-22	2568	2571	2580	2562	2564	2570	-4	22022	76622
2011-08-23	2570	2566	2570	2555	2567	2562	-3	26942	74988
2011-08-24	2562	2571	2579	2564	2574	2571	12	32750	75296
2011-08-25	2571	2571	2575	2562	2565	2568	-6	16848	74616
2011-08-26	2568	2570	2573	2564	2572	2569	4	17388	74694
2011-08-29	2569	2575	2586	2572	2585	2579	16	33622	77520
2011-08-30	2579	2586	2615	2585	2596	2602	17	84920	82408
2011-08-31	2602	2600	2617	2592	2606	2607	4	56970	81882
2011-09-01	2607	2608	2613	2599	2602	2606	-5	21732	80374
2011-09-02	2606	2599	2613	2594	2604	2601	-2	15064	79432
2011-09-05	2601	2608	2614	2593	2598	2604	-3	34578	76746
2011-09-06	2604	2593	2598	2585	2593	2592	-11	16742	75312
2011-09-07	2592	2598	2598	2585	2596	2592	4	15772	74646
2011-09-08	2592	2596	2597	2585	2587	2591	-5	12972	73634
2011-09-09	2591	2589	2594	2583	2587	2587	-4	18162	70386
2011-09-13	2587	2586	2594	2580	2580	2584	-7	8454	70884
2011-09-14	2584	2580	2584	2570	2570	2575	-14	16398	68860
2011-09-15	2575	2574	2580	2571	2576	2577	1	7494	68028
2011-09-16	2577	2570	2579	2570	2578	2575	1	4812	67234
2011-09-19	2575	2575	2577	2560	2561	2566	-14	11708	67780
2011-09-20	2566	2564	2570	2560	2566	2566	0	6274	66720
2011-09-21	2566	2564	2582	2563	2576	2574	10	12006	63800
2011-09-22	2574	2569	2571	2556	2558	2562	-16	16958	64840
2011-09-23	2562	2545	2558	2488	2501	2528	-61	32116	58824
2011-09-26	2528	2502	2522	2458	2469	2502	-59	30336	53144
2011-09-27	2502	2502	2507	2490	2499	2499	-3	12762	48982
2011-09-28	2499	2504	2504	2483	2490	2490	-9	8406	47094
2011-09-29	2490	2466	2469	2440	2451	2450	-39	18360	49590
2011-09-30	2450	2459	2475	2452	2472	2464	22	11366	50226
2011-10-10	2464	2485	2486	2466	2468	2474	4	10436	53370
2011-10-11	2474	2473	2479	2446	2447	2461	-27	13884	57376
2011-10-12	2461	2465	2474	2458	2467	2466	6	14896	56604
2011-10-13	2466	2466	2466	2456	2461	2461	-5	5596	56966
2011-10-14	2461	2469	2515	2466	2509	2501	48	45452	48174
2011-10-17	2501	2510	2522	2501	2511	2514	10	12428	45248
2011-10-18	2514	2499	2502	2477	2478	2492	-36	7476	44514
2011-10-19	2492	2485	2499	2481	2488	2492	-4	7166	41504
2011-10-20	2492	2479	2488	2457	2461	2467	-31	7804	41100
2011-10-21	2467	2472	2475	2466	2468	2470	1	4702	39144
2011-10-24	2470	2477	2490	2458	2483	2474	13	8248	36312
2011-10-25	2474	2487	2493	2478	2489	2487	15	3544	35320
2011-10-26	2487	2487	2489	2466	2471	2482	-16	3728	34744
2011-10-27	2482	2470	2479	2464	2479	2475	-3	3918	32868
2011-10-28	2475	2490	2492	2468	2468	2476	-7	3352	32484
2011-10-31	2476	2470	2474	2446	2448	2458	-28	5282	32238
2011-11-01	2458	2446	2485	2443	2460	2469	2	4094	30994
2011-11-02	2469	2459	2480	2455	2480	2469	11	2632	31050
2011-11-03	2469	2474	2483	2467	2473	2474	4	1798	30498
2011-11-04	2474	2482	2482	2472	2478	2477	4	2336	29980
2011-11-07	2477	2480	2480	2472	2477	2475	0	1016	29566
2011-11-08	2475	2480	2485	2471	2480	2476	5	1680	28742
2011-11-09	2476	2481	2483	2474	2476	2478	0	1134	28084
2011-11-10	2478	2472	2475	2456	2460	2463	-18	3194	26384
2011-11-11	2463	2480	2480	2458	2472	2472	9	1562	25454
2011-11-14	2472	2480	2480	2472	2479	2476	7	1272	24558
2011-11-15	2476	2470	2474	2469	2471	2472	-5	500	24410
2011-11-16	2472	2478	2479	2467	2469	2472	-3	664	24130
2011-11-17	2472	2467	2471	2465	2465	2468	-7	740	23676
2011-11-18	2468	2457	2460	2440	2445	2449	-23	2228	23884
2011-11-21	2449	2441	2452	2423	2425	2434	-24	1632	23500
2011-11-22	2434	2425	2440	2392	2398	2404	-36	3244	21912
2011-11-23	2404	2395	2411	2390	2395	2399	-9	2028	20982
2011-11-24	2399	2388	2400	2385	2396	2392	-3	2158	19976
2011-11-25	2392	2396	2400	2372	2373	2385	-19	1216	20332
2011-11-28	2385	2383	2399	2374	2393	2390	8	858	19762
2011-11-29	2390	2399	2422	2383	2422	2409	32	2552	18768
2011-11-30	2409	2412	2432	2412	2422	2424	13	2352	17194
2011-12-01	2424	2442	2445	2430	2431	2436	7	936	16570
2011-12-02	2436	2429	2429	2420	2425	2425	-11	400	16326
2011-12-05	2425	2431	2434	2428	2430	2431	5	604	15902
2011-12-06	2431	2420	2426	2420	2425	2424	-6	318	15642
2011-12-07	2424	2429	2450	2425	2444	2434	20	2130	14072
2011-12-08	2434	2449	2455	2440	2454	2447	20	1072	13370
2011-12-09	2447	2453	2457	2445	2454	2453	7	1322	12156
2011-12-12	2453	2450	2456	2445	2451	2449	-2	1252	11376
2011-12-13	2449	2450	2451	2445	2445	2449	-4	1284	10236
2011-12-14	2449	2447	2449	2435	2435	2443	-14	568	10212
2011-12-15	2443	2422	2436	2415	2433	2427	-10	552	10096
2011-12-16	2427	2420	2441	2420	2435	2437	8	802	9728
2011-12-19	2437	2441	2444	2437	2444	2440	7	404	9428
2011-12-20	2440	2445	2447	2439	2439	2446	-1	1830	7850
2011-12-21	2446	2444	2448	2435	2435	2440	-11	1494	7132
2011-12-22	2440	2433	2451	2433	2445	2446	5	654	6502
2011-12-23	2446	2444	2454	2444	2453	2450	7	516	6008
2011-12-26	2450	2448	2457	2448	2453	2454	3	1080	4970
2011-12-27	2454	2454	2471	2454	2460	2464	6	270	4884
2011-12-28	2464	2457	2462	2454	2462	2458	-2	372	4718
2011-12-29	2458	2449	2454	2448	2451	2450	-7	270	4660
2011-12-30	2450	2450	2588	2450	2500	2485	50	678	4708
2012-01-04	2485	2485	2528	2485	2528	2488	43	2046	3780
2012-01-05	2488	2452	2480	2452	2480	2463	-8	30	3780
2012-01-06	2463	0	0	0	0	2480	17	600	3180
2012-01-09	2480	2485	2485	2485	2485	2485	5	1360	2500
2012-01-10	2485	2495	2495	2495	2495	2495	10	434	2080
2012-01-11	2495	2505	2505	2485	2485	2503	-10	540	1672
2012-01-12	2503	2485	2485	2485	2485	2485	-18	110	1602
2012-01-13	2485	2485	2485	2480	2481	2484	-4	54	1614
2012-01-16	2484	2480	2480	2480	2480	2480	-4	10	0
