2010-03-24	2219	2258	2258	2218	2229	2233	10	42	30
2010-03-25	2233	2224	2227	2223	2223	2224	-10	20	40
2010-03-26	2224	2218	2218	2215	2215	2216	-9	10	40
2010-03-29	2216	2217	2218	2217	2217	2218	1	8	40
2010-03-30	2218	2215	2217	2212	2215	2214	-3	50	70
2010-03-31	2214	2212	2217	2185	2199	2199	-15	518	148
2010-04-01	2199	2202	2211	2197	2205	2202	6	172	128
2010-04-02	2202	2204	2206	2203	2206	2205	4	20	140
2010-04-06	2205	2212	2213	2206	2211	2210	6	34	158
2010-04-07	2210	2215	2215	2209	2211	2213	1	32	158
2010-04-08	2213	2211	2222	2211	2213	2215	0	64	162
2010-04-09	2215	2213	2213	2203	2206	2208	-9	210	192
2010-04-12	2208	2208	2208	2199	2204	2203	-4	134	208
2010-04-13	2203	2199	2212	2198	2205	2206	2	264	362
2010-04-14	2206	2210	2217	2209	2210	2212	4	116	382
2010-04-15	2212	2209	2212	2207	2209	2208	-3	64	384
2010-04-16	2208	2212	2212	2200	2202	2204	-6	186	360
2010-04-19	2204	2200	2207	2200	2201	2202	-3	142	382
2010-04-20	2202	2201	2204	2196	2200	2200	-2	216	408
2010-04-21	2200	2196	2207	2196	2207	2202	7	186	494
2010-04-22	2202	2208	2211	2205	2206	2207	4	84	564
2010-04-23	2207	2210	2211	2208	2209	2209	2	76	632
2010-04-26	2209	2212	2212	2200	2203	2204	-6	238	756
2010-04-27	2204	2199	2201	2195	2199	2198	-5	124	834
2010-04-28	2198	2196	2196	2188	2190	2191	-8	338	1076
2010-04-29	2191	2192	2192	2178	2178	2184	-13	106	1086
2010-04-30	2184	2178	2181	2174	2178	2178	-6	138	1156
2010-05-04	2178	2171	2178	2171	2176	2175	-2	68	1148
2010-05-05	2175	2169	2173	2166	2173	2168	-2	282	1400
2010-05-06	2168	2173	2173	2161	2161	2165	-7	92	1438
2010-05-07	2165	2155	2155	2138	2138	2144	-27	286	1674
2010-05-10	2144	2143	2152	2136	2152	2142	8	822	2362
2010-05-11	2142	2152	2152	2143	2145	2148	3	90	2406
2010-05-12	2148	2145	2152	2144	2149	2148	1	362	2508
2010-05-13	2148	2152	2152	2137	2141	2140	-7	164	2600
2010-05-14	2140	2137	2137	2115	2120	2121	-20	632	2644
2010-05-17	2121	2111	2111	2086	2089	2092	-32	1200	2662
2010-05-18	2092	2089	2109	2089	2108	2100	16	316	2784
2010-05-19	2100	2101	2109	2097	2102	2103	2	508	2958
2010-05-20	2103	2110	2117	2106	2109	2113	6	240	2998
2010-05-21	2113	2106	2117	2106	2117	2110	4	234	2968
2010-05-24	2110	2119	2129	2118	2123	2121	13	438	3308
2010-05-25	2121	2115	2119	2107	2107	2115	-14	182	3170
2010-05-26	2115	2109	2109	2102	2104	2104	-11	30	3156
2010-05-27	2104	2105	2114	2105	2114	2108	10	24	3162
2010-05-28	2108	2111	2112	2105	2108	2109	0	312	3294
2010-05-31	2109	2100	2103	2093	2094	2099	-15	332	3082
2010-06-01	2099	2098	2098	2088	2088	2096	-11	340	3102
2010-06-02	2096	2092	2093	2086	2093	2091	-3	94	3146
2010-06-03	2091	2093	2096	2091	2091	2092	0	94	3232
2010-06-04	2092	2094	2095	2089	2091	2093	-1	334	3240
2010-06-07	2093	2080	2081	2071	2074	2074	-19	690	3808
2010-06-08	2074	2074	2087	2074	2085	2082	11	154	3866
2010-06-09	2082	2087	2090	2082	2088	2086	6	154	3860
2010-06-10	2086	2088	2090	2084	2086	2087	0	94	3836
2010-06-11	2087	2087	2087	2082	2086	2085	-1	92	3840
2010-06-17	2085	2093	2095	2085	2086	2089	1	88	3860
2010-06-18	2089	2083	2084	2079	2081	2081	-8	152	3896
2010-06-22	2095	2093	2106	2093	2104	2102	9	144	3880
2010-06-23	2102	2108	2108	2099	2101	2102	-1	460	3880
2010-06-24	2102	2104	2104	2099	2102	2100	0	114	3898
2010-06-25	2100	2104	2105	2096	2100	2100	0	98	3892
2010-06-28	2100	2098	2098	2090	2090	2094	-10	168	3898
2010-06-29	2094	2086	2092	2083	2085	2087	-9	30	3896
2010-06-30	2087	2082	2086	2080	2082	2083	-5	182	3914
2010-07-02	2083	2089	2091	2088	2091	2088	8	188	3924
2010-07-05	2088	2093	2105	2091	2105	2098	17	262	3926
2010-07-06	2098	2106	2122	2106	2120	2114	22	174	3968
2010-07-07	2114	2121	2124	2115	2122	2121	8	242	3956
2010-07-08	2121	2124	2124	2118	2118	2120	-3	138	3948
2010-07-09	2120	2122	2138	2122	2134	2134	14	646	3960
2010-07-12	2134	2139	2155	2133	2135	2150	1	402	3994
2010-07-13	2150	2136	2150	2134	2148	2141	-2	398	4014
2010-07-14	2141	2152	2164	2143	2146	2154	5	182	4042
2010-07-15	2154	2148	2148	2135	2140	2142	-14	162	4036
2010-07-16	2142	2144	2151	2144	2148	2147	6	206	4038
2010-07-19	2147	2151	2160	2150	2158	2155	11	106	4070
2010-07-20	2155	2155	2159	2154	2157	2158	2	252	4070
2010-07-21	2158	2155	2156	2147	2147	2153	-11	446	4118
2010-07-22	2153	2140	2143	2137	2137	2139	-16	144	4098
2010-07-23	2139	2145	2149	2141	2144	2146	5	192	4100
2010-07-26	2146	2144	2157	2144	2151	2152	5	228	4106
2010-07-27	2152	2145	2161	2145	2151	2154	-1	116	4082
2010-07-28	2154	2155	2166	2155	2164	2163	10	48	4082
2010-07-29	2163	2156	2156	2149	2149	2153	-14	252	3942
2010-07-30	2153	2149	2153	2148	2153	2151	0	484	3936
2010-08-02	2151	2163	2165	2158	2163	2161	12	244	3920
2010-08-03	2161	2168	2168	2153	2154	2156	-7	402	3894
2010-08-04	2156	2155	2165	2147	2152	2152	-4	626	3894
2010-08-05	2152	2158	2165	2150	2151	2162	-1	228	3720
2010-08-06	2162	2154	2172	2154	2169	2167	7	734	3724
2010-08-09	2167	2167	2205	2162	2204	2188	37	870	3678
2010-08-10	2188	2198	2208	2193	2194	2199	6	276	3638
2010-08-11	2199	2195	2202	2187	2189	2198	-10	518	3636
2010-08-12	2198	2181	2190	2181	2184	2185	-14	356	3672
2010-08-16	2191	2198	2204	2195	2203	2201	12	450	3642
2010-08-17	2201	2195	2195	2186	2190	2190	-11	126	3646
2010-08-18	2190	2190	2195	2172	2176	2184	-14	140	3648
2010-08-19	2184	2178	2180	2165	2173	2173	-11	186	3638
2010-08-20	2173	2172	2172	2155	2158	2163	-15	78	3642
2010-08-23	2163	2178	2178	2150	2151	2157	-12	242	3680
2010-08-24	2157	2150	2163	2150	2153	2157	-4	188	3674
2010-08-25	2157	2145	2145	2137	2140	2141	-17	54	3674
2010-08-26	2141	2145	2145	2139	2145	2142	4	134	3684
2010-08-27	2142	2145	2155	2144	2155	2150	13	162	3626
2010-08-30	2150	2158	2169	2157	2163	2165	13	720	3628
2010-08-31	2165	2155	2155	2151	2151	2153	-14	460	3630
2010-09-01	2153	2153	2153	2142	2153	2147	0	286	3588
2010-09-02	2147	2155	2156	2147	2155	2151	8	208	3438
2010-09-03	2151	2154	2162	2153	2160	2159	9	94	3448
2010-09-06	2159	2173	2181	2173	2179	2177	20	148	3446
2010-09-07	2177	2178	2183	2175	2178	2178	1	126	3446
2010-09-08	2178	2184	2189	2176	2176	2188	-2	434	3450
2010-09-09	2188	2175	2175	2135	2158	2153	-30	506	3354
2010-09-10	2153	2165	2165	2159	2163	2161	10	174	3340
2010-09-13	2161	2165	2165	2156	2156	2161	-5	92	3282
2010-09-14	2161	2158	2158	2140	2144	2147	-17	202	3186
2010-09-15	2147	2149	2150	2137	2140	2143	-7	176	3154
2010-09-16	2143	2137	2144	2122	2122	2129	-21	630	2996
2010-09-17	2129	2125	2130	2122	2126	2126	-3	244	2972
2010-09-20	2126	2132	2150	2132	2139	2144	13	416	2936
2010-09-21	2144	2131	2131	2105	2106	2111	-38	394	2890
2010-09-27	2111	2107	2123	2102	2105	2108	-6	188	2830
2010-09-28	2108	2102	2113	2098	2109	2106	1	258	2726
2010-09-29	2106	2103	2119	2103	2112	2111	6	166	2696
2010-09-30	2111	2099	2113	2099	2113	2109	2	120	2652
2010-10-08	2109	2120	2130	2119	2125	2125	16	312	2514
2010-10-11	2125	2130	2189	2130	2186	2178	61	608	2462
2010-10-12	2178	2166	2169	2161	2164	2166	-14	152	2434
2010-10-13	2166	2165	2176	2165	2171	2171	5	260	2320
2010-10-14	2171	2172	2175	2167	2174	2172	3	118	2288
2010-10-15	2172	2165	2176	2165	2174	2170	2	114	2260
2010-10-18	2170	2166	2236	2165	2230	2217	60	1402	2208
2010-10-19	2217	2238	2270	2215	2253	2242	36	2900	1584
2010-10-20	2242	2228	2310	2228	2310	2292	68	640	1586
2010-10-21	2292	2381	2396	2350	2362	2387	70	1422	894
2010-10-22	2387	2358	2429	2353	2419	2400	32	1294	1174
2010-10-25	2400	2441	2464	2427	2455	2454	55	1082	1090
2010-10-26	2454	2457	2470	2412	2415	2452	-39	844	1266
2010-10-27	2452	2426	2433	2378	2378	2393	-74	268	1244
2010-10-28	2393	2355	2358	2317	2330	2329	-63	528	1014
2010-10-29	2329	2303	2355	2282	2310	2308	-19	150	966
2010-11-01	2308	2337	2350	2325	2328	2335	20	72	954
2010-11-02	2335	2321	2360	2302	2335	2337	0	120	936
2010-11-03	2337	2338	2362	2331	2331	2343	-6	210	1070
2010-11-04	2343	2338	2352	2331	2345	2341	2	210	992
2010-11-05	2341	2365	2420	2354	2409	2383	68	130	934
2010-11-08	2383	2419	2419	2352	2379	2379	-4	70	952
2010-11-09	2379	2401	2403	2385	2400	2398	21	52	944
2010-11-10	2398	2401	2442	2378	2378	2407	-20	206	976
2010-11-11	2407	2375	2379	2341	2372	2363	-35	22	970
2010-11-12	2363	2331	2391	2271	2326	2326	-37	496	990
2010-11-15	2326	2312	2443	2312	2443	2382	117	876	916
2010-11-16	2382	2453	2490	2365	2372	2419	-10	666	894
2010-11-17	2419	2339	2385	2305	2357	2345	-62	980	816
2010-11-18	2345	2386	2463	2385	2450	2418	105	220	796
2010-11-19	2418	2442	2474	2410	2426	2453	8	574	600
2010-11-22	2453	2426	2426	2378	2378	2395	-75	116	582
2010-11-23	2395	2396	2396	2342	2344	2354	-51	924	334
2010-11-24	2354	2353	2358	2334	2352	2344	-2	112	318
2010-11-25	2344	2358	2368	2333	2333	2351	-11	92	300
2010-11-26	2351	2331	2339	2261	2278	2298	-73	654	396
2010-11-29	2298	2267	2270	2238	2270	2258	-28	52	388
2010-11-30	2258	2255	2268	2253	2260	2258	2	18	386
2010-12-01	2258	2264	2276	2254	2276	2264	18	588	714
2010-12-02	2264	2298	2302	2293	2295	2295	31	62	722
2010-12-03	2295	2296	2296	2287	2288	2291	-7	18	718
2010-12-06	2291	2308	2308	2300	2303	2303	12	38	724
2010-12-07	2303	2301	2318	2296	2315	2312	12	104	702
2010-12-08	2312	2292	2311	2292	2303	2302	-9	92	690
2010-12-09	2302	2304	2304	2296	2296	2298	-6	14	684
2010-12-10	2298	2296	2298	2291	2291	2298	-7	278	686
2010-12-13	2298	2295	2309	2295	2309	2303	11	44	696
2010-12-14	2303	2314	2326	2306	2322	2317	19	84	690
2010-12-15	2317	2322	2330	2310	2311	2321	-6	22	682
2010-12-16	2321	2305	2309	2301	2303	2305	-18	48	650
2010-12-17	2305	2309	2309	2298	2300	2302	-5	18	644
2010-12-20	2302	2315	2322	2306	2306	2312	4	14	640
2010-12-21	2312	2307	2307	2307	2307	2307	-5	2	642
2010-12-22	2307	2311	2324	2311	2318	2318	11	20	644
2010-12-23	2318	2328	2330	2328	2330	2329	12	12	636
2010-12-24	2329	2325	2325	2313	2316	2319	-13	12	634
2010-12-27	2319	2273	2320	2273	2320	2307	1	36	616
2010-12-28	2307	2334	2336	2325	2325	2331	18	26	610
2010-12-29	2331	2327	2327	2325	2325	2326	-6	8	602
2010-12-30	2326	2309	2309	2305	2309	2308	-17	18	598
2010-12-31	2308	2306	2307	2303	2303	2306	-5	314	292
2011-01-04	2306	2306	2334	2306	2317	2317	11	20	286
2011-01-05	2317	2320	2320	2309	2312	2316	-5	34	266
2011-01-06	2316	2326	2326	2319	2322	2322	6	6	264
2011-01-07	2322	2310	2316	2286	2286	2307	-36	92	260
2011-01-10	2307	0	0	0	0	2285	-2307	0	260
2011-01-11	2285	2291	2291	2270	2270	2278	-15	24	272
2011-01-12	2278	2268	2273	2268	2273	2271	-5	4	274
2011-01-13	2271	2284	2285	2274	2274	2280	3	16	268
2011-01-14	2280	2280	2297	2280	2288	2290	8	26	252
2011-01-17	2290	2284	2297	2281	2297	2290	7	14	256
2011-01-18	2290	2287	2312	2283	2312	2301	22	66	292
2011-01-19	2301	0	0	0	0	2301	-2301	0	292
2011-01-20	2301	2285	2285	2285	2285	2285	-16	40	264
2011-01-21	2285	2280	2280	2280	2280	2280	-5	2	264
2011-01-24	2280	2293	2297	2286	2290	2294	10	22	260
2011-01-25	2294	2300	2309	2287	2302	2303	8	164	238
2011-01-26	2303	2300	2300	2282	2282	2289	-21	8	236
2011-01-27	2289	2302	2302	2291	2291	2299	2	8	236
2011-01-28	2299	0	0	0	0	2291	-2299	0	236
2011-01-31	2291	2293	2293	2293	2293	2293	2	2	236
2011-02-01	2293	2272	2291	2272	2277	2280	-16	6	234
2011-02-09	2280	2298	2298	2283	2293	2286	13	52	232
2011-02-10	2286	2330	2342	2308	2340	2323	54	58	208
2011-02-11	2323	2317	2342	2317	2320	2330	-3	22	208
2011-02-14	2330	2312	2342	2312	2331	2327	1	18	208
2011-02-15	2327	2336	2346	2326	2326	2333	-1	64	196
2011-02-16	2333	2362	2362	2304	2306	2329	-27	40	198
2011-02-17	2329	2319	2329	2319	2321	2323	-8	6	198
2011-02-18	2323	2299	2300	2294	2294	2298	-29	22	196
2011-02-21	2298	2222	2308	2222	2303	2296	5	22	196
2011-02-22	2296	2388	2456	2300	2300	2372	4	84	212
2011-02-23	2372	2294	2294	2262	2286	2279	-86	24	196
2011-02-24	2279	2283	2283	2259	2259	2267	-20	6	190
2011-02-25	2267	2250	2296	2250	2296	2268	29	10	192
2011-02-28	2268	2296	2296	2259	2272	2271	4	106	182
2011-03-01	2271	0	0	0	0	2271	-2271	0	182
2011-03-02	2271	0	0	0	0	2271	-2271	0	182
2011-03-03	2271	0	0	0	0	2271	-2271	0	182
2011-03-04	2271	0	0	0	0	2271	-2271	0	182
2011-03-07	2271	0	0	0	0	2271	-2271	0	182
2011-03-08	2271	0	0	0	0	2271	-2271	0	182
2011-03-09	2271	0	0	0	0	2271	-2271	0	182
2011-03-10	2271	0	0	0	0	2271	-2271	0	182
2011-03-11	2271	0	0	0	0	2271	-2271	0	182
2011-03-14	2271	0	0	0	0	2271	-2271	0	182
2011-03-15	2271	0	0	0	0	2271	-2271	0	182
2011-03-16	2271	0	0	0	0	2271	-2271	0	182
2011-03-17	2271	0	0	0	0	2271	-2271	0	182
2011-03-18	2271	0	0	0	0	2271	-2271	0	182
2011-03-21	2271	0	0	0	0	2271	-2271	0	182
2011-03-22	2271	0	0	0	0	2271	-2271	0	182
2011-03-23	2271	0	0	0	0	2271	-2271	0	0
