2011-03-24	2715	0	0	0	0	2721	-2715	0	0
2011-03-25	2721	0	0	0	0	2721	-2721	0	0
2011-03-28	2721	2709	2710	2709	2710	2710	-11	4	4
2011-03-29	2710	2685	2708	2685	2699	2694	-11	16	16
2011-03-30	2694	2707	2707	2693	2693	2700	-1	10	14
2011-03-31	2700	2698	2698	2682	2682	2687	-18	8	14
2011-04-01	2687	2718	2718	2668	2688	2686	1	10	16
2011-04-06	2686	2690	2690	2690	2690	2690	4	2	16
2011-04-07	2690	2678	2702	2675	2697	2694	7	72	50
2011-04-08	2694	2693	2704	2693	2704	2702	10	12	44
2011-04-11	2702	2717	2734	2715	2715	2725	13	54	36
2011-04-12	2725	2701	2708	2692	2705	2701	-20	28	38
2011-04-13	2701	2690	2690	2683	2683	2687	-18	4	36
2011-04-14	2687	2677	2686	2676	2676	2678	-11	12	38
2011-04-15	2678	2660	2675	2660	2663	2665	-15	8	40
2011-04-18	2665	2650	2650	2650	2650	2650	-15	2	38
2011-04-19	2650	2658	2696	2658	2696	2661	46	22	60
2011-04-20	2661	2672	2680	2672	2680	2674	19	30	38
2011-04-21	2674	2678	2678	2666	2666	2673	-8	10	34
2011-04-22	2673	2670	2671	2670	2671	2671	-2	4	30
2011-04-25	2671	2688	2688	2651	2663	2668	-8	10	34
2011-04-26	2668	2655	2665	2655	2657	2658	-11	8	34
2011-04-27	2658	0	0	0	0	2655	-2658	0	34
2011-04-28	2655	2639	2642	2628	2628	2637	-27	14	32
2011-04-29	2637	2601	2611	2601	2611	2606	-26	4	34
2011-05-03	2606	2616	2620	2610	2610	2615	4	8	40
2011-05-04	2615	2601	2616	2597	2603	2604	-12	28	40
2011-05-05	2604	2589	2604	2589	2599	2598	-5	24	54
2011-05-06	2598	2590	2592	2590	2592	2591	-6	8	52
2011-05-09	2591	2604	2604	2604	2604	2604	13	2	52
2011-05-10	2604	0	0	0	0	2605	-2604	0	52
2011-05-11	2605	2601	2602	2601	2602	2602	-3	6	56
2011-05-12	2602	2591	2591	2591	2591	2591	-11	2	58
2011-05-13	2591	2593	2628	2593	2628	2615	37	16	48
2011-05-16	2615	2620	2639	2620	2620	2625	5	8	42
2011-05-17	2625	2650	2650	2620	2620	2635	-5	4	44
2011-05-18	2635	2683	2683	2639	2653	2654	18	12	46
2011-05-19	2654	2645	2645	2645	2645	2645	-9	2	46
2011-05-20	2645	2636	2636	2600	2632	2626	-13	8	52
2011-05-23	2626	2661	2714	2661	2689	2692	63	54	80
2011-05-24	2692	2701	2701	2672	2672	2684	-20	10	78
2011-05-25	2684	2687	2688	2682	2686	2686	2	32	76
2011-05-26	2686	2701	2701	2691	2701	2696	15	12	74
2011-05-27	2696	2721	2732	2720	2732	2723	36	10	78
2011-05-30	2723	2762	2779	2759	2775	2770	52	52	92
2011-05-31	2770	2760	2760	2728	2733	2740	-37	22	88
2011-06-01	2740	2713	2713	2713	2713	2713	-27	2	86
2011-06-02	2713	2723	2723	2699	2705	2708	-8	14	84
2011-06-03	2708	2703	2703	2691	2691	2695	-17	6	84
2011-06-07	2695	2679	2679	2675	2678	2677	-17	6	82
2011-06-08	2677	2635	2684	2635	2671	2674	-6	36	82
2011-06-09	2674	2646	2678	2646	2675	2672	1	16	84
2011-06-10	2672	2663	2663	2660	2660	2662	-12	6	80
2011-06-13	2662	2679	2679	2679	2679	2679	17	2	80
2011-06-14	2679	2663	2664	2663	2664	2664	-15	6	74
2011-06-15	2664	2656	2668	2656	2668	2662	4	12	74
2011-06-16	2662	2663	2664	2655	2655	2659	-7	10	68
2011-06-17	2659	2656	2656	2642	2642	2646	-17	10	70
2011-06-20	2646	0	0	0	0	2646	-2646	0	70
2011-06-21	2646	2703	2703	2668	2674	2674	28	18	68
2011-06-22	2674	2667	2697	2661	2668	2678	-6	20	66
2011-06-23	2678	2644	2644	2644	2644	2644	-34	2	64
2011-06-24	2644	2653	2657	2651	2657	2654	13	6	60
2011-06-27	2654	2630	2634	2630	2634	2633	-20	24	52
2011-06-28	2633	2634	2634	2627	2627	2631	-6	4	52
2011-06-29	2631	2642	2642	2637	2637	2640	6	4	50
2011-06-30	2640	2643	2643	2632	2637	2637	-3	16	54
2011-07-01	2637	0	0	0	0	2623	-2637	0	54
2011-07-04	2623	0	0	0	0	2623	-2623	0	54
2011-07-05	2623	2623	2623	2622	2622	2623	-1	8	54
2011-07-06	2623	2635	2635	2635	2635	2635	12	6	54
2011-07-07	2635	2648	2648	2648	2648	2648	13	2	54
2011-07-08	2648	2641	2661	2641	2656	2655	8	10	52
2011-07-11	2655	0	0	0	0	2645	-2655	0	52
2011-07-12	2645	2614	2615	2593	2593	2607	-52	6	50
2011-07-13	2607	0	0	0	0	2607	-2607	0	50
2011-07-14	2607	2618	2618	2606	2606	2610	-1	6	50
2011-07-15	2610	2609	2623	2609	2609	2618	-1	146	52
2011-07-18	2618	2602	2622	2601	2611	2610	-7	170	58
2011-07-19	2610	2607	2620	2607	2620	2616	10	6	56
2011-07-20	2616	2603	2612	2603	2612	2608	-4	160	56
2011-07-21	2608	2607	2607	2588	2588	2598	-20	4	56
2011-07-22	2598	2586	2591	2585	2591	2587	-7	6	56
2011-07-25	2587	2615	2640	2615	2640	2631	53	12	50
2011-07-26	2631	2658	2658	2648	2648	2653	17	240	48
2011-07-27	2653	2635	2638	2623	2623	2630	-30	12	52
2011-07-28	2630	2650	2650	2638	2638	2646	8	8	48
2011-07-29	2646	2642	2654	2637	2637	2646	-9	10	48
2011-08-01	2646	0	0	0	0	2642	-2646	0	48
2011-08-02	2642	2646	2651	2646	2650	2649	8	6	50
2011-08-03	2649	2653	2653	2651	2651	2651	2	34	48
2011-08-04	2651	2647	2651	2626	2643	2639	-8	20	48
2011-08-05	2639	0	0	0	0	2625	-2639	0	48
2011-08-08	2625	2624	2635	2624	2635	2630	10	4	48
2011-08-09	2630	2613	2613	2613	2613	2613	-17	2	46
2011-08-10	2613	0	0	0	0	2630	-2613	0	46
2011-08-11	2630	2640	2647	2631	2638	2637	8	14	48
2011-08-12	2637	2651	2651	2651	2651	2651	14	2	46
2011-08-15	2651	2652	2654	2652	2654	2654	3	8	54
2011-08-16	2654	0	0	0	0	2642	-2654	0	54
2011-08-17	2642	2644	2644	2633	2633	2639	-9	34	54
2011-08-18	2639	2641	2641	2630	2635	2636	-4	20	54
2011-08-19	2636	2628	2628	2624	2626	2626	-10	8	54
2011-08-22	2626	2632	2632	2631	2631	2632	5	4	50
2011-08-23	2632	2616	2626	2616	2626	2623	-6	6	52
2011-08-24	2623	2624	2635	2624	2635	2629	12	6	52
2011-08-25	2629	0	0	0	0	2629	-2629	0	52
2011-08-26	2629	0	0	0	0	2629	-2629	0	52
2011-08-29	2629	2629	2629	2629	2629	2629	0	2	52
2011-08-30	2629	2656	2663	2651	2653	2656	24	14	52
2011-08-31	2656	2669	2671	2664	2664	2667	8	8	52
2011-09-01	2667	2665	2665	2655	2665	2661	-2	20	52
2011-09-02	2661	2661	2661	2660	2660	2661	-1	4	52
2011-09-05	2661	2665	2666	2660	2660	2664	-1	8	50
2011-09-06	2664	2660	2660	2646	2646	2653	-18	4	50
2011-09-07	2653	2650	2650	2650	2650	2650	-3	2	50
2011-09-08	2650	2654	2654	2654	2654	2654	4	2	50
2011-09-09	2654	0	0	0	0	2650	-2654	0	50
2011-09-13	2650	0	0	0	0	2644	-2650	0	50
2011-09-14	2644	2642	2642	2642	2642	2642	-2	4	52
2011-09-15	2642	0	0	0	0	2639	-2642	0	52
2011-09-16	2639	0	0	0	0	2639	-2639	0	52
2011-09-19	2639	2635	2635	2628	2629	2632	-10	14	56
2011-09-20	2632	2627	2627	2627	2627	2627	-5	2	58
2011-09-21	2627	0	0	0	0	2630	-2627	0	58
2011-09-22	2630	2621	2622	2621	2622	2622	-8	4	58
2011-09-23	2622	2609	2609	2554	2554	2590	-68	10	56
2011-09-26	2590	2562	2582	2540	2540	2563	-50	20	60
2011-09-27	2563	2557	2557	2557	2557	2557	-6	6	54
2011-09-28	2557	0	0	0	0	2554	-2557	0	54
2011-09-29	2554	2508	2511	2508	2511	2510	-43	6	52
2011-09-30	2510	2522	2522	2522	2522	2522	12	12	40
2011-10-10	2522	2526	2526	2516	2516	2521	-6	14	40
2011-10-11	2521	2521	2521	2501	2501	2511	-20	4	40
2011-10-12	2511	0	0	0	0	2511	-2511	0	40
2011-10-13	2511	0	0	0	0	2511	-2511	0	40
2011-10-14	2511	2560	2567	2551	2567	2562	56	26	40
2011-10-17	2562	2561	2575	2559	2559	2568	-3	30	48
2011-10-18	2568	2535	2535	2535	2535	2535	-33	2	48
2011-10-19	2535	0	0	0	0	2536	-2535	0	48
2011-10-20	2536	2525	2525	2512	2521	2518	-15	28	60
2011-10-21	2518	0	0	0	0	2518	-2518	0	60
2011-10-24	2518	2542	2542	2535	2540	2539	22	18	60
2011-10-25	2539	0	0	0	0	2539	-2539	0	60
2011-10-26	2539	2535	2543	2527	2537	2535	-2	20	52
2011-10-27	2535	2522	2522	2522	2522	2522	-13	2	52
2011-10-28	2522	2540	2540	2528	2528	2538	6	14	60
2011-10-31	2538	2525	2525	2499	2515	2511	-23	38	56
2011-11-01	2511	2518	2536	2512	2512	2524	1	16	54
2011-11-02	2524	0	0	0	0	2525	1	0	54
2011-11-03	2525	2527	2527	2527	2527	2527	2	2	54
2011-11-04	2527	0	0	0	0	2527	0	0	54
2011-11-07	2527	0	0	0	0	2527	0	0	54
2011-11-08	2527	0	0	0	0	2527	0	0	54
2011-11-09	2527	0	0	0	0	2527	0	0	54
2011-11-10	2527	0	0	0	0	2526	-1	0	54
2011-11-11	2526	2515	2530	2514	2530	2518	4	8	54
2011-11-14	2518	2540	2540	2523	2530	2529	12	8	54
2011-11-15	2529	0	0	0	0	2529	0	0	54
2011-11-16	2529	0	0	0	0	2528	-1	0	54
2011-11-17	2528	2517	2517	2515	2515	2516	-13	14	40
2011-11-18	2516	2504	2509	2461	2476	2483	-40	36	46
2011-11-21	2483	2457	2465	2457	2464	2462	-19	12	50
2011-11-22	2462	2380	2418	2380	2405	2403	-57	10	54
2011-11-23	2403	2370	2395	2361	2395	2368	-8	18	56
2011-11-24	2368	2391	2393	2360	2393	2388	25	16	42
2011-11-25	2388	2380	2380	2380	2380	2380	-8	10	36
2011-11-28	2380	2385	2385	2385	2385	2385	5	4	36
2011-11-29	2385	2409	2409	2409	2409	2409	24	4	36
2011-11-30	2409	2441	2443	2411	2411	2428	2	44	38
2011-12-01	2428	2443	2443	2425	2440	2439	12	12	28
2011-12-02	2439	0	0	0	0	2439	0	0	28
2011-12-05	2439	2430	2430	2430	2430	2430	-9	10	24
2011-12-06	2430	2420	2450	2420	2423	2436	-7	8	24
2011-12-07	2436	2433	2462	2433	2437	2444	1	6	24
2011-12-08	2444	2420	2420	2420	2420	2420	-24	2	24
2011-12-09	2420	0	0	0	0	2420	0	0	24
2011-12-12	2420	2469	2469	2422	2422	2446	2	4	26
2011-12-13	2446	2446	2446	2420	2420	2432	-26	8	26
2011-12-14	2432	2430	2465	2430	2441	2454	9	24	24
2011-12-15	2454	2316	2432	2316	2432	2355	-22	6	24
2011-12-16	2355	0	0	0	0	2365	10	0	24
2011-12-19	2365	0	0	0	0	2368	3	0	24
2011-12-20	2368	2455	2455	2455	2455	2455	87	10	24
2011-12-21	2455	0	0	0	0	2449	-6	0	24
2011-12-22	2449	2440	2440	2440	2440	2440	-9	2	24
2011-12-23	2440	0	0	0	0	2465	25	0	24
2011-12-26	2465	0	0	0	0	2465	0	0	24
2011-12-27	2465	2460	2523	2460	2507	2475	42	16	24
2011-12-28	2475	2487	2489	2485	2489	2487	14	6	24
2011-12-29	2487	2489	2493	2453	2453	2487	-34	36	26
2011-12-30	2487	0	0	0	0	2487	0	0	26
2012-01-04	2487	2555	2555	2555	2555	2555	68	2	28
2012-01-05	2555	2576	2576	2521	2523	2537	-32	10	26
2012-01-06	2537	0	0	0	0	2537	0	0	26
2012-01-09	2537	0	0	0	0	2537	0	0	26
2012-01-10	2537	2512	2594	2512	2547	2545	10	10	30
2012-01-11	2545	2512	2512	2512	2512	2512	-33	2	30
2012-01-12	2512	2522	2532	2522	2532	2530	20	8	24
2012-01-13	2530	0	0	0	0	2530	0	0	24
2012-01-16	2530	2511	2555	2511	2515	2527	-15	6	24
2012-01-17	2527	0	0	0	0	2531	4	0	24
2012-01-18	2531	2525	2525	2525	2525	2525	-6	6	24
2012-01-19	2525	2480	2548	2480	2540	2525	15	8	24
2012-01-20	2525	0	0	0	0	2530	5	0	24
2012-01-30	2530	0	0	0	0	2534	4	0	24
2012-01-31	2534	2531	2531	2531	2531	2531	-3	2	22
2012-02-01	2531	0	0	0	0	2529	-2	0	22
2012-02-02	2529	2539	2539	2539	2539	2539	10	8	20
2012-02-03	2539	2525	2525	2525	2525	2525	-14	2	20
2012-02-06	2525	0	0	0	0	2560	35	0	20
2012-02-07	2560	2540	2540	2540	2540	2540	-20	4	20
2012-02-08	2540	0	0	0	0	2540	0	0	20
2012-02-09	2540	0	0	0	0	2540	0	0	20
2012-02-10	2540	2530	2587	2530	2587	2559	47	4	22
2012-02-13	2559	0	0	0	0	2559	0	0	22
2012-02-14	2559	2597	2597	2597	2597	2597	38	2	22
2012-02-15	2597	2571	2571	2571	2571	2571	-26	6	16
2012-02-16	2571	2515	2515	2515	2515	2515	-56	4	14
2012-02-17	2515	0	0	0	0	2540	25	0	14
2012-02-20	2540	2540	2540	2540	2540	2540	0	6	8
2012-02-21	2540	0	0	0	0	2551	11	0	8
2012-02-22	2551	2560	2560	2560	2560	2560	9	2	6
2012-02-23	2560	0	0	0	0	2560	0	0	6
2012-02-24	2560	2422	2422	2422	2422	2422	-138	2	8
2012-02-27	2422	0	0	0	0	2468	46	0	8
2012-02-28	2468	2549	2597	2480	2597	2539	129	12	4
2012-02-29	2539	2460	2589	2460	2589	2503	50	6	0
2012-03-01	2503	0	0	0	0	2503	0	0	0
2012-03-02	2503	0	0	0	0	2503	0	0	0
2012-03-05	2503	0	0	0	0	2503	0	0	0
2012-03-06	2503	0	0	0	0	2503	0	0	0
2012-03-07	2503	0	0	0	0	2503	0	0	0
2012-03-08	2503	0	0	0	0	2503	0	0	0
2012-03-09	2503	0	0	0	0	2503	0	0	0
2012-03-12	2503	0	0	0	0	2503	0	0	0
2012-03-13	2503	0	0	0	0	2503	0	0	0
2012-03-14	2503	0	0	0	0	2503	0	0	0
2012-03-15	2503	0	0	0	0	2503	0	0	0
2012-03-16	2503	0	0	0	0	2503	0	0	0
2012-03-19	2503	0	0	0	0	2503	0	0	0
2012-03-20	2503	0	0	0	0	2503	0	0	0
2012-03-21	2503	0	0	0	0	2503	0	0	0
2012-03-22	2503	0	0	0	0	2503	0	0	0
