2008-03-17	11348	-	-	-	11348	11348	0	0	0
2008-03-18	11348	-	-	-	11348	11348	0	0	0
2008-03-19	11348	10888	10888	10442	10442	10472	-876	36	16
2008-03-20	10472	10054	10340	10054	10220	10166	-306	14	12
2008-03-21	10166	9762	10168	9762	10168	10032	-134	6	10
2008-03-24	10032	10010	10010	10010	10010	10010	-22	4	6
2008-03-25	10010	10300	10500	10084	10300	10314	304	26	6
2008-03-26	10314	10300	10790	10300	10380	10420	106	22	4
2008-03-27	10420	10300	10588	10282	10282	10340	-80	12	2
2008-03-28	10340	9836	9836	9836	9836	9836	-504	2	2
2008-03-31	9836	-	-	-	9836	9836	0	0	2
2008-04-01	9836	9346	9346	9346	9346	9346	-490	24	22
2008-04-02	9346	9796	9798	9570	9770	9718	372	30	18
2008-04-03	9718	10184	10184	9750	9816	9934	216	8	18
2008-04-07	9934	10320	10380	9924	10170	10174	240	22	18
2008-04-08	10174	10112	10400	10112	10400	10186	12	8	18
2008-04-09	10186	10640	10640	10214	10278	10352	166	22	20
2008-04-10	10352	10440	10440	10200	10320	10316	-36	28	30
2008-04-11	10316	10210	10500	10210	10358	10392	76	18	36
2008-04-14	10392	10178	10910	10178	10910	10580	188	66	30
2008-04-15	10580	11108	11108	10502	11108	11016	436	34	30
2008-04-16	11016	10952	11376	10842	10900	11048	32	36	28
2008-04-17	11048	10650	11112	10650	10960	10970	-78	54	32
2008-04-18	10970	10900	11380	10900	10960	11170	200	52	30
2008-04-21	11170	10880	10880	10612	10612	10666	-504	28	44
2008-04-22	10666	10300	10698	10300	10358	10404	-262	66	40
2008-04-23	10404	10620	10800	10620	10800	10718	314	106	76
2008-04-24	10718	10612	10770	10612	10770	10682	-36	12	76
2008-04-25	10682	10500	10540	10500	10530	10516	-166	8	80
2008-04-28	10516	10552	10696	10550	10592	10584	68	20	78
2008-04-29	10584	10418	10418	10168	10198	10236	-348	22	74
2008-04-30	10236	10236	10380	10222	10300	10282	46	70	74
2008-05-05	10282	10348	10374	10300	10370	10348	66	36	66
2008-05-06	10348	10450	10600	10450	10546	10534	186	48	70
2008-05-07	10534	10420	10480	10402	10480	10450	-84	14	66
2008-05-08	10450	10550	10630	10520	10630	10580	130	34	66
2008-05-09	10580	10630	10630	10572	10626	10618	38	20	70
2008-05-12	10618	11048	11148	11040	11148	11124	506	18	70
2008-05-13	11124	11298	11350	11206	11206	11270	146	24	62
2008-05-14	11270	11350	11548	11330	11548	11388	118	26	66
2008-05-15	11388	11302	11302	11098	11210	11196	-192	28	62
2008-05-16	11196	11200	11200	11150	11150	11170	-26	10	62
2008-05-19	11170	11150	11200	11150	11200	11170	0	10	70
2008-05-20	11170	-	-	-	11170	11170	0	0	70
2008-05-21	11170	11250	11250	11190	11204	11202	32	12	62
2008-05-22	11202	11490	11490	11400	11460	11444	242	8	62
2008-05-23	11444	-	-	-	11444	11444	0	0	62
2008-05-26	11444	-	-	-	11444	11444	0	0	62
2008-05-27	11444	11254	11690	11254	11680	11582	138	30	70
2008-05-28	11582	-	-	-	11582	11582	0	0	70
2008-05-29	11582	11450	11450	11292	11292	11376	-206	36	64
2008-05-30	11376	10902	10968	10902	10968	10946	-430	6	64
2008-06-02	10946	10982	11000	10982	11000	10990	44	4	64
2008-06-03	10990	10976	11040	10976	11040	10998	8	12	62
2008-06-04	10998	11000	11060	11000	11020	11002	4	62	46
2008-06-05	11002	11150	11150	11122	11138	11134	132	10	40
2008-06-06	11134	11394	11394	11394	11394	11394	260	2	38
2008-06-10	11394	11564	11600	11564	11600	11582	188	4	36
2008-06-11	11582	11650	11750	11650	11670	11690	108	6	36
2008-06-12	11690	12032	12032	11804	11928	11940	250	8	36
2008-06-13	11940	12300	12300	12300	12300	12300	360	2	36
2008-06-16	12300	12244	12244	12244	12244	12244	-56	2	36
2008-06-17	12244	11814	11814	11814	11814	11814	-430	2	34
2008-06-18	11814	12134	12134	12134	12134	12134	320	2	34
2008-06-19	12134	-	-	-	12134	12134	0	0	34
2008-06-20	12134	-	-	-	12134	12134	0	0	34
2008-06-23	12134	11566	11634	11542	11562	11566	-568	3602	34
2008-06-24	11566	11546	11546	11508	11508	11532	-34	1624	34
2008-06-25	11532	-	-	-	11532	11532	0	0	34
2008-06-26	11532	11600	11820	11600	11756	11670	138	20	44
2008-06-27	11670	11756	12050	11752	11980	11890	220	120	50
2008-06-30	11890	12000	12120	11900	12004	12030	140	152	32
2008-07-01	12030	12118	12248	12118	12246	12196	166	60	36
2008-07-02	12196	12134	12616	12134	12290	12324	128	60	34
2008-07-03	12324	12250	12250	11762	11782	11970	-354	20	36
2008-07-04	11970	11700	11860	11700	11712	11770	-200	22	38
2008-07-07	11770	11600	11750	11600	11700	11684	-86	24	36
2008-07-08	11684	11566	11568	11400	11530	11512	-172	22	34
2008-07-09	11512	11696	11696	11606	11638	11654	142	10	34
2008-07-10	11654	11658	11658	11482	11566	11570	-84	24	34
2008-07-11	11570	11500	11838	11500	11770	11718	148	10	32
2008-07-14	11718	11502	11610	11460	11518	11520	-198	98	58
2008-07-15	11520	11090	11666	11090	11580	11512	-8	50	58
2008-07-16	11512	11518	11522	11474	11474	11494	-18	20	38
2008-07-17	11494	11540	11540	11540	11540	11540	46	2	38
2008-07-18	11540	11398	11418	11160	11216	11276	-264	20	38
2008-07-21	11276	10900	10998	10714	10714	10766	-510	20	30
2008-07-22	10766	10622	10784	10622	10784	10712	-54	16	34
2008-07-23	10712	10502	10590	10250	10340	10360	-352	28	28
2008-07-24	10360	10356	10506	10286	10300	10384	24	20	30
2008-07-25	10384	10486	10486	10296	10316	10360	-24	10	30
2008-07-28	10360	10798	10798	10390	10410	10440	80	46	30
2008-07-29	10440	10160	10160	9960	9960	10004	-436	50	50
2008-07-30	10004	9956	9990	9956	9990	9972	-32	8	50
2008-07-31	9972	10078	10078	10078	10078	10078	106	2	50
2008-08-01	10078	9832	9988	9750	9832	9842	-236	128	30
2008-08-04	9842	-	-	-	9842	9842	0	0	30
2008-08-05	9842	-	-	-	9842	9842	0	0	30
2008-08-06	9842	9350	9350	9350	9350	9350	-492	4	32
2008-08-07	9350	8952	9126	8952	9042	9074	-276	132	132
2008-08-08	9074	9524	9524	8934	9014	9078	4	146	64
2008-08-11	9078	8692	8726	8626	8626	8670	-408	42	60
2008-08-12	8670	8636	8804	8636	8650	8686	16	112	108
2008-08-13	8686	8688	9000	8688	9000	8816	130	64	106
2008-08-14	8816	9100	9148	8800	8938	8912	96	178	196
2008-08-15	8912	8800	8800	8506	8506	8696	-216	314	104
2008-08-18	8696	8876	9126	8760	8870	8844	148	52	100
2008-08-19	8844	8838	9010	8716	8830	8916	72	46	96
2008-08-20	8916	8994	9212	8872	9124	9054	138	60	108
2008-08-21	9054	9112	9304	9112	9248	9204	150	64	106
2008-08-22	9204	9494	9532	9304	9330	9436	232	48	96
2008-08-25	9436	9330	9384	9292	9308	9336	-100	18	90
2008-08-26	9336	9280	9280	8870	8870	9058	-278	22	84
2008-08-27	9058	8998	9000	8890	8964	8954	-104	44	86
2008-08-28	8954	8806	8860	8772	8850	8820	-134	24	84
2008-08-29	8820	8900	9130	8900	9042	9008	188	64	86
2008-09-01	9008	9112	9194	9018	9030	9086	78	28	88
2008-09-02	9086	8902	8902	8778	8802	8818	-268	22	88
2008-09-03	8818	8866	8994	8842	8846	8910	92	330	60
2008-09-04	8910	8702	8872	8702	8846	8804	-106	12	60
2008-09-05	8804	8682	8702	8612	8650	8660	-144	98	58
2008-09-08	8660	8732	8762	8652	8652	8710	50	40	52
2008-09-09	8710	8404	8460	8404	8460	8414	-296	10	46
2008-09-10	8414	8480	8480	8302	8302	8412	-2	16	48
2008-09-11	8412	8526	8526	8436	8436	8466	54	6	48
2008-09-12	8466	8542	8546	8542	8546	8544	78	8	48
2008-09-16	8544	8118	8190	8118	8118	8152	-392	216	46
2008-09-17	8152	7912	8006	7746	7902	7866	-286	32	38
2008-09-18	7866	7948	7948	7948	7948	7948	82	2	38
2008-09-19	7948	7798	7798	7700	7782	7768	-180	20	36
2008-09-22	7768	-	-	-	7768	7768	0	0	36
2008-09-23	7768	7768	7768	7768	7768	7768	0	4	38
2008-09-24	7768	8130	8156	8050	8156	8114	346	70	76
2008-09-25	8114	8100	8186	8040	8186	8104	-10	108	80
2008-09-26	8104	8220	8246	8160	8202	8198	94	80	78
2008-10-06	8198	-	-	-	8198	8198	0	0	78
2008-10-07	8198	-	-	-	8198	8198	0	0	78
2008-10-08	8198	-	-	-	8198	8198	0	2	76
2008-10-09	8198	7790	7790	7790	7790	7790	-408	14	76
2008-10-10	7790	7402	7402	7402	7402	7402	-388	2	74
2008-10-13	7402	7032	7032	7032	7032	7032	-370	34	52
2008-10-14	7032	6806	6904	6806	6904	6862	-170	36	48
2008-10-15	6862	6520	6594	6520	6550	6556	-306	28	50
2008-10-16	6556	-	-	-	6556	6556	0	0	50
2008-10-17	6556	6428	6428	6290	6338	6336	-220	8	48
2008-10-20	6336	6630	6630	6530	6620	6592	256	34	44
2008-10-21	6592	6548	6598	6298	6310	6362	-230	24	44
2008-10-22	6362	6248	6270	6044	6044	6176	-186	32	50
2008-10-23	6176	5868	6160	5868	6160	5970	-206	12	48
2008-10-24	5970	6180	6262	5900	5924	5946	-24	286	62
2008-10-27	5946	6142	6178	5770	5770	5928	-18	418	142
2008-10-28	5928	5934	6200	5854	6168	6040	112	94	142
2008-10-29	6040	6058	6058	6018	6046	6034	-6	36	126
2008-10-30	6034	6200	6334	6200	6314	6300	266	58	124
2008-10-31	6300	6028	6342	5986	6304	6202	-98	154	108
2008-11-03	6202	6264	6512	6264	6512	6414	212	38	108
2008-11-04	6414	6458	6504	6324	6480	6414	0	178	82
2008-11-05	6414	6516	6680	6458	6496	6528	114	186	208
2008-11-06	6528	6268	6282	6224	6254	6258	-270	28	208
2008-11-07	6258	6290	6366	6200	6366	6274	16	240	208
2008-11-10	6274	6354	6546	6354	6530	6490	216	270	130
2008-11-11	6490	6392	6520	6392	6408	6434	-56	50	130
2008-11-12	6434	6290	6362	6170	6220	6196	-238	706	768
2008-11-13	6196	6048	6048	5968	5976	5992	-204	80	778
2008-11-14	5992	6216	6218	6070	6118	6130	138	40	776
2008-11-17	6130	6118	6134	6092	6092	6110	-20	50	764
2008-11-18	6110	6156	6156	6060	6118	6114	4	40	764
2008-11-19	6114	6076	6196	6076	6152	6150	36	1100	390
2008-11-20	6150	6000	6092	5984	5984	6040	-110	68	392
2008-11-21	6040	5738	5900	5738	5850	5826	-214	30	400
2008-11-24	5826	5850	5908	5850	5892	5876	50	72	398
2008-11-25	5876	5988	6168	5988	6100	6058	182	442	314
2008-11-26	6058	6102	6184	6072	6184	6098	40	966	530
2008-11-27	6098	6254	6394	6218	6224	6246	148	134	528
2008-11-28	6246	6206	6242	6144	6218	6212	-34	56	528
2008-12-01	6212	6222	6266	6176	6252	6226	14	22	528
2008-12-02	6226	6080	6124	6000	6000	6008	-218	696	926
2008-12-03	6008	6074	6074	5930	5954	5980	-28	128	926
2008-12-04	5980	5950	6070	5688	5858	5910	-70	624	498
2008-12-05	5910	5670	5780	5616	5616	5654	-256	98	518
2008-12-08	5654	5600	5850	5600	5850	5786	132	1446	658
2008-12-09	5786	5760	5862	5688	5688	5744	-42	120	668
2008-12-10	5744	5730	5850	5730	5824	5792	48	108	708
2008-12-11	5792	5848	5930	5776	5920	5848	56	388	424
2008-12-12	5848	6030	6030	5640	5780	5818	-30	1460	972
2008-12-15	5818	5930	5998	5906	5966	5938	120	100	986
2008-12-16	5938	5800	5804	5720	5778	5762	-176	1158	1056
2008-12-17	5762	5800	5866	5800	5810	5838	76	216	978
2008-12-18	5838	5780	5780	5676	5714	5708	-130	540	1270
2008-12-19	5708	5690	5812	5680	5800	5770	62	308	1144
2008-12-22	5770	5872	6058	5872	6058	5992	222	220	1086
2008-12-23	5992	5910	5998	5884	5896	5916	-76	116	1102
2008-12-24	5916	6046	6048	5936	6004	5978	62	112	1076
2008-12-25	5978	6000	6182	6000	6126	6092	114	198	1074
2008-12-26	6092	6150	6168	6012	6068	6076	-16	120	1066
2008-12-29	6076	6200	6308	6180	6240	6250	174	272	1076
2008-12-30	6250	6216	6236	6190	6200	6212	-38	158	1022
2008-12-31	6212	6228	6274	6136	6210	6222	10	98	1020
2009-01-05	6222	6412	6514	6306	6450	6362	140	150	1012
2009-01-06	6362	6370	6680	6370	6620	6580	218	324	930
2009-01-07	6580	6890	6908	6710	6782	6886	306	234	834
2009-01-08	6886	6666	6780	6634	6668	6710	-176	98	822
2009-01-09	6710	6710	6820	6710	6802	6796	86	70	778
2009-01-12	6796	6850	6938	6802	6850	6878	82	50	774
2009-01-13	6878	6578	6692	6552	6552	6612	-266	82	772
2009-01-14	6612	6650	6782	6412	6672	6686	74	298	610
2009-01-15	6686	6610	6610	6398	6536	6500	-186	14	604
2009-01-16	6500	6636	6636	6514	6570	6580	80	66	604
2009-01-19	6580	6574	6670	6510	6536	6560	-20	50	608
2009-01-20	6560	6498	6500	6466	6488	6484	-76	18	602
2009-01-21	6484	6300	6568	6300	6452	6448	-36	20	600
2009-01-22	6448	6466	6466	6312	6450	6402	-46	136	552
2009-01-23	6402	6428	6428	6320	6320	6374	-28	4	552
2009-02-02	6374	6288	6302	6254	6254	6280	-94	6	552
2009-02-03	6280	6656	6656	6348	6380	6426	146	10	552
2009-02-04	6426	6394	6470	6282	6344	6442	16	42	552
2009-02-05	6442	6416	6540	6378	6500	6514	72	770	358
2009-02-06	6514	6528	6708	6528	6550	6664	150	366	300
2009-02-09	6664	6660	6970	6660	6816	6766	102	338	280
2009-02-10	6766	6930	6930	6738	6830	6804	38	10	280
2009-02-11	6804	6714	6740	6570	6570	6666	-138	306	270
2009-02-12	6666	6500	6550	6360	6400	6438	-228	166	364
2009-02-13	6438	6422	6456	6422	6456	6438	0	14	362
2009-02-16	6438	6448	6448	6410	6410	6424	-14	20	362
2009-02-17	6424	6434	6434	6400	6400	6410	-14	6	364
2009-02-18	6410	6090	6090	6090	6090	6090	-320	10	364
2009-02-19	6090	6090	6090	6018	6050	6050	-40	12	364
2009-02-20	6050	6020	6020	6020	6020	6020	-30	4	364
2009-02-23	6020	6000	6088	6000	6088	6046	26	14	362
2009-02-24	6046	5900	5900	5770	5770	5834	-212	4	364
2009-02-25	5834	6050	6124	5982	5982	6100	266	26	362
2009-02-26	6100	6100	6100	5920	6030	6084	-16	120	362
2009-02-27	6084	6002	6050	6002	6002	6014	-70	16	362
2009-03-02	6014	-	-	-	6014	6014	0	0	362
2009-03-03	6014	-	-	-	6014	6014	0	0	362
2009-03-04	6014	-	-	-	6014	6014	0	0	362
2009-03-05	6014	-	-	-	6014	6014	0	0	362
2009-03-06	6014	6100	6120	6100	6120	6116	102	60	302
2009-03-09	6116	6150	6150	6100	6100	6132	16	30	272
2009-03-10	6132	6200	6200	6200	6200	6200	68	54	218
2009-03-11	6200	-	-	-	6200	6200	0	0	218
2009-03-12	6200	-	-	-	6200	6200	0	0	218
2009-03-13	6200	6200	6200	6200	6200	6152	-48	4	0
