2012-03-19	9978	9802	9802	9802	9802	9802	-176	2	2
2012-03-20	9802	9760	9760	9760	9760	9760	-42	2	2
2012-03-21	9760	-	-	-	9760	9760	0	0	2
2012-03-22	9760	-	-	-	9760	9760	0	0	2
2012-03-23	9760	-	-	-	9760	9760	0	0	2
2012-03-26	9760	-	-	-	9760	9760	0	0	2
2012-03-27	9760	9760	9760	9714	9714	9716	-44	40	40
2012-03-28	9716	9860	9860	9832	9832	9858	142	44	4
2012-03-29	9858	9802	9802	9794	9796	9796	-62	6	2
2012-03-30	9796	-	-	-	9796	9796	0	0	2
2012-04-05	9796	-	-	-	9796	9796	0	0	2
2012-04-06	9796	10068	10068	10068	10068	10068	272	2	0
2012-04-09	10068	-	-	-	10068	10068	0	0	0
2012-04-10	10068	10208	10208	10208	10208	10208	140	2	2
2012-04-11	10208	10100	10616	9944	10198	10110	-98	92	8
2012-04-12	10110	10050	10088	10016	10088	10044	-66	10	8
2012-04-13	10044	10140	10140	10106	10106	10118	74	6	6
2012-04-16	10118	-	-	-	10118	10118	0	0	6
2012-04-17	10118	-	-	-	10118	10118	0	0	6
2012-04-18	10118	9998	10036	9998	10036	10016	-102	4	8
2012-04-19	10016	9998	10000	9998	10000	9998	-18	4	8
2012-04-20	9998	9996	9998	9996	9998	9996	-2	6	12
2012-04-23	9996	-	-	-	9996	9996	0	0	12
2012-04-24	9996	10122	10132	9910	10004	10044	48	36	16
2012-04-25	10044	10036	10036	10036	10036	10036	-8	2	14
2012-04-26	10036	10058	10058	10058	10058	10058	22	2	12
2012-04-27	10058	10010	10060	10010	10060	10034	-24	4	12
2012-05-02	10034	9964	9964	9964	9964	9964	-70	2	14
2012-05-03	9964	9956	9970	9900	9924	9942	-22	10	14
2012-05-04	9942	9880	9898	9880	9898	9884	-58	12	16
2012-05-07	9884	9862	9862	9816	9816	9850	-34	32	34
2012-05-08	9850	9868	9868	9868	9868	9868	18	22	20
2012-05-09	9868	9800	9996	9788	9996	9844	-24	8	18
2012-05-10	9844	9830	9830	9816	9816	9820	-24	6	18
2012-05-11	9820	9882	9882	9814	9814	9842	22	14	18
2012-05-14	9842	9628	9634	9558	9578	9598	-244	10	24
2012-05-15	9598	9516	9516	9516	9516	9516	-82	2	24
2012-05-16	9516	9430	9430	9418	9418	9426	-90	6	22
2012-05-17	9426	9476	9476	9442	9442	9452	26	6	18
2012-05-18	9452	9264	9334	9264	9294	9296	-156	6	16
2012-05-21	9296	9388	9396	9382	9396	9388	92	10	14
2012-05-22	9388	-	-	-	9388	9388	0	0	14
2012-05-23	9388	9202	9202	9202	9202	9202	-186	2	14
2012-05-24	9202	9180	9220	9108	9220	9140	-62	40	34
2012-05-25	9140	9218	9236	9184	9208	9208	68	34	26
2012-05-28	9208	-	-	-	9208	9208	0	0	26
2012-05-29	9208	9368	9370	9358	9358	9362	154	18	20
2012-05-30	9362	-	-	-	9362	9362	0	0	20
2012-05-31	9362	9188	9262	9188	9256	9244	-118	16	20
2012-06-01	9244	9170	9170	9146	9146	9158	-86	4	22
2012-06-04	9158	9092	9092	9092	9092	9092	-66	2	22
2012-06-05	9092	-	-	-	9092	9092	0	0	22
2012-06-06	9092	-	-	-	9092	9092	0	0	22
2012-06-07	9092	9200	9230	9172	9172	9198	106	18	22
2012-06-08	9198	9158	9212	9124	9184	9156	-42	26	20
2012-06-11	9156	9320	9326	9298	9298	9314	158	6	18
2012-06-12	9314	9242	9290	9242	9290	9266	-48	4	18
2012-06-13	9266	-	-	-	9266	9266	0	0	18
2012-06-14	9266	9118	9118	9100	9100	9112	-154	6	20
2012-06-15	9112	-	-	-	9112	9112	0	0	20
2012-06-18	9112	9190	9230	9190	9230	9204	92	16	16
2012-06-19	9204	9210	9322	9210	9300	9280	76	14	10
2012-06-20	9280	9478	9486	9478	9486	9482	202	6	16
2012-06-21	9482	9392	9418	9386	9410	9396	-86	22	10
2012-06-25	9396	9518	9562	9518	9540	9534	138	10	12
2012-06-26	9534	9566	9566	9470	9496	9506	-28	14	16
2012-06-27	9506	9486	9486	9486	9486	9486	-20	2	14
2012-06-28	9486	-	-	-	9486	9486	0	0	14
2012-06-29	9486	9472	9510	9458	9510	9484	-2	14	10
2012-07-02	9484	9658	9658	9522	9622	9622	138	18	10
2012-07-03	9622	9674	9684	9632	9658	9662	40	52	18
2012-07-04	9662	9716	9716	9690	9690	9702	40	6	18
2012-07-05	9702	9720	9766	9720	9726	9744	42	12	18
2012-07-06	9744	9764	9764	9764	9764	9764	20	2	18
2012-07-09	9764	9764	9860	9764	9790	9786	22	12	20
2012-07-10	9786	9790	9790	9732	9732	9760	-26	4	20
2012-07-11	9760	9846	9872	9716	9716	9770	10	50	10
2012-07-12	9770	9606	9606	9528	9562	9572	-198	10	8
2012-07-13	9572	9568	9568	9542	9542	9554	-18	4	8
2012-07-16	9554	9778	9850	9742	9850	9772	218	70	12
2012-07-17	9772	9840	9840	9788	9806	9802	30	14	16
2012-07-18	9802	9806	9826	9730	9760	9764	-38	608	536
2012-07-19	9764	9780	9780	9780	9780	9780	16	2	534
2012-07-20	9780	9800	9818	9712	9720	9794	14	578	104
2012-07-23	9794	9550	9550	9546	9546	9546	-248	8	98
2012-07-24	9546	9230	9448	9230	9272	9332	-214	52	96
2012-07-25	9332	-	-	-	9332	9332	0	0	96
2012-07-26	9332	9244	9244	9206	9206	9224	-108	4	96
2012-07-27	9224	-	-	-	9224	9224	0	0	96
2012-07-30	9224	9468	9468	9416	9416	9442	218	4	96
2012-07-31	9442	9378	9378	9378	9378	9378	-64	2	96
2012-08-01	9378	9510	9540	9474	9474	9498	120	8	94
2012-08-02	9498	9372	9372	9346	9346	9358	-140	4	94
2012-08-03	9358	-	-	-	9358	9358	0	0	94
2012-08-06	9358	9448	9448	9410	9444	9434	76	62	78
2012-08-07	9434	9494	9556	9460	9520	9502	68	50	84
2012-08-08	9502	9448	9448	9448	9448	9448	-54	10	86
2012-08-09	9448	9552	9630	9536	9622	9572	124	88	88
2012-08-10	9572	9618	9662	9610	9634	9634	62	22	92
2012-08-13	9634	9692	9692	9656	9660	9666	32	12	86
2012-08-14	9666	9582	9582	9582	9582	9582	-84	2	84
2012-08-15	9582	9614	9650	9590	9648	9628	46	38	74
2012-08-16	9628	9610	9616	9600	9600	9608	-20	12	64
2012-08-17	9608	9600	9600	9600	9600	9600	-8	4	64
2012-08-20	9600	-	-	-	9600	9600	0	0	64
2012-08-21	9600	9696	9700	9664	9700	9692	92	14	58
2012-08-22	9692	9820	9876	9820	9876	9864	172	10	52
2012-08-23	9864	9924	9946	9868	9868	9898	34	104	32
2012-08-24	9898	9906	9928	9906	9912	9914	16	6	32
2012-08-27	9914	10066	10066	10042	10042	10054	140	4	30
2012-08-28	10054	-	-	-	10054	10054	0	0	30
2012-08-29	10054	-	-	-	10054	10054	0	0	30
2012-08-30	10054	-	-	-	10054	10054	0	0	30
2012-08-31	10054	9968	9968	9882	9882	9924	-130	4	30
2012-09-03	9924	9950	10170	9932	10128	10078	154	54	32
2012-09-04	10078	9966	10200	9966	10172	10130	52	20	30
2012-09-05	10130	10002	10492	9766	10120	10122	-8	364	16
2012-09-06	10122	10064	10070	10002	10016	10026	-96	18	12
2012-09-07	10026	10058	10076	10042	10076	10072	46	50	42
2012-09-10	10072	-	-	-	10072	10072	0	0	42
2012-09-11	10072	-	-	-	10072	10072	0	0	42
2012-09-12	10072	-	-	-	10072	10072	0	0	42
2012-09-13	10072	10048	10048	10048	10048	10048	-24	2	42
2012-09-14	10048	-	-	-	10048	10048	0	0	42
2012-09-17	10048	10210	10210	10012	10012	10104	56	62	30
2012-09-18	10104	9838	9848	9756	9756	9822	-282	20	30
2012-09-19	9822	9812	9814	9812	9814	9812	-10	8	28
2012-09-20	9812	9858	9858	9816	9816	9820	8	30	42
2012-09-21	9820	9716	9716	9676	9676	9696	-124	4	42
2012-09-24	9696	9456	9456	9332	9332	9394	-302	12	44
2012-09-25	9394	9440	9440	9422	9422	9424	30	10	48
2012-09-26	9424	9376	9380	9376	9380	9376	-48	6	46
2012-09-27	9376	9270	9294	9214	9214	9250	-126	40	40
2012-09-28	9250	9288	9288	9236	9236	9262	12	4	40
2012-10-08	9262	9092	9144	9000	9080	9092	-170	30	40
2012-10-10	9142	9188	9198	9188	9196	9194	52	12	32
2012-10-11	9194	9190	9242	9190	9218	9212	18	18	26
2012-10-12	9212	9132	9132	9086	9120	9104	-108	68	26
2012-10-15	9104	9022	9064	9022	9064	9050	-54	10	26
2012-10-16	9050	9104	9204	9100	9182	9146	96	54	40
2012-10-17	9146	9198	9198	9120	9136	9150	4	30	34
2012-10-18	9150	-	-	-	9150	9150	0	0	34
2012-10-19	9150	9264	9298	9254	9288	9280	130	30	34
2012-10-22	9280	9288	9338	9288	9336	9310	30	12	40
2012-10-23	9310	9338	9338	9266	9266	9310	0	16	38
2012-10-24	9310	9324	9330	9266	9314	9306	-4	66	36
2012-10-25	9306	-	-	-	9306	9306	0	0	36
2012-10-26	9306	9224	9224	9130	9130	9168	-138	10	34
2012-10-29	9168	9098	9098	9060	9080	9074	-94	10	34
2012-10-30	9074	9060	9060	9000	9038	9002	-72	136	152
2012-10-31	9002	-	-	-	9002	9002	0	0	152
2012-11-01	9002	-	-	-	9002	9002	0	0	152
2012-11-02	9002	9000	9000	8950	8952	8974	-28	180	88
