2010-01-04	16685	16745	17040	16725	16880	16925	195	2534	5982
2010-01-05	16925	16890	16965	16790	16850	16895	-75	2018	7250
2010-01-06	16895	17080	17080	16475	16630	16700	-265	2182	7182
2010-01-07	16700	16650	16800	16030	16285	16380	-415	4166	5918
2010-01-08	16380	16355	16355	16120	16245	16240	-135	2124	5570
2010-01-11	16240	16340	16410	16250	16310	16340	70	1530	5960
2010-01-12	16340	16400	16460	16280	16350	16365	10	1358	6128
2010-01-13	16365	16025	16135	15935	15980	16050	-385	1764	5778
2010-01-14	16050	16125	16125	15995	16010	16055	-40	312	5694
2010-01-15	16055	15940	16030	15875	15895	15945	-160	1534	4822
2010-01-18	15945	15855	15930	15855	15885	15890	-60	360	4822
2010-01-19	15890	15960	15960	15875	15910	15920	20	58	4828
2010-01-20	15920	15930	15930	15685	15685	15785	-235	1146	4794
2010-01-21	15785	15710	15820	15630	15820	15765	35	724	4974
2010-01-22	15765	15820	15925	15695	15910	15805	145	878	4992
2010-01-25	15805	15850	15930	15830	15895	15885	90	358	5002
2010-01-26	15885	15750	15750	15570	15570	15680	-315	782	4988
2010-01-27	15680	15635	15635	15565	15600	15600	-80	284	5018
2010-01-28	15600	15500	15545	15430	15520	15490	-80	886	4930
2010-01-29	15490	15570	15570	15430	15515	15510	25	616	5056
2010-02-01	15510	15550	15600	15465	15540	15525	30	838	5126
2010-02-02	15525	15495	15495	15340	15385	15395	-140	420	4812
2010-02-03	15395	15490	15645	15490	15640	15600	245	630	5198
2010-02-04	15600	15565	15720	15550	15680	15655	80	706	5194
2010-02-05	15655	15490	15615	15490	15615	15545	-40	428	5138
2010-02-08	15545	15400	15470	15360	15410	15405	-135	680	4998
2010-02-09	15405	15520	15555	15500	15505	15525	100	424	4928
2010-02-10	15525	15730	15790	15680	15710	15740	185	668	5094
2010-02-11	15740	15760	15780	15740	15760	15760	20	396	4958
2010-02-12	15760	15800	15800	15750	15785	15785	25	322	5016
2010-02-22	15785	16665	16665	16220	16300	16360	515	722	5286
2010-02-23	16360	16370	16430	16365	16385	16395	25	1138	5700
2010-02-24	16395	16330	16330	16175	16175	16275	-220	386	5770
2010-02-25	16275	16200	16230	16000	16020	16100	-255	804	5810
2010-02-26	16100	16185	16360	16185	16360	16290	260	2034	5770
2010-03-01	16290	16500	16530	16335	16355	16440	65	586	5734
2010-03-02	16440	16360	16360	16190	16230	16270	-210	1034	5594
2010-03-03	16270	16190	16420	16160	16390	16345	120	2050	5628
2010-03-04	16345	16405	16490	16280	16290	16340	-55	1070	4990
2010-03-05	16340	16290	16345	16290	16325	16325	-15	290	4792
2010-03-08	16325	16350	16505	16345	16405	16425	80	908	4710
2010-03-09	16425	16380	16675	16380	16620	16595	195	1168	5564
2010-03-10	16595	16500	16565	16450	16480	16505	-115	424	5300
2010-03-11	16505	16490	16490	16330	16360	16395	-145	724	5146
2010-03-12	16395	16300	16465	16300	16445	16420	50	700	4872
2010-03-15	16420	16490	16555	16475	16505	16505	85	932	5096
2010-03-16	16505	16505	16620	16380	16575	16540	70	1976	5924
2010-03-17	16540	16640	16750	16580	16710	16690	170	2796	6706
2010-03-18	16690	16645	16750	16620	16695	16700	5	1594	6622
2010-03-19	16700	16800	16970	16790	16915	16910	215	3110	7672
2010-03-22	16910	16855	16990	16855	16910	16955	0	1860	7766
2010-03-23	16955	16960	16975	16790	16825	16855	-130	2328	8370
2010-03-24	16855	16830	16885	16720	16745	16780	-110	1702	8200
2010-03-25	16780	16670	16780	16650	16720	16710	-60	1088	8296
2010-03-26	16710	16655	16685	16600	16645	16645	-65	1652	7600
2010-03-29	16645	16685	16700	16620	16655	16670	10	588	7740
2010-03-30	16670	16645	16665	16605	16655	16630	-15	774	7452
2010-03-31	16630	16590	16655	16580	16600	16610	-30	630	7418
2010-04-01	16610	17000	17000	16605	16630	16660	20	842	7352
2010-04-02	16660	16750	16790	16685	16790	16745	130	280	7278
2010-04-06	16745	16845	16870	16820	16870	16840	125	942	7250
2010-04-07	16840	16840	16850	16800	16815	16815	-25	976	7040
2010-04-08	16815	16735	16755	16720	16730	16735	-85	700	7086
2010-04-09	16735	16630	16635	16570	16635	16605	-100	1366	7056
2010-04-12	16605	16635	16680	16620	16620	16650	15	1356	7354
2010-04-13	16650	16600	16625	16565	16585	16590	-65	1666	7868
2010-04-14	16590	16670	16700	16630	16630	16670	40	890	7984
2010-04-15	16670	16640	16640	16605	16605	16620	-65	752	8492
2010-04-16	16620	16640	16660	16630	16635	16640	15	1140	8726
2010-04-19	16640	16565	16585	16440	16465	16505	-175	2804	10398
2010-04-20	16505	16550	16580	16520	16580	16545	75	1500	10420
2010-04-21	16545	16680	16820	16680	16765	16765	220	3346	11024
2010-04-22	16765	16740	16760	16700	16740	16735	-25	1708	11306
2010-04-23	16735	16740	16775	16735	16760	16760	25	1146	11890
2010-04-26	16760	16820	16820	16770	16795	16800	35	1666	12186
2010-04-27	16800	16775	16845	16750	16815	16815	15	1566	12380
2010-04-28	16815	16750	16875	16750	16850	16835	35	2442	13250
2010-04-29	16835	16860	16940	16840	16930	16885	95	2934	13538
2010-04-30	16885	16895	16990	16865	16985	16925	100	3748	16090
2010-05-04	16925	16930	17025	16915	17015	16985	90	2722	17628
2010-05-05	16985	16950	16995	16915	16990	16960	5	1852	18702
2010-05-06	16960	17035	17055	17005	17010	17035	50	1934	18722
2010-05-07	17035	16950	17100	16920	16990	16970	-45	4526	18842
2010-05-10	16970	17040	17085	17010	17080	17045	110	1270	18442
2010-05-11	17045	17080	17130	17060	17100	17100	55	1522	18510
2010-05-12	17100	17095	17140	17090	17140	17115	40	860	18272
2010-05-13	17115	17120	17195	17120	17175	17175	60	2310	18486
2010-05-14	17175	17170	17240	17155	17230	17195	55	1770	18308
2010-05-17	17195	17240	17560	17215	17410	17390	215	4672	18324
2010-05-18	17390	17490	17720	17420	17710	17615	320	2684	18624
2010-05-19	17615	17710	18115	17710	18080	17925	465	4526	17852
2010-05-20	17925	18080	18350	18015	18165	18160	240	6630	17762
2010-05-21	18160	18080	18250	18040	18240	18140	80	3510	18000
2010-05-24	18140	18265	18340	18120	18120	18175	-20	4676	17816
2010-05-25	18175	18085	18160	17930	17935	18005	-240	5522	17022
2010-05-26	18005	18005	18030	17930	18005	17985	0	3478	16522
2010-05-27	17985	17995	18025	17935	17945	17975	-40	2458	16548
2010-05-28	17975	17960	17970	17755	17770	17855	-205	4476	15432
2010-05-31	17855	17735	17865	17710	17840	17805	-15	4238	14306
2010-06-01	17805	17855	17975	17820	17945	17915	140	2710	14210
2010-06-02	17915	17870	17980	17840	17960	17895	45	4982	13322
2010-06-03	17895	17940	18180	17905	18040	18000	145	3894	11702
2010-06-04	18000	18000	18185	18000	18170	18105	170	2116	10860
2010-06-07	18105	18100	18260	18030	18245	18200	140	2940	10846
2010-06-08	18200	18280	18310	18240	18285	18290	85	1406	10582
2010-06-09	18290	18350	18360	18300	18330	18320	40	2070	10102
2010-06-10	18320	18410	18410	18335	18340	18365	20	2566	9408
2010-06-11	18365	18340	18340	18195	18280	18245	-85	2430	8172
2010-06-17	18245	18475	18475	18310	18380	18370	135	3044	8124
2010-06-18	18370	18410	18500	18260	18430	18460	60	1828	8168
2010-06-22	18465	18460	18485	18440	18460	18460	-5	898	6738
2010-06-23	18460	18480	18545	18480	18485	18510	25	748	6458
2010-06-24	18510	18630	18630	18515	18580	18550	70	494	6222
2010-06-25	18550	18555	18625	18550	18580	18590	30	746	5930
2010-06-28	18590	18595	18660	18580	18645	18605	55	604	5592
2010-06-29	18605	18630	18800	18620	18800	18735	195	574	5300
2010-06-30	18735	18600	18860	18600	18850	18795	115	578	5112
2010-07-02	18855	18650	18840	18650	18750	18755	-105	280	4928
2010-07-05	18755	18655	18785	18655	18720	18735	-35	540	4742
2010-07-06	18735	18730	18785	18730	18740	18745	5	408	4654
2010-07-07	18745	18760	18760	18670	18685	18710	-60	702	4458
2010-07-08	18710	18800	18800	18700	18705	18720	-5	676	4018
2010-07-09	18720	18685	18685	18610	18645	18660	-75	286	3980
2010-07-12	18660	18650	18650	18560	18560	18615	-100	450	3870
2010-07-13	18615	18615	18615	18380	18400	18440	-215	890	3524
