2011-05-17	23390	23380	23590	22910	23300	23330	-90	962	700
2011-05-18	23330	23360	23610	23300	23365	23460	35	866	1154
2011-05-19	23460	23805	23805	23345	23345	23545	-115	1256	1716
2011-05-20	23545	23110	23350	23090	23300	23205	-245	910	2122
2011-05-23	23205	23410	23530	23205	23430	23430	225	2192	3296
2011-05-24	23430	23590	24045	23590	23900	23875	470	1710	3992
2011-05-25	23875	24020	24120	23810	24040	23985	165	1860	4484
2011-05-26	23985	24290	24630	24290	24600	24500	615	1034	4778
2011-05-27	24500	24405	24655	24360	24515	24500	15	1710	5204
2011-05-30	24500	24525	24725	24490	24500	24600	0	922	5396
2011-05-31	24600	24545	24960	24545	24960	24820	360	2782	6592
2011-06-01	24820	25160	25190	24800	24890	24995	70	1362	7060
2011-06-02	24995	24785	24950	24485	24880	24715	-115	2922	8128
2011-06-03	24715	25015	25445	24900	25445	25150	730	7378	11098
2011-06-07	25150	25055	25315	24950	25125	25085	-25	1870	11162
2011-06-08	25085	24880	24880	24255	24655	24585	-430	4804	12546
2011-06-09	24585	24800	24900	24545	24575	24760	-10	1758	12918
2011-06-10	24760	24720	24940	24675	24735	24795	-25	1658	13238
2011-06-13	24795	24640	24715	24395	24395	24580	-400	1466	13152
2011-06-14	24580	24390	24520	23870	24060	24120	-520	7366	12670
2011-06-15	24120	24185	24395	24100	24340	24235	220	3300	13926
2011-06-16	24235	24000	24120	23785	23820	23900	-415	15344	22128
2011-06-17	23900	23600	23835	23595	23715	23700	-185	9812	27160
2011-06-20	23700	23755	23850	23680	23775	23760	75	2316	27422
2011-06-21	23760	23835	24010	23755	23975	23915	215	5058	27694
2011-06-22	23915	23995	24050	23740	23780	23860	-135	3834	28802
2011-06-23	23860	23660	23670	23300	23370	23425	-490	3890	28900
2011-06-24	23425	23330	23500	23085	23400	23340	-25	10374	32564
2011-06-27	23340	23305	23305	22180	22280	22745	-1060	11960	36318
2011-06-28	22745	22500	22550	22185	22200	22335	-545	7910	36862
2011-06-29	22335	22345	22665	22165	22620	22440	285	9824	36516
2011-06-30	22440	22600	22930	22595	22760	22790	320	20274	45822
2011-07-01	22790	22500	22500	22205	22255	22315	-535	9218	47214
2011-07-04	22315	22210	22765	22210	22475	22520	160	10380	47018
2011-07-05	22520	22350	22640	22325	22460	22535	-60	9656	46640
2011-07-06	22535	22400	22855	22135	22815	22580	280	21398	48322
2011-07-07	22580	22650	22900	22535	22650	22705	70	11920	49378
2011-07-08	22705	22755	23135	22745	22900	22965	195	28418	54760
2011-07-11	22965	22840	22840	22305	22315	22565	-650	21348	57046
2011-07-12	22565	21900	21930	21280	21555	21605	-1010	26404	58456
2011-07-13	21605	21665	21950	21620	21835	21790	230	15732	58472
2011-07-14	21790	22000	22035	21580	21770	21835	-20	28404	59476
2011-07-15	21835	21315	21755	21315	21640	21630	-195	26342	62806
2011-07-18	21630	21205	22110	21205	21875	21890	245	77678	78094
2011-07-19	21890	21965	22185	21915	22025	22050	135	114770	96566
2011-07-20	22050	22300	22335	21730	21730	21965	-320	83698	100024
2011-07-21	21965	21800	21925	21710	21825	21830	-140	58232	96610
2011-07-22	21830	21845	22060	21830	21970	21945	140	97356	106742
2011-07-25	21945	21950	22080	21800	21840	21970	-105	136770	118646
2011-07-26	21970	21820	21900	21595	21705	21755	-265	95642	119822
2011-07-27	21755	22000	22475	21960	22450	22305	695	280326	176522
2011-07-28	22305	22400	22570	22220	22275	22400	-30	441200	214054
2011-07-29	22400	22225	22375	21850	21885	22200	-515	434358	202700
2011-08-01	22200	22000	22100	21760	21895	21915	-305	463104	227908
2011-08-02	21915	22050	22190	21880	21945	22030	30	490816	246638
2011-08-03	22030	22025	22050	21645	21675	21790	-355	641054	270154
2011-08-04	21790	21615	21640	21390	21430	21495	-360	558744	272406
2011-08-05	21495	21290	21685	21010	21555	21410	60	1112124	296840
2011-08-08	21410	21300	21610	21180	21310	21410	-100	787774	274298
2011-08-09	21410	20750	21060	20340	21045	20790	-365	901028	244368
2011-08-10	20790	21100	21160	20850	20940	20995	150	590492	260784
2011-08-11	20995	20850	21070	20815	20975	20975	-20	546808	270064
2011-08-12	20975	20980	21520	20960	21110	21260	135	1376950	361348
2011-08-15	21260	21400	21480	21200	21255	21315	-5	742758	392582
2011-08-16	21315	21400	21430	21115	21135	21230	-180	687550	376012
2011-08-17	21230	21140	21360	21120	21300	21260	70	663438	405064
2011-08-18	21260	21475	21550	21295	21305	21395	45	700498	402664
2011-08-19	21395	21205	21505	21200	21495	21385	100	843026	396966
2011-08-22	21385	21475	21530	21340	21350	21440	-35	601448	346928
2011-08-23	21440	21385	21480	21385	21455	21435	15	344590	354742
2011-08-24	21435	21460	21895	21400	21850	21685	415	913980	478326
2011-08-25	21685	21790	21880	21710	21800	21785	115	869584	482860
2011-08-26	21785	21755	21780	21530	21565	21630	-220	653628	428108
2011-08-29	21630	21620	21750	21590	21675	21665	45	417336	448206
2011-08-30	21665	21725	21850	21680	21760	21780	95	512916	475782
2011-08-31	21780	21780	21830	21630	21745	21725	-35	461000	477754
2011-09-01	21725	21740	21790	21650	21670	21710	-55	288942	465616
2011-09-02	21710	21680	21830	21655	21760	21765	50	458618	479946
2011-09-05	21765	21745	21825	21570	21600	21680	-165	424312	397148
2011-09-06	21680	21555	21650	21480	21560	21550	-120	322580	368262
2011-09-07	21550	21630	21710	21585	21710	21645	160	260960	388430
2011-09-08	21645	21930	22245	21850	22115	22105	470	1156528	517882
2011-09-09	22105	22120	22170	21960	22040	22045	-65	525896	489812
2011-09-13	22045	22010	22075	21880	21990	21970	-55	371504	450812
2011-09-14	21970	22020	22050	21760	21865	21895	-105	364324	391362
2011-09-15	21895	21920	22080	21840	21945	21970	50	500810	404168
2011-09-16	21970	21860	21880	21715	21775	21800	-195	332618	377768
2011-09-19	21800	21730	21730	21620	21675	21675	-125	273406	339484
2011-09-20	21675	21435	21600	21435	21500	21510	-175	250992	326588
2011-09-21	21510	21490	21595	21465	21545	21530	35	187596	327078
2011-09-22	21530	21400	21480	21250	21260	21350	-270	238414	310958
2011-09-23	21350	21000	21100	20555	20725	20855	-625	409804	275728
2011-09-26	20855	20780	20995	20320	20520	20680	-335	338998	267836
2011-09-27	20680	20660	20750	20490	20585	20600	-95	211468	251618
2011-09-28	20600	20590	20615	20420	20475	20500	-125	147302	248072
2011-09-29	20500	20280	20290	20050	20125	20155	-375	251602	247252
2011-09-30	20155	20260	20560	20220	20515	20330	360	176938	228134
2011-10-10	20330	20505	20550	20420	20455	20470	125	88772	218148
2011-10-11	20470	20560	20600	20500	20510	20540	40	81240	217498
2011-10-12	20540	20530	20700	20250	20610	20570	70	223406	235946
2011-10-13	20570	20430	20550	20400	20465	20480	-105	125436	228844
2011-10-14	20480	20500	20540	20465	20500	20505	20	74986	231514
2011-10-17	20505	20480	20495	20330	20365	20395	-140	133570	234302
2011-10-18	20395	20300	20320	20165	20190	20235	-205	100164	238358
2011-10-19	20235	20215	20260	20150	20185	20210	-50	73628	231326
2011-10-20	20210	20090	20120	19880	19975	19960	-235	179694	228550
2011-10-21	19960	19850	20140	19850	20040	19995	80	121256	222262
2011-10-24	19995	20110	20595	20015	20290	20260	295	221898	242214
2011-10-25	20260	20350	20410	20165	20250	20300	-10	206084	236188
2011-10-26	20300	20290	20400	20255	20275	20320	-25	142848	235014
2011-10-27	20320	20280	20350	20265	20295	20305	-25	69456	231822
2011-10-28	20305	20565	20635	20350	20445	20505	140	243510	241538
2011-10-31	20505	20445	20475	20180	20255	20315	-250	103012	232520
2011-11-01	20315	20210	20295	20200	20210	20240	-105	60980	225074
2011-11-02	20240	20050	20355	20045	20305	20235	65	132610	239238
2011-11-03	20235	20265	20285	20210	20255	20245	20	72620	220842
2011-11-04	20245	20310	20400	20280	20375	20350	130	88270	226304
2011-11-07	20350	20370	20370	20225	20325	20305	-25	49734	212450
2011-11-08	20305	20260	20300	20245	20280	20270	-25	35162	212294
2011-11-09	20270	20310	20395	20265	20305	20320	35	44014	212730
2011-11-10	20320	20260	20280	20185	20215	20225	-105	56960	197778
2011-11-11	20225	20295	20320	20265	20270	20290	45	51272	198722
2011-11-14	20290	20310	20450	20270	20385	20365	95	109478	221144
2011-11-15	20365	20325	20355	20315	20335	20330	-30	43374	208584
2011-11-16	20330	20420	20430	20315	20370	20365	40	85716	209030
2011-11-17	20365	20400	20410	20330	20395	20380	30	47076	206488
2011-11-18	20380	20290	20385	20280	20340	20325	-40	46358	192226
2011-11-21	20325	20215	20285	20210	20255	20240	-70	46102	185822
2011-11-22	20240	20160	20225	20100	20120	20165	-120	48976	185508
2011-11-23	20165	20140	20190	20130	20165	20165	0	27048	180850
2011-11-24	20165	20140	20165	20055	20110	20105	-55	39778	182028
2011-11-25	20105	20100	20350	19880	20280	20165	175	167904	188820
2011-11-28	20165	20300	20320	20230	20245	20280	80	64788	179708
2011-11-29	20280	20250	20310	20245	20295	20285	15	43966	177332
2011-11-30	20285	20315	20345	20265	20280	20295	-5	54554	172560
2011-12-01	20295	20325	20720	20325	20420	20510	125	423962	224322
2011-12-02	20510	20390	20480	20340	20415	20415	-95	126650	203830
2011-12-05	20415	20465	20530	20425	20520	20490	105	81356	202874
2011-12-06	20490	20500	20650	20455	20590	20590	100	159444	212248
2011-12-07	20590	20650	20690	20555	20610	20610	20	49410	205816
2011-12-08	20610	20555	20605	20480	20545	20535	-65	61728	190764
2011-12-09	20535	20495	20605	20465	20555	20565	20	59594	183804
2011-12-12	20565	20525	20565	20480	20515	20515	-50	38136	175300
2011-12-13	20515	20400	20480	20380	20410	20425	-105	40964	169528
2011-12-14	20425	20450	20515	20420	20475	20460	50	23300	164302
2011-12-15	20460	20370	20440	20350	20365	20395	-95	44282	161070
2011-12-16	20395	20405	20810	20395	20695	20680	300	323482	214502
2011-12-19	20680	20650	20705	20575	20615	20630	-65	86776	204078
2011-12-20	20630	20670	20795	20620	20720	20720	90	142342	207986
2011-12-21	20720	20725	20780	20680	20690	20720	-30	62504	197538
2011-12-22	20720	20695	20715	20645	20680	20685	-40	56190	183852
2011-12-23	20685	20680	20770	20680	20720	20725	35	53942	176982
2011-12-26	20725	20720	20740	20640	20670	20680	-55	37024	167548
2011-12-27	20680	20675	20875	20660	20775	20810	95	194916	203030
2011-12-28	20810	20820	20845	20780	20805	20810	-5	52142	202760
2011-12-29	20810	20755	20880	20755	20805	20820	-5	104658	202814
2011-12-30	20820	20835	20850	20670	20690	20745	-130	98854	184960
2012-01-04	20745	20855	20960	20685	20790	20815	45	71882	185574
2012-01-05	20815	20780	20880	20755	20825	20820	10	70494	184388
2012-01-06	20820	20775	20895	20775	20870	20850	50	44828	185784
2012-01-09	20850	20900	21035	20870	20985	20975	135	81270	198340
2012-01-10	20975	21020	21100	20980	21090	21045	115	58572	194584
2012-01-11	21045	21100	21215	21050	21190	21145	145	70186	200292
2012-01-12	21145	21170	21450	21160	21310	21305	165	106574	201748
2012-01-13	21305	21245	21305	21110	21140	21205	-165	68190	193016
2012-01-16	21205	21120	21195	21085	21140	21150	-65	33020	188278
2012-01-17	21150	21175	21295	21155	21280	21250	130	49562	181226
2012-01-18	21250	21320	21425	21280	21325	21335	75	38782	176182
2012-01-19	21335	21300	21380	21260	21300	21295	-35	27330	171246
2012-01-20	21295	21350	21390	21290	21385	21345	90	30666	166920
2012-01-30	21345	21350	21560	21320	21495	21475	150	55182	174800
2012-01-31	21475	21450	21590	21435	21560	21530	85	60036	180134
2012-02-01	21530	21530	21585	21490	21505	21525	-25	42786	177892
2012-02-02	21525	21520	21545	21430	21465	21475	-60	31018	175530
2012-02-03	21475	21485	21530	21425	21520	21480	45	36646	167372
2012-02-06	21480	21600	21800	21600	21795	21735	315	65158	172130
2012-02-07	21735	21770	21945	21625	21720	21810	-15	82020	161114
2012-02-08	21810	21700	21835	21655	21825	21765	15	43360	154422
2012-02-09	21765	21735	21810	21620	21635	21715	-130	36396	144114
2012-02-10	21715	21450	21620	21395	21515	21525	-200	35220	142134
2012-02-13	21525	21525	21620	21485	21525	21550	0	17622	140460
2012-02-14	21550	21535	21550	21400	21440	21475	-110	20476	135736
2012-02-15	21475	21465	21530	21430	21435	21485	-40	13892	132356
2012-02-16	21485	21420	21445	21005	21045	21180	-440	39680	118736
2012-02-17	21180	21145	21165	21045	21135	21125	-45	15032	116866
2012-02-20	21125	21185	21225	21035	21070	21125	-55	14066	115686
2012-02-21	21125	21070	21135	20920	21105	21045	-20	24928	113664
2012-02-22	21045	21115	21200	21095	21105	21145	60	21828	107230
2012-02-23	21145	20980	21045	20955	20980	21000	-165	15726	103452
2012-02-24	21000	20925	20995	20850	20875	20925	-125	10706	103106
2012-02-27	20925	20930	21015	20900	20960	20960	35	14280	101044
2012-02-28	20960	20965	21135	20960	21130	21060	170	13776	100196
2012-02-29	21060	21190	21220	21075	21215	21150	155	13774	98422
2012-03-01	21150	21100	21240	21065	21075	21150	-75	18242	98322
2012-03-02	21150	21100	21120	20960	21035	21045	-115	12146	98020
2012-03-05	21045	20950	21350	20900	21265	21200	220	41408	101032
2012-03-06	21200	21320	21365	21130	21215	21270	15	26544	101372
2012-03-07	21270	21060	21060	20870	20915	20985	-355	16996	97428
2012-03-08	20985	20930	20980	20905	20915	20945	-70	8684	97856
2012-03-09	20945	20905	21025	20900	20985	20960	40	11446	98716
2012-03-12	20960	20920	20930	20760	20800	20825	-160	15972	94778
2012-03-13	20825	20790	20865	20775	20825	20815	0	6020	96318
2012-03-14	20815	20830	20905	20590	20625	20735	-190	14752	92944
2012-03-15	20735	20580	20630	20530	20530	20580	-205	6822	92096
2012-03-16	20580	20500	20605	20460	20515	20535	-65	9244	90012
2012-03-19	20535	20545	20675	20530	20630	20605	95	8622	89202
2012-03-20	20605	20660	20695	20580	20625	20625	20	7254	86996
2012-03-21	20625	20570	20640	20565	20615	20615	-10	5292	86034
2012-03-22	20615	20625	20635	20580	20605	20605	-10	4946	84168
2012-03-23	20605	20635	20670	20605	20620	20640	15	5102	83010
2012-03-26	20640	20640	20645	20535	20550	20575	-90	5460	81392
2012-03-27	20575	20615	20620	20520	20550	20570	-25	8856	77738
2012-03-28	20570	20580	20610	20500	20505	20555	-65	7842	75260
2012-03-29	20555	20535	20645	20475	20525	20545	-30	9312	75238
2012-03-30	20545	20530	20585	20475	20510	20540	-35	4980	74856
2012-04-05	20540	20320	20435	20300	20410	20355	-130	10502	75328
2012-04-06	20355	20390	20500	20360	20450	20430	95	11754	73886
2012-04-09	20430	20445	20550	20400	20505	20500	75	10794	73226
2012-04-10	20500	20525	20700	20510	20690	20635	190	16618	69354
2012-04-11	20635	20635	20700	20580	20600	20640	-35	13968	62470
2012-04-12	20640	20640	20685	20590	20610	20620	-30	15512	55202
2012-04-13	20620	20655	20685	20600	20610	20635	-10	4334	53046
2012-04-16	20635	20550	20620	20550	20600	20590	-35	2630	52118
2012-04-17	20590	20535	20575	20375	20420	20470	-170	8202	47814
2012-04-18	20470	20450	20485	20420	20475	20460	5	3096	46014
2012-04-19	20460	20495	20655	20495	20655	20600	195	8066	43556
2012-04-20	20600	20660	20670	20600	20625	20630	25	6556	39930
2012-04-23	20630	20630	20650	20470	20470	20560	-160	4104	38232
2012-04-24	20560	20530	20530	20375	20420	20440	-140	6072	34058
2012-04-25	20440	20525	20555	20385	20415	20425	-25	2534	32534
2012-04-26	20425	20430	20455	20400	20415	20415	-10	5324	30024
2012-04-27	20415	20435	20435	20320	20355	20370	-60	2150	29344
2012-05-02	20370	20230	20300	20190	20265	20275	-105	1500	28220
2012-05-03	20275	20270	20300	20195	20200	20245	-75	590	28400
2012-05-04	20245	20205	20260	20195	20245	20225	0	1750	28146
2012-05-07	20225	20260	20260	20040	20050	20100	-175	972	27976
2012-05-08	20100	20010	20200	19960	20110	20075	10	5074	26222
2012-05-09	20075	20060	20070	19875	19875	19980	-200	1234	25796
2012-05-10	19980	19890	19910	19735	19790	19820	-190	1962	25578
2012-05-11	19820	19480	19485	19025	19025	19250	-795	1276	24866
2012-05-14	19250	18940	19160	18480	18655	18875	-595	2562	23660
2012-05-15	18875	18580	18660	18300	18310	18485	-565	1488	0
