2010-07-15	16555	16800	16800	16520	16605	16620	50	148	16
2010-07-16	16620	16640	16795	16630	16725	16730	105	98	40
2010-07-19	16730	16755	16880	16755	16870	16840	140	128	142
2010-07-20	16840	16825	16845	16765	16800	16820	-40	178	202
2010-07-21	16820	16690	16725	16655	16690	16685	-130	150	264
2010-07-22	16685	16715	16775	16715	16715	16740	30	50	298
2010-07-23	16740	16785	16840	16775	16780	16795	40	390	624
2010-07-26	16795	16840	16850	16795	16840	16820	45	354	856
2010-07-27	16820	16740	16755	16685	16685	16710	-135	332	1050
2010-07-28	16710	16700	16745	16680	16745	16710	35	198	1126
2010-07-29	16710	16705	16850	16700	16800	16805	90	1156	2022
2010-07-30	16805	16810	16940	16775	16935	16885	130	728	2580
2010-08-02	16885	17090	17155	17035	17075	17080	190	784	2652
2010-08-03	17080	17100	17170	17030	17155	17115	75	420	2808
2010-08-04	17115	17205	17250	17145	17145	17200	30	826	2984
2010-08-05	17200	17125	17165	17060	17075	17085	-125	224	2938
2010-08-06	17085	17130	17195	16705	17175	17155	90	802	3184
2010-08-09	17155	17210	17235	17120	17155	17180	0	572	3294
2010-08-10	17180	17165	17405	17165	17330	17345	150	1642	3780
2010-08-11	17345	17415	17500	17380	17435	17430	90	1036	4158
2010-08-12	17430	17430	17510	17420	17430	17465	0	252	4192
2010-08-16	17665	17720	17725	17675	17700	17700	35	416	4814
2010-08-17	17700	17645	17660	17620	17630	17635	-70	846	4314
2010-08-18	17635	17650	17700	17635	17650	17665	15	176	4278
2010-08-19	17665	17600	17685	17565	17655	17625	-10	426	4332
2010-08-20	17625	17630	17700	17460	17470	17510	-155	760	3990
2010-08-23	17510	17525	17530	17480	17520	17510	10	284	3976
2010-08-24	17510	17520	17645	17520	17590	17600	80	204	3992
2010-08-25	17600	17655	17735	17640	17675	17685	75	238	4004
2010-08-26	17685	17675	17730	17655	17730	17680	45	156	4014
2010-08-27	17680	17740	17975	17740	17960	17875	280	596	4252
2010-08-30	17875	17925	18040	17900	17955	17970	80	376	4290
2010-08-31	17970	18000	18105	18000	18075	18055	105	374	4330
2010-09-01	18055	18050	18115	18040	18085	18070	30	254	4332
2010-09-02	18070	18150	18380	18150	18365	18315	295	910	4426
2010-09-03	18315	18535	18650	18525	18650	18575	335	662	4616
2010-09-06	18575	18680	19080	18665	18980	18875	405	2358	4790
2010-09-07	18875	18980	19190	18805	19100	19010	225	2502	5074
2010-09-08	19010	19185	19240	18950	18995	19040	-15	2398	5260
2010-09-09	19040	18980	19060	18780	19010	18960	-30	3872	6616
2010-09-10	18960	19075	19475	19020	19450	19275	490	7058	8116
2010-09-13	19275	19480	19545	19280	19400	19415	125	2788	8246
2010-09-14	19415	19495	19635	19480	19625	19560	210	5392	10046
2010-09-15	19560	19725	19880	19610	19715	19725	155	11716	11930
2010-09-16	19725	19605	19680	19505	19640	19580	-85	5608	12222
2010-09-17	19580	19810	19990	19200	19970	19855	390	8692	12220
2010-09-20	19855	20405	20650	20400	20650	20620	795	4034	10560
2010-09-21	20620	21670	21755	20900	21660	21375	1040	17462	8502
2010-09-27	21375	22100	22100	21200	21570	21615	195	11504	7966
2010-09-28	21615	21980	22150	21830	22100	21985	485	6976	7760
2010-09-29	21985	22100	22100	21105	21230	21390	-755	9240	8838
2010-09-30	21390	21145	21700	20835	21685	21340	295	9806	8352
2010-10-08	21340	22060	22625	22020	22625	22545	1285	5706	10368
2010-10-11	22545	23830	24140	23470	23805	23840	1260	12042	10680
2010-10-12	23840	23715	23870	23155	23400	23440	-440	15916	12244
2010-10-13	23440	23380	23585	23235	23500	23440	60	11888	11780
2010-10-14	23440	23585	24380	23390	24380	23960	940	15568	10092
2010-10-15	23960	24520	24570	23850	24130	24200	170	13698	10164
2010-10-18	24200	23230	23765	23230	23655	23595	-545	10172	11350
2010-10-19	23595	23960	24235	23800	23910	24010	315	11892	10044
2010-10-20	24010	23500	24380	23395	24335	24050	325	8866	8856
2010-10-21	24050	24690	25015	24690	25010	24920	960	16782	8644
2010-10-22	24920	24910	25250	24840	25210	25085	290	9560	8634
2010-10-25	25085	26000	26340	26000	26340	26225	1255	5378	8104
2010-10-26	26225	27400	28065	26920	27250	27380	1025	16038	7314
2010-10-27	27380	27825	28000	26590	26820	27195	-560	12078	7602
2010-10-28	27195	26790	27860	26780	27835	27420	640	10322	6854
2010-10-29	27420	27650	27650	26855	27235	27200	-185	10794	7588
2010-11-01	27200	27450	28560	27450	28480	28080	1280	9334	7454
2010-11-02	28080	28560	28855	28215	28725	28610	645	12738	6924
2010-11-03	28610	29300	29945	29265	29740	29645	1130	14202	7362
2010-11-04	29645	29665	29910	29540	29865	29760	220	10308	7620
2010-11-05	29760	30065	31250	30065	31250	31030	1490	4008	7064
2010-11-08	31030	31500	33250	31250	32955	32650	1925	13438	8378
2010-11-09	32650	33000	33450	31950	33005	32885	355	14362	8280
2010-11-10	32885	33410	33680	32155	32375	33085	-510	15280	9450
2010-11-11	33085	31880	32200	31430	31430	31785	-1655	5110	8584
2010-11-12	31785	29410	29695	29400	29400	29500	-2385	612	8504
2010-11-15	29500	27285	28595	27285	28100	27705	-1400	14800	5224
2010-11-16	27705	28200	29095	27710	28225	28590	520	9200	4950
2010-11-17	28590	27160	27950	27160	27160	27440	-1430	5136	4856
2010-11-18	27440	27300	28020	26105	27360	27025	-80	5678	4544
2010-11-19	27025	27900	27900	26430	27090	27215	65	5950	5022
2010-11-22	27215	26010	26815	25850	25850	26380	-1365	4224	4656
2010-11-23	26380	25825	26000	25060	25060	25420	-1320	5350	5162
2010-11-24	25420	24765	26020	24615	25770	25205	350	9124	4170
2010-11-25	25205	25860	25905	25200	25240	25560	35	4690	3514
2010-11-26	25560	25275	25370	24280	24430	24590	-1130	3754	4236
2010-11-29	24590	24205	25350	24190	25185	24760	595	2522	3822
2010-11-30	24760	25125	25440	24410	25440	24950	680	2154	3340
2010-12-01	24950	25290	25540	25050	25335	25300	385	1434	3238
2010-12-02	25300	26050	26415	25800	26260	26140	960	754	3244
2010-12-03	26140	26505	27130	26400	26710	26790	570	1756	2732
2010-12-06	26790	27250	27560	26925	26965	27225	175	1502	2508
2010-12-07	27225	26830	27300	26600	27300	26895	75	1464	2510
2010-12-08	26895	26900	26960	26310	26310	26735	-585	926	2906
2010-12-09	26735	26590	26900	26175	26350	26500	-385	1022	2862
2010-12-10	26500	26755	26850	26430	26785	26595	285	1130	2742
2010-12-13	26595	26560	27650	26560	27555	27355	960	1472	2470
2010-12-14	27355	27800	28160	27755	28035	28025	680	1076	2260
2010-12-15	28025	27800	27950	27385	27405	27630	-620	1002	2358
2010-12-16	27630	27470	27890	26500	27625	27705	-5	1642	2212
2010-12-17	27705	27810	28010	27665	27815	27820	110	730	2190
2010-12-20	27820	28200	28605	28085	28335	28385	515	1120	1784
2010-12-21	28385	28760	28950	28555	28950	28785	565	456	1696
2010-12-22	28785	28750	28750	27500	27650	28145	-1135	694	1614
2010-12-23	28145	27520	27980	27380	27900	27685	-245	934	1650
2010-12-24	27685	27900	27950	27460	27770	27715	85	520	1576
2010-12-27	27715	27640	27830	27530	27665	27705	-50	376	1574
2010-12-28	27705	27710	27820	27705	27750	27755	45	328	1532
2010-12-29	27755	27590	27695	27055	27610	27320	-145	906	1768
2010-12-30	27320	27295	27915	27285	27915	27635	595	742	1596
2010-12-31	27635	27800	28340	27800	28340	28200	705	462	1648
2011-01-04	28200	28115	28280	27915	28125	28100	-75	298	1600
2011-01-05	28100	28110	28450	28110	28215	28345	115	292	1544
2011-01-06	28345	28480	29160	28480	29160	28915	815	448	1740
2011-01-07	28915	28745	28835	28020	28135	28425	-780	626	1764
2011-01-10	28425	28455	28600	28315	28315	28480	-110	164	1722
2011-01-11	28480	28700	28750	28560	28700	28690	220	164	1686
2011-01-12	28690	29270	29365	28960	29050	29285	360	334	1822
2011-01-13	29285	28955	29220	28905	28950	29050	-335	218	1880
2011-01-14	29050	28615	28805	28555	28775	28705	-275	182	1824
2011-01-17	28705	28655	29040	28655	28920	28805	215	222	1902
2011-01-18	28805	29000	29100	28820	29085	28980	280	164	1832
2011-01-19	28980	29200	29695	29200	29635	29445	655	144	1812
2011-01-20	29445	29635	29730	29485	29550	29570	105	98	1806
2011-01-21	29570	29815	30930	29815	30860	30430	1290	660	1518
2011-01-24	30430	31070	32250	31060	31915	31660	1485	544	1530
2011-01-25	31660	33875	33875	30840	31290	31390	-370	372	1626
2011-01-26	31390	31410	31550	30650	31185	31120	-205	224	1622
2011-01-27	31120	31915	32390	31745	32390	32025	1270	498	1516
2011-01-28	32025	31875	32030	31745	31975	31900	-50	130	1524
2011-01-31	31900	31910	32680	31870	32535	32345	635	138	1540
2011-02-01	32345	32850	33370	32655	33370	32980	1025	302	1524
2011-02-09	32980	33600	33690	32770	33070	33180	90	358	1536
2011-02-10	33180	33570	33590	33310	33390	33430	210	202	1524
2011-02-11	33430	33860	34065	33460	33515	33815	85	658	1136
2011-02-14	33815	33995	33995	32890	33125	33170	-690	442	1116
2011-02-15	33170	33125	33620	32770	33350	33250	180	284	1138
2011-02-16	33250	33365	33840	33350	33790	33565	540	196	1108
2011-02-17	33565	34200	34580	34070	34250	34360	685	340	1132
2011-02-18	34360	34460	34460	33480	33600	33960	-760	700	1130
2011-02-21	33960	33250	33315	32365	32470	32835	-1490	1308	1006
2011-02-22	32835	32645	33055	31710	32190	32130	-645	1126	1252
2011-02-23	32130	31625	32160	31615	31925	31845	-205	1194	1110
2011-02-24	31845	32310	32380	30540	30700	31390	-1145	1332	1458
2011-02-25	31390	30575	31030	30280	31010	30720	-380	1068	1634
2011-02-28	30720	31525	32800	31290	32800	32000	2080	798	1716
2011-03-01	32000	33050	33430	32775	33140	33095	1140	1134	1300
2011-03-02	33095	32650	33395	32400	33370	33020	275	754	1014
2011-03-03	33020	33500	33550	32530	32605	33035	-415	880	1264
2011-03-04	33035	32805	33045	32230	32670	32650	-365	878	1314
2011-03-07	32650	32795	33270	32650	33240	33005	590	1234	1386
2011-03-08	33005	32650	32760	31250	31940	32130	-1065	1702	2234
2011-03-09	32130	31940	32310	31515	32160	31855	30	1196	2314
2011-03-10	31855	31580	32000	31485	31700	31690	-155	1128	2358
2011-03-11	31690	31380	31840	31210	31440	31500	-250	1914	2766
2011-03-14	31500	31500	31780	29800	30400	30550	-1100	2104	2964
2011-03-15	30550	30090	30405	29550	29680	29910	-870	1716	2906
2011-03-16	29910	29200	30205	29150	30205	29555	295	2962	3082
2011-03-17	29555	29650	30070	29355	29900	29805	345	1794	3350
2011-03-18	29805	30700	30900	30400	30900	30635	1095	1364	3430
2011-03-21	30635	30875	31020	30300	30585	30570	-50	2488	3748
2011-03-22	30570	30560	30585	30040	30455	30275	-115	1636	3972
2011-03-23	30275	30705	31105	30670	30985	30900	710	1344	3576
2011-03-24	30900	30700	30810	30425	30545	30630	-355	1380	3932
2011-03-25	30630	31045	31045	30415	30440	30615	-190	928	4008
2011-03-28	30615	30255	30255	28735	29205	29450	-1410	1754	4560
2011-03-29	29450	28920	29500	28660	29365	29075	-85	1732	4612
2011-03-30	29075	29240	29520	29115	29185	29295	110	982	4614
2011-03-31	29295	29000	29050	28660	28800	28865	-495	2578	4814
2011-04-01	28865	29300	29300	28500	28500	28755	-365	1424	5090
2011-04-06	28755	28300	28880	28155	28800	28500	45	1934	4958
2011-04-07	28500	28905	29225	28905	28960	29050	460	3190	6484
2011-04-08	29050	28740	29540	28680	29540	29095	490	1956	6476
2011-04-11	29095	29395	30885	29395	30105	30195	1010	2670	6722
2011-04-12	30195	29840	30210	29800	29880	29985	-315	1046	6796
2011-04-13	29985	29565	29575	29025	29570	29355	-415	1362	6892
2011-04-14	29355	29000	29280	28670	28740	28960	-615	1458	7038
2011-04-15	28960	28700	28810	28500	28510	28640	-450	1442	7246
2011-04-18	28640	28125	28535	28045	28450	28235	-190	1728	7520
2011-04-19	28235	28575	28640	27840	28020	28170	-215	2278	7908
2011-04-20	28170	27985	28190	27900	28180	28065	10	1802	8156
2011-04-21	28065	28075	28420	27995	28155	28180	90	2330	7622
2011-04-22	28180	28480	28620	28170	28480	28395	300	1714	7358
2011-04-25	28395	28400	28550	28070	28150	28265	-245	796	7300
2011-04-26	28265	27735	27815	27475	27570	27660	-695	1280	7412
2011-04-27	27660	27400	27510	26685	26775	27080	-885	2274	6722
2011-04-28	27080	26270	27095	26180	26465	26535	-615	3296	6430
2011-04-29	26535	26580	26595	26135	26300	26270	-235	2482	6494
2011-05-03	26270	26400	26490	26160	26445	26385	175	650	6462
2011-05-04	26385	26465	26600	25905	25920	26200	-465	1418	6276
2011-05-05	26200	25325	25480	24705	24865	25060	-1335	2560	5708
2011-05-06	25060	24760	25000	24430	24890	24765	-170	1848	5698
2011-05-09	24765	24760	24980	24670	24915	24850	150	1672	5614
2011-05-10	24850	24890	25145	24430	25135	24865	285	2006	5748
2011-05-11	24865	25585	25585	25150	25200	25390	335	1104	5508
2011-05-12	25390	24900	24965	24430	24505	24645	-885	1968	5768
2011-05-13	24645	24600	25455	24600	25445	25035	800	1460	5626
2011-05-16	25035	25305	25655	25120	25305	25390	270	1324	5716
2011-05-17	25390	25605	25725	24875	25395	25460	5	1618	5592
2011-05-18	25460	25450	25545	25275	25305	25400	-155	874	5562
2011-05-19	25400	25620	25705	25180	25180	25525	-220	1286	5432
2011-05-20	25525	25100	25135	24820	25060	25005	-465	578	5326
2011-05-23	25005	25080	25230	24880	25040	25065	35	698	5344
2011-05-24	25065	25105	25450	25105	25225	25290	160	586	5420
2011-05-25	25290	25295	25450	25185	25345	25295	55	786	5318
2011-05-26	25295	25495	25690	25460	25580	25560	285	1126	5214
2011-05-27	25560	25295	25520	25230	25510	25365	-50	548	5154
2011-05-30	25365	25560	25660	25490	25525	25555	160	392	5104
2011-05-31	25555	25600	26130	25590	26130	25940	575	1114	5312
2011-06-01	25940	26235	26305	26000	26120	26180	180	516	5262
2011-06-02	26180	25970	26085	25860	26055	25980	-125	524	5174
2011-06-03	25980	26280	26660	26280	26660	26445	680	874	5378
2011-06-07	26445	26225	26355	26040	26135	26190	-310	628	5254
2011-06-08	26190	25675	25995	25585	25815	25735	-375	662	5130
2011-06-09	25735	25820	25860	25595	25615	25715	-120	424	5144
2011-06-10	25715	25840	25950	25830	25860	25900	145	460	5010
2011-06-13	25900	25705	25720	25500	25500	25625	-400	196	4978
2011-06-14	25625	25470	25500	25155	25340	25270	-285	320	4920
2011-06-15	25270	25475	25615	25375	25600	25540	330	92	4926
2011-06-16	25540	25310	25485	25260	25460	25410	-80	158	4920
2011-06-17	25410	25065	25410	23740	25410	25215	0	126	4930
2011-06-20	25215	25480	25480	25250	25285	25350	70	176	4866
2011-06-21	25350	25365	25660	25365	25640	25555	290	338	4876
2011-06-22	25555	25790	25820	25540	25565	25650	10	292	4908
2011-06-23	25650	25515	25590	25230	25280	25335	-370	268	5018
2011-06-24	25335	25145	25215	24910	25035	25080	-300	92	5014
2011-06-27	25080	24750	24770	24230	24355	24600	-725	310	4896
2011-06-28	24600	24450	24450	24010	24010	24200	-590	162	4918
2011-06-29	24200	24110	24110	23200	23385	23435	-815	350	4840
2011-06-30	23435	22885	23890	22880	23830	23575	395	362	4718
2011-07-01	23575	23175	23550	23115	23390	23350	-185	90	4624
2011-07-04	23350	23420	23600	23200	23350	23495	0	154	4524
2011-07-05	23495	23410	23415	23290	23300	23345	-195	100	4442
2011-07-06	23345	23280	23400	23110	23400	23290	55	144	4516
2011-07-07	23290	23300	23365	23200	23300	23275	10	90	4564
2011-07-08	23275	23170	23270	23090	23160	23180	-115	90	4468
2011-07-11	23180	22385	22450	21805	21810	22070	-1370	100	4496
2011-07-12	22070	21250	21500	20760	20960	21135	-1110	148	4526
2011-07-13	21135	21100	21440	21055	21440	21235	305	86	4470
2011-07-14	21235	21000	21350	21000	21200	21145	-35	196	0
