2010-05-18	16980	17480	17480	17160	17300	17220	320	1044	800
2010-05-19	17220	17255	17500	17230	17420	17350	200	1642	1604
2010-05-20	17350	17440	17445	17250	17285	17330	-65	1008	1894
2010-05-21	17330	17230	17250	17110	17155	17175	-175	1356	1874
2010-05-24	17175	17155	17245	16980	17075	17075	-100	1314	2040
2010-05-25	17075	17085	17160	16940	16950	17030	-125	1524	2528
2010-05-26	17030	17000	17090	16955	17080	17020	50	2558	3400
2010-05-27	17020	17090	17145	17040	17060	17085	40	1672	4114
2010-05-28	17085	17050	17070	16860	16895	16970	-190	4186	4334
2010-05-31	16970	16765	16900	16750	16840	16835	-130	3362	3864
2010-06-01	16835	16880	16940	16815	16930	16890	95	2152	4042
2010-06-02	16890	16860	16890	16550	16640	16770	-250	3938	4284
2010-06-03	16770	16670	16700	16550	16670	16630	-100	2166	4262
2010-06-04	16630	16600	16670	16520	16645	16605	15	2188	4646
2010-06-07	16605	16485	16500	16275	16355	16380	-250	4598	4956
2010-06-08	16380	16360	16545	16360	16540	16500	160	3018	5292
2010-06-09	16500	16620	16880	16605	16870	16725	370	4606	6338
2010-06-10	16725	16990	17050	16885	16910	16950	185	5086	5820
2010-06-11	16950	16990	17020	16875	17000	16950	50	2992	5738
2010-06-17	16950	17115	17120	16985	17060	17075	110	2478	6012
2010-06-18	17075	17010	17075	16790	16810	16945	-265	4288	6992
2010-06-22	16840	16800	16820	16720	16815	16775	-25	8980	9178
2010-06-23	16775	16830	17100	16825	17085	17000	310	12462	11124
2010-06-24	17000	17065	17135	17025	17115	17080	115	7978	13730
2010-06-25	17080	17150	17245	17100	17155	17170	75	11498	17398
2010-06-28	17170	17170	17250	17120	17240	17200	70	8066	18458
2010-06-29	17200	17190	17280	17145	17180	17210	-20	8882	18990
2010-06-30	17210	17110	17285	17110	17280	17200	70	9538	19424
2010-07-02	17105	17050	17135	17030	17130	17090	25	9026	21262
2010-07-05	17090	17080	17080	16895	16910	16955	-180	14322	21186
2010-07-06	16955	16845	16985	16845	16960	16930	5	11624	21410
2010-07-07	16930	16875	16875	16810	16845	16840	-85	9534	21858
2010-07-08	16840	16920	16935	16885	16900	16910	60	10690	22514
2010-07-09	16910	16865	16865	16755	16760	16790	-150	17822	24894
2010-07-12	16790	16820	16840	16555	16605	16705	-185	18244	28020
2010-07-13	16705	16520	16605	16445	16450	16535	-255	19602	27442
2010-07-14	16535	16550	16615	16515	16540	16555	5	16576	27526
2010-07-15	16555	16425	16530	16380	16465	16460	-90	13450	28698
2010-07-16	16460	16515	16620	16485	16605	16555	145	11590	28850
2010-07-19	16555	16585	16750	16585	16730	16695	175	13980	30008
2010-07-20	16695	16675	16705	16620	16660	16660	-35	13300	30340
2010-07-21	16660	16605	16610	16480	16500	16535	-160	19408	33216
2010-07-22	16535	16580	16630	16550	16580	16590	45	9386	32822
2010-07-23	16590	16675	16685	16610	16615	16640	25	12970	37468
2010-07-26	16640	16675	16725	16665	16680	16695	40	24132	48326
2010-07-27	16695	16720	16750	16520	16520	16610	-175	23108	49902
2010-07-28	16610	16515	16610	16490	16610	16560	0	25678	54592
2010-07-29	16560	16590	16735	16570	16690	16675	130	34400	58026
2010-07-30	16675	16750	16850	16675	16830	16765	155	32368	62790
2010-08-02	16765	16950	17055	16925	16940	16990	175	35818	65280
2010-08-03	16990	16970	17070	16890	17035	17000	45	38464	72204
2010-08-04	17000	17110	17150	17005	17010	17075	10	30664	73530
2010-08-05	17075	17000	17045	16915	16945	16975	-130	23924	75202
2010-08-06	16975	17000	17090	16985	17085	17040	110	25768	76182
2010-08-09	17040	17130	17130	16995	17050	17055	10	32596	78348
2010-08-10	17055	17010	17285	17010	17200	17200	145	53576	83152
2010-08-11	17200	17250	17375	17230	17290	17300	90	47620	87004
2010-08-12	17300	17260	17380	17255	17285	17320	-15	39700	91612
2010-08-16	17535	17630	17630	17530	17560	17560	25	31966	91180
2010-08-17	17560	17530	17530	17460	17475	17490	-85	27118	88632
2010-08-18	17490	17465	17565	17450	17500	17515	10	26916	87486
2010-08-19	17515	17500	17560	17405	17510	17495	-5	34534	88198
2010-08-20	17495	17460	17565	17265	17270	17380	-225	69010	78826
2010-08-23	17380	17320	17365	17300	17320	17340	-60	26280	79624
2010-08-24	17340	17340	17500	17285	17435	17410	95	69346	84552
2010-08-25	17410	17550	17590	17480	17510	17525	100	56972	85518
2010-08-26	17525	17510	17590	17490	17570	17535	45	38794	88864
2010-08-27	17535	17630	17815	17625	17800	17725	265	78966	103838
2010-08-30	17725	17780	17890	17730	17785	17800	60	76038	108876
2010-08-31	17800	17790	17950	17790	17910	17885	110	103294	117266
2010-09-01	17885	17895	17930	17845	17915	17890	30	91514	123184
2010-09-02	17890	18005	18220	18000	18185	18150	295	123858	126902
2010-09-03	18150	18400	18495	18340	18490	18405	340	162082	147648
2010-09-06	18405	18495	18925	18450	18790	18745	385	301072	171622
2010-09-07	18745	18830	19055	18640	18965	18875	220	726342	209522
2010-09-08	18875	19020	19100	18780	18855	18895	-20	719708	231140
2010-09-09	18895	18890	18935	18625	18875	18800	-20	806924	239388
2010-09-10	18800	18910	19325	18840	19305	19070	505	802498	292510
2010-09-13	19070	19310	19375	19095	19230	19240	160	1007984	318820
2010-09-14	19240	19320	19515	19310	19510	19420	270	863098	317314
2010-09-15	19420	19630	19830	19470	19605	19610	185	1046168	335964
2010-09-16	19610	19520	19560	19370	19520	19455	-90	797940	330918
2010-09-17	19455	19695	19945	19660	19915	19805	460	737124	324244
2010-09-20	19805	20450	20600	20365	20600	20500	795	85298	323224
2010-09-21	20500	21190	21725	20800	21685	21255	1185	1588808	326798
2010-09-27	21255	22000	22000	21220	21635	21605	380	1763526	371816
2010-09-28	21605	22040	22235	21875	22185	22060	580	1255850	379582
2010-09-29	22060	22120	22125	21175	21280	21560	-780	1212430	325032
2010-09-30	21560	20960	21675	20775	21640	21320	80	1776836	340024
2010-10-08	21320	22000	22600	22000	22600	22475	1280	291996	356538
2010-10-11	22475	23800	24280	23490	23965	23880	1490	1349812	365416
2010-10-12	23880	23880	23990	23250	23510	23580	-370	2297594	425886
2010-10-13	23580	23510	23720	23310	23600	23535	20	1676282	383834
2010-10-14	23535	23780	24480	23465	24480	23955	945	1742414	406490
2010-10-15	23955	24680	24680	23960	24230	24305	275	1613432	331496
2010-10-18	24305	23330	23890	23330	23750	23695	-555	1505378	383474
2010-10-19	23695	24050	24345	23790	23940	24085	245	1249272	390468
2010-10-20	24085	23460	24470	23350	24390	24080	305	1252726	370814
2010-10-21	24080	24800	25045	24665	24995	24885	915	1151246	360446
2010-10-22	24885	24880	25200	24780	25145	25015	260	1040488	343294
2010-10-25	25015	25880	26270	25855	26270	26165	1255	337860	327596
2010-10-26	26165	27500	27980	26800	27135	27305	970	1143654	307934
2010-10-27	27305	27880	27910	26455	26765	27120	-540	1726012	340832
2010-10-28	27120	26700	27900	26700	27825	27405	705	1402472	311164
2010-10-29	27405	27295	27610	26800	27245	27220	-160	1865316	360954
2010-11-01	27220	28020	28585	27710	28510	28080	1290	973236	353342
2010-11-02	28080	28560	28900	28240	28770	28640	690	1704576	368732
2010-11-03	28640	29460	29980	29280	29715	29665	1075	1457718	346260
2010-11-04	29665	29650	29920	29550	29855	29745	190	1057202	340374
2010-11-05	29745	30510	31235	30505	31235	31020	1490	541684	321420
2010-11-08	31020	31400	33295	31245	32970	32580	1950	1268766	287972
2010-11-09	32580	33080	33515	31960	33005	32850	425	1694108	292994
2010-11-10	32850	33520	33720	32100	32350	32995	-500	1507182	293434
2010-11-11	32995	31900	32170	31345	31345	31670	-1650	247574	266612
2010-11-12	31670	29330	29700	29290	29290	29345	-2380	85144	220554
2010-11-15	29345	27155	28700	27150	28120	27890	-1225	1421862	200478
2010-11-16	27890	28360	29285	27720	28330	28520	440	1602304	194032
2010-11-17	28520	27090	28080	27090	27090	27475	-1430	1204128	202920
2010-11-18	27475	27300	28300	26100	27430	26955	-45	1994452	194004
2010-11-19	26955	28115	28185	26460	27180	27185	225	1942408	185474
2010-11-22	27185	26185	26900	25840	25870	26450	-1315	1300582	214932
2010-11-23	26450	26000	26085	25125	25225	25565	-1225	1385094	205348
2010-11-24	25565	24930	26025	24675	25755	25365	190	1861390	209004
2010-11-25	25365	25940	25945	25220	25270	25585	-95	801440	173242
2010-11-26	25585	25380	25420	24305	24470	24705	-1115	572568	163558
2010-11-29	24705	24315	25350	24170	25130	24790	425	463634	152846
2010-11-30	24790	25140	25400	24420	25375	24905	585	352660	147886
2010-12-01	24905	25300	25525	25030	25300	25300	395	239522	135328
2010-12-02	25300	25995	26370	25755	26200	26055	900	185212	117996
2010-12-03	26055	26320	27070	26320	26655	26705	600	218296	111212
2010-12-06	26705	27200	27510	26825	26910	27185	205	179542	100064
2010-12-07	27185	27000	27300	26550	27300	26910	115	136814	93946
2010-12-08	26910	26920	27020	26325	26360	26760	-550	111312	93224
2010-12-09	26760	26800	26945	26200	26375	26570	-385	116054	89866
2010-12-10	26570	26785	26885	26495	26825	26655	255	93290	83290
2010-12-13	26655	26660	27665	26620	27535	27230	880	87300	75550
2010-12-14	27230	27880	28165	27720	28035	27965	805	85854	71150
2010-12-15	27965	27865	27930	27385	27395	27660	-570	60124	69416
2010-12-16	27660	27500	27890	27330	27640	27700	-20	51440	64908
2010-12-17	27700	27780	28005	27660	27835	27840	135	51956	68416
2010-12-20	27840	28120	28595	28020	28360	28350	520	56632	64008
2010-12-21	28350	28800	28950	28545	28905	28775	555	56576	65628
2010-12-22	28775	28700	28775	27480	27640	28065	-1135	58018	61526
2010-12-23	28065	27570	27985	27355	27800	27645	-265	44874	60294
2010-12-24	27645	27805	28010	27420	27730	27660	85	44266	57684
2010-12-27	27660	27400	27840	27400	27635	27660	-25	29004	57694
2010-12-28	27660	27750	27820	27650	27745	27745	85	17654	57000
2010-12-29	27745	27610	27710	27100	27645	27295	-100	34734	59222
2010-12-30	27295	27390	27880	27265	27855	27560	560	26174	56942
2010-12-31	27560	27765	28300	27680	28270	28125	710	24368	53844
2011-01-04	28125	28175	28250	27845	28070	28040	-55	18396	52144
2011-01-05	28040	28005	28420	28005	28160	28280	120	16956	50186
2011-01-06	28280	28345	29005	28325	28990	28770	710	20696	51942
2011-01-07	28770	28500	28670	27885	28035	28295	-735	23230	48942
2011-01-10	28295	28230	28480	28200	28225	28355	-70	14648	48466
2011-01-11	28355	28500	28670	28450	28585	28555	230	11650	48454
2011-01-12	28555	29100	29170	28785	28865	29035	310	14246	48878
2011-01-13	29035	29120	29120	28730	28780	28895	-255	10144	47722
2011-01-14	28895	28420	28685	28380	28670	28545	-225	11110	47996
2011-01-17	28545	28600	28910	28510	28820	28725	275	19336	41524
2011-01-18	28725	28750	28990	28715	28960	28880	235	12678	39542
2011-01-19	28880	29070	29530	29070	29390	29245	510	14604	36856
2011-01-20	29245	29300	29560	29240	29385	29425	140	8330	36304
2011-01-21	29425	29490	30770	29475	30510	30170	1085	18380	37430
2011-01-24	30170	30690	31980	30690	31570	31415	1400	22018	37116
2011-01-25	31415	31800	31925	30515	30975	31145	-440	17636	37014
2011-01-26	31145	30910	31300	30380	31015	30810	-130	14762	34470
2011-01-27	30810	31600	32050	31420	31975	31770	1165	22738	37674
2011-01-28	31770	31600	31745	31430	31685	31610	-85	12902	36100
2011-01-31	31610	31500	32495	31415	32145	31980	535	9556	37376
2011-02-01	31980	32300	33110	32250	33050	32625	1070	12492	35710
2011-02-09	32625	33300	33300	32420	32585	32765	-40	10742	34312
2011-02-10	32765	33130	33260	32885	33020	33085	255	11518	33186
2011-02-11	33085	33385	33730	33115	33195	33495	110	14992	34022
2011-02-14	33495	33395	33400	32455	32880	32900	-615	14944	35716
2011-02-15	32900	32500	33435	32500	33240	33125	340	11508	37512
2011-02-16	33125	33200	33750	33100	33690	33525	565	17312	38660
2011-02-17	33525	34300	34480	34005	34090	34270	565	14346	40752
2011-02-18	34270	34500	34500	33475	33580	34040	-690	30552	44372
2011-02-21	34040	33000	34000	32650	32775	32985	-1265	20106	46338
2011-02-22	32985	32800	33375	31950	32385	32590	-600	18024	45106
2011-02-23	32590	31900	32300	31705	32180	32060	-410	16862	44974
2011-02-24	32060	32320	32600	30835	31040	31520	-1020	16840	44176
2011-02-25	31520	30905	31410	30655	31380	31060	-140	10922	45242
2011-02-28	31060	32000	33000	31630	32995	32225	1935	12386	42900
2011-03-01	32225	33190	33590	32935	33240	33230	1015	13170	40578
2011-03-02	33230	32800	33505	32500	33495	32980	265	8490	39402
2011-03-03	32980	33505	33700	32490	32525	33045	-455	11730	38534
2011-03-04	33045	32680	33010	32220	32650	32665	-395	10570	37038
2011-03-07	32665	32805	33275	32695	33275	32950	610	7578	36852
2011-03-08	32950	32700	32895	31500	32035	32175	-915	14238	36996
2011-03-09	32175	31935	32360	31605	32175	32020	0	8634	35540
2011-03-10	32020	31510	31985	31500	31680	31740	-340	7564	35516
2011-03-11	31740	31310	31820	31250	31380	31500	-360	10250	35412
2011-03-14	31500	31015	31750	29805	30305	30605	-1195	13570	35362
2011-03-15	30605	29980	30440	29510	29660	29875	-945	11742	34418
2011-03-16	29875	29450	30180	29130	30065	29500	190	21010	27430
2011-03-17	29500	29450	30065	29335	29860	29795	360	11734	25050
2011-03-18	29795	30800	30800	30340	30795	30575	1000	5482	23646
2011-03-21	30575	30775	30910	30185	30445	30430	-130	6188	22728
2011-03-22	30430	30375	30430	29845	30295	30070	-135	6134	21430
2011-03-23	30070	30590	30930	30505	30840	30715	770	4804	20384
2011-03-24	30715	30555	30720	30295	30380	30480	-335	2264	19824
2011-03-25	30480	30695	30700	30250	30290	30430	-190	2868	19456
2011-03-28	30430	30100	30115	28645	29130	29300	-1300	4284	19666
2011-03-29	29300	28795	29535	28630	29310	29090	10	3650	19632
2011-03-30	29090	29190	29490	29025	29145	29245	55	1830	19524
2011-03-31	29245	28830	29100	28735	28955	28925	-290	3830	19340
2011-04-01	28925	29470	29650	28670	28795	29065	-130	3276	19184
2011-04-06	29065	28415	29055	28400	29045	28755	-20	5010	18164
2011-04-07	28755	29090	29260	28930	28950	29110	195	2592	18118
2011-04-08	29110	28820	29390	28650	29390	29060	280	7290	14156
2011-04-11	29060	29220	30750	29205	29995	29980	935	4352	13338
2011-04-12	29980	29730	29995	29505	29555	29740	-425	2724	13086
2011-04-13	29740	29275	29280	28800	29220	29070	-520	1832	12836
2011-04-14	29070	28905	29040	28500	28520	28720	-550	3408	10950
2011-04-15	28720	28600	28665	28400	28420	28505	-300	1400	10696
2011-04-18	28505	28060	28380	28050	28305	28165	-200	1814	10752
2011-04-19	28165	28490	28500	27805	27935	28000	-230	1520	10530
2011-04-20	28000	27900	28135	27880	28100	28040	100	1346	10252
2011-04-21	28040	28050	28295	27950	28070	28070	30	1340	9584
2011-04-22	28070	28400	28400	28065	28285	28240	215	746	9444
2011-04-25	28240	28350	28350	27850	28050	28075	-190	624	9340
2011-04-26	28075	27510	27845	27265	27515	27595	-560	886	8958
2011-04-27	27595	27315	27360	26615	26715	27035	-880	710	8826
2011-04-28	27035	26500	26990	26175	26510	26560	-525	1764	8268
2011-04-29	26560	26350	26480	26100	26405	26290	-155	602	8354
2011-05-03	26290	26330	26640	26200	26550	26535	260	278	8330
2011-05-04	26535	26580	26580	26105	26140	26340	-395	586	8114
2011-05-05	26340	25480	25480	25000	25000	25155	-1340	1408	8008
2011-05-06	25155	24000	25005	24000	24880	24755	-275	744	7472
2011-05-09	24755	25060	25060	24850	24850	24960	95	550	6770
2011-05-10	24960	25025	25060	24550	25060	24940	100	588	6460
2011-05-11	24940	25200	25300	25055	25205	25235	265	608	6172
2011-05-12	25235	24900	25155	24680	24680	24820	-555	1162	5584
2011-05-13	24820	24910	25400	24800	25300	25180	480	460	5274
2011-05-16	25180	25040	25340	25000	25000	25045	-180	46	0
