2008-01-16	1899	1853	1878	1851	1870	1870	-29	1750	1306
2008-01-17	1870	1860	1872	1857	1871	1866	-4	840	1744
2008-01-18	1866	1870	1870	1844	1851	1852	-14	2196	2618
2008-01-21	1852	1850	1850	1813	1815	1831	-21	3546	3962
2008-01-22	1831	1800	1808	1788	1800	1800	-31	3606	5346
2008-01-23	1800	1820	1821	1797	1808	1808	8	1526	5542
2008-01-24	1808	1801	1808	1800	1806	1804	-4	676	5626
2008-01-25	1804	1810	1818	1807	1817	1812	8	1122	5698
2008-01-28	1812	1813	1823	1813	1819	1816	4	1628	6746
2008-01-29	1816	1825	1825	1815	1822	1818	2	2044	7856
2008-01-30	1818	1818	1828	1818	1825	1824	6	1810	8870
2008-01-31	1824	1820	1825	1812	1818	1819	-5	770	9088
2008-02-01	1819	1824	1831	1820	1830	1824	5	504	9204
2008-02-04	1824	1833	1858	1830	1856	1849	25	4350	10994
2008-02-05	1849	1860	1860	1846	1858	1853	4	2256	12012
2008-02-13	1853	1859	1859	1834	1855	1846	-7	1986	12972
2008-02-14	1846	1855	1883	1855	1875	1871	25	13096	19878
2008-02-15	1871	1880	1885	1862	1864	1875	4	9598	23564
2008-02-18	1875	1863	1901	1861	1896	1889	14	16816	30534
2008-02-19	1889	1897	1904	1878	1885	1889	0	8632	31138
2008-02-20	1889	1889	1904	1877	1884	1891	2	17636	34562
2008-02-21	1891	1892	1902	1891	1895	1896	5	9218	38542
2008-02-22	1896	1890	1896	1880	1885	1889	-7	14808	42732
2008-02-25	1889	1897	1915	1895	1914	1908	19	23042	52166
2008-02-26	1908	1912	1928	1896	1900	1910	2	31562	58528
2008-02-27	1910	1910	1917	1898	1901	1906	-4	29298	62294
2008-02-28	1906	1901	1902	1892	1896	1897	-9	16466	62822
2008-02-29	1897	1905	1918	1902	1914	1911	14	32948	74094
2008-03-03	1911	1920	1987	1919	1987	1964	53	56464	92138
2008-03-04	1964	1980	2041	1964	2008	2010	46	121516	100654
2008-03-05	2010	1991	2040	1985	2024	2020	10	263982	134986
2008-03-06	2020	2033	2052	2008	2023	2030	10	218666	141396
2008-03-07	2030	2000	2024	1995	2000	2011	-19	144216	149774
2008-03-10	2011	1970	1991	1960	1987	1975	-36	200106	177438
2008-03-11	1975	2008	2021	2000	2014	2011	36	221820	188310
2008-03-12	2011	2016	2018	1984	1990	2001	-10	192636	219060
2008-03-13	2001	1991	1996	1965	1991	1981	-20	171718	213822
2008-03-14	1981	1995	1995	1970	1975	1979	-2	131998	195690
2008-03-17	1979	1953	1980	1953	1974	1970	-9	154914	213006
2008-03-18	1970	1942	1950	1893	1908	1916	-54	512576	223884
2008-03-19	1916	1926	1952	1915	1945	1933	17	268268	204084
2008-03-20	1933	1892	1937	1883	1934	1907	-26	485272	201856
2008-03-21	1907	1909	1939	1908	1915	1919	12	216620	190570
2008-03-24	1919	1925	1928	1897	1898	1909	-10	186544	187420
2008-03-25	1909	1916	1918	1877	1887	1891	-18	302190	201418
2008-03-26	1891	1898	1907	1882	1884	1894	3	307846	195738
2008-03-27	1894	1880	1901	1871	1892	1888	-6	285758	240404
2008-03-28	1888	1891	1912	1888	1909	1899	11	393632	256486
2008-03-31	1899	1918	1958	1911	1948	1935	36	660976	335238
2008-04-01	1935	1905	1921	1885	1892	1904	-31	1118256	314894
2008-04-02	1904	1916	1925	1905	1909	1915	11	509952	297354
2008-04-03	1915	1920	1929	1904	1907	1915	0	440682	300734
2008-04-07	1915	1900	1907	1892	1902	1899	-16	351120	302030
2008-04-08	1899	1896	1900	1873	1877	1883	-16	411610	347274
2008-04-09	1883	1878	1891	1867	1886	1882	-1	544148	354298
2008-04-10	1882	1898	1904	1889	1897	1896	14	363952	355630
2008-04-11	1896	1892	1925	1886	1915	1909	13	890314	447088
2008-04-14	1909	1912	1938	1912	1930	1927	18	703170	421624
2008-04-15	1927	1936	1949	1930	1939	1939	12	554894	408388
2008-04-16	1939	1942	1949	1934	1938	1940	1	528498	425132
2008-04-17	1940	1936	1944	1928	1931	1934	-6	315610	428268
2008-04-18	1934	1930	1947	1926	1935	1938	4	414996	425286
2008-04-21	1938	1930	1935	1906	1908	1915	-23	622878	388740
2008-04-22	1915	1899	1921	1899	1908	1912	-3	347326	398518
2008-04-23	1912	1919	1925	1911	1918	1916	4	319206	403692
2008-04-24	1916	1912	1933	1910	1930	1920	4	447764	441262
2008-04-25	1920	1920	1933	1918	1924	1926	6	421392	430768
2008-04-28	1926	1929	1975	1928	1972	1964	38	1122032	605072
2008-04-29	1964	1973	1981	1961	1965	1969	5	681924	615082
2008-04-30	1969	1961	1970	1956	1968	1963	-6	453440	592034
2008-05-05	1963	1968	1988	1964	1964	1976	13	510266	617822
2008-05-06	1976	1961	1975	1961	1969	1968	-8	382226	641074
2008-05-07	1968	1975	1982	1965	1968	1974	6	469026	639966
2008-05-08	1974	1974	1985	1965	1973	1974	0	474004	666382
2008-05-09	1974	1980	1988	1974	1977	1979	5	641966	679088
2008-05-12	1979	1981	1990	1978	1982	1983	4	748176	727226
2008-05-13	1983	1976	1978	1964	1966	1969	-14	476546	654598
2008-05-14	1969	1970	1971	1952	1957	1958	-11	345466	640904
2008-05-15	1958	1951	1953	1936	1938	1944	-14	384670	635450
2008-05-16	1944	1940	1947	1940	1942	1943	-1	299170	607632
2008-05-19	1943	1936	1937	1914	1915	1920	-23	383242	623678
2008-05-20	1920	1913	1925	1913	1922	1920	0	251874	620560
2008-05-21	1920	1922	1925	1901	1905	1910	-10	341122	618670
2008-05-22	1910	1916	1921	1892	1902	1907	-3	382950	637150
2008-05-23	1907	1890	1897	1881	1893	1887	-20	354334	630894
2008-05-26	1887	1893	1915	1877	1913	1898	11	576838	627090
2008-05-27	1898	1916	1923	1905	1914	1913	15	330038	628350
2008-05-28	1913	1905	1912	1900	1903	1904	-9	259458	631044
2008-05-29	1904	1902	1904	1884	1888	1894	-10	346236	638496
2008-05-30	1894	1884	1887	1868	1876	1876	-18	565838	616256
2008-06-02	1876	1885	1890	1880	1883	1885	9	206372	613654
2008-06-03	1885	1891	1895	1882	1892	1889	4	275370	606136
2008-06-04	1889	1885	1888	1879	1882	1883	-6	154044	602200
2008-06-05	1883	1889	1891	1881	1882	1886	3	132338	601454
2008-06-06	1886	1900	1915	1892	1903	1905	19	476470	590962
2008-06-10	1905	1910	1919	1907	1913	1912	7	299564	583504
2008-06-11	1912	1915	1922	1896	1902	1909	-3	386286	588228
2008-06-12	1909	1920	1931	1905	1908	1916	7	574016	582246
2008-06-13	1916	1908	1921	1896	1914	1911	-5	471560	563556
2008-06-16	1911	1926	1930	1916	1923	1923	12	373774	544360
2008-06-17	1923	1917	1918	1905	1908	1909	-14	249146	533610
2008-06-18	1909	1910	1912	1900	1909	1906	-3	225978	512418
2008-06-19	1906	1908	1917	1903	1906	1911	5	274408	502818
2008-06-20	1911	1901	1934	1896	1914	1916	5	680726	528688
2008-06-23	1916	1910	1931	1906	1926	1923	7	606204	538036
2008-06-24	1923	1927	1939	1915	1919	1926	3	607044	528658
2008-06-25	1926	1917	1923	1907	1918	1916	-10	355726	505232
2008-06-26	1916	1922	1928	1917	1923	1921	5	287978	509732
2008-06-27	1921	1935	1935	1922	1927	1927	6	301552	512408
2008-06-30	1927	1927	1942	1923	1941	1935	8	564378	568728
2008-07-01	1935	1930	1936	1925	1928	1929	-6	397092	548104
2008-07-02	1929	1932	1934	1925	1927	1929	0	208066	530360
2008-07-03	1929	1934	1942	1913	1923	1929	0	484524	510870
2008-07-04	1929	1923	1929	1922	1927	1925	-4	126112	507410
2008-07-07	1925	1921	1923	1901	1904	1909	-16	320010	531374
2008-07-08	1909	1888	1895	1877	1878	1883	-26	332494	466128
2008-07-09	1883	1880	1889	1874	1880	1881	-2	205014	446512
2008-07-10	1881	1887	1887	1870	1874	1878	-3	231820	465114
2008-07-11	1878	1880	1953	1856	1906	1897	19	1102892	416160
2008-07-14	1897	1892	1910	1887	1897	1898	1	352034	393542
2008-07-15	1898	1899	1917	1895	1914	1908	10	374294	401850
2008-07-16	1908	1903	1917	1902	1906	1908	0	295050	386088
2008-07-17	1908	1909	1914	1905	1907	1909	1	186468	380906
2008-07-18	1909	1898	1906	1893	1901	1899	-10	262622	372918
2008-07-21	1899	1890	1897	1876	1883	1885	-14	274204	366672
2008-07-22	1885	1868	1888	1868	1887	1880	-5	232274	360602
2008-07-23	1880	1884	1890	1877	1883	1882	2	247756	360018
2008-07-24	1882	1886	1889	1879	1888	1884	2	189000	352364
2008-07-25	1884	1888	1893	1883	1884	1887	3	152348	350092
2008-07-28	1887	1887	1890	1869	1881	1881	-6	196846	353602
2008-07-29	1881	1880	1880	1844	1846	1861	-20	350034	400594
2008-07-30	1861	1855	1856	1834	1847	1845	-16	346830	366244
2008-07-31	1845	1850	1855	1831	1832	1839	-6	276902	376892
2008-08-01	1839	1827	1828	1810	1812	1816	-23	281436	373470
2008-08-04	1816	1801	1801	1772	1783	1787	-29	381354	343990
2008-08-05	1787	1761	1790	1748	1772	1770	-17	754510	333620
2008-08-06	1770	1775	1793	1774	1784	1783	13	259374	311740
2008-08-07	1783	1777	1786	1773	1785	1779	-4	182174	302848
2008-08-08	1779	1791	1792	1780	1780	1784	5	120646	298250
2008-08-11	1784	1764	1771	1754	1758	1760	-24	281434	303920
2008-08-12	1760	1760	1785	1751	1774	1766	6	279972	284436
2008-08-13	1766	1778	1785	1768	1779	1777	11	212466	286302
2008-08-14	1777	1795	1799	1766	1767	1780	3	273520	281158
2008-08-15	1780	1751	1756	1725	1726	1742	-38	334060	288900
2008-08-18	1742	1736	1740	1725	1734	1732	-10	216920	277658
2008-08-19	1732	1730	1731	1706	1712	1713	-19	276394	266660
2008-08-20	1713	1720	1741	1712	1738	1727	14	292432	245768
2008-08-21	1727	1739	1745	1729	1735	1736	9	152810	230730
2008-08-22	1736	1739	1745	1722	1727	1733	-3	139454	237326
2008-08-25	1733	1730	1740	1721	1737	1731	-2	147076	225164
2008-08-26	1731	1730	1745	1728	1736	1735	4	164224	210904
2008-08-27	1735	1745	1756	1740	1753	1746	11	117406	211392
2008-08-28	1746	1750	1752	1743	1744	1746	0	66646	201454
2008-08-29	1746	1740	1753	1740	1750	1747	1	66004	196362
2008-09-01	1747	1749	1765	1749	1762	1760	13	76492	180010
2008-09-02	1760	1750	1751	1732	1733	1743	-17	78872	181152
2008-09-03	1743	1739	1739	1721	1726	1728	-15	67044	171732
2008-09-04	1728	1721	1729	1712	1714	1719	-9	57408	168300
2008-09-05	1719	1700	1711	1700	1706	1705	-14	46726	168428
2008-09-08	1705	1706	1711	1701	1704	1706	1	53854	176750
2008-09-09	1706	1701	1705	1680	1689	1689	-17	86220	164364
2008-09-10	1689	1685	1698	1684	1697	1692	3	41146	161410
2008-09-11	1692	1694	1695	1689	1694	1691	-1	23022	159414
2008-09-12	1691	1695	1703	1694	1702	1698	7	28656	155284
2008-09-16	1698	1700	1701	1666	1669	1677	-21	60420	156164
2008-09-17	1677	1661	1680	1661	1676	1667	-10	43020	154096
2008-09-18	1667	1680	1686	1667	1679	1675	8	26990	152982
2008-09-19	1675	1678	1694	1675	1691	1687	12	41330	147890
2008-09-22	1687	1699	1706	1692	1700	1698	11	31364	143744
2008-09-23	1698	1703	1705	1682	1684	1693	-5	28910	139066
2008-09-24	1693	1688	1688	1675	1683	1679	-14	19868	134246
2008-09-25	1679	1676	1684	1676	1680	1680	1	9362	131496
2008-09-26	1680	1677	1682	1674	1681	1677	-3	11386	127840
2008-10-06	1677	1594	1597	1594	1594	1594	-83	39740	130740
2008-10-07	1594	1516	1610	1516	1605	1575	-19	200672	131524
2008-10-08	1575	1600	1620	1584	1601	1601	26	120248	122714
2008-10-09	1601	1610	1623	1605	1623	1613	12	63884	122442
2008-10-10	1613	1608	1612	1556	1583	1575	-38	179890	123396
2008-10-13	1575	1560	1645	1560	1624	1608	33	146798	113500
2008-10-14	1608	1640	1654	1609	1609	1632	24	100932	95008
2008-10-15	1632	1592	1617	1587	1613	1598	-34	83250	90556
2008-10-16	1598	1590	1610	1582	1597	1598	0	60016	92424
2008-10-17	1598	1612	1639	1607	1626	1623	25	55958	82590
2008-10-20	1623	1704	1704	1641	1657	1657	34	64230	80792
2008-10-21	1657	1650	1657	1624	1625	1636	-21	30868	74524
2008-10-22	1636	1620	1624	1608	1614	1616	-20	12208	72934
2008-10-23	1616	1591	1629	1591	1625	1609	-7	18692	73204
2008-10-24	1609	1635	1638	1615	1620	1621	12	13954	73038
2008-10-27	1621	1610	1621	1601	1612	1610	-11	7790	73460
2008-10-28	1610	1623	1635	1617	1628	1624	14	12698	68510
2008-10-29	1624	1624	1629	1618	1625	1622	-2	6522	67058
2008-10-30	1622	1639	1639	1626	1629	1628	6	19760	54892
2008-10-31	1628	1622	1627	1618	1622	1623	-5	4024	54258
2008-11-03	1623	1623	1623	1612	1618	1617	-6	5864	54508
2008-11-04	1617	1616	1621	1606	1608	1613	-4	9434	50874
2008-11-05	1613	1617	1619	1606	1614	1614	1	7008	49166
2008-11-06	1614	1610	1611	1597	1605	1602	-12	4944	49856
2008-11-07	1602	1602	1612	1600	1608	1606	4	9210	49150
2008-11-10	1606	1612	1614	1605	1605	1609	3	8278	48210
2008-11-11	1609	1605	1606	1582	1596	1594	-15	12852	43664
2008-11-12	1594	1601	1601	1572	1576	1587	-7	11962	39450
2008-11-13	1587	1581	1581	1555	1562	1564	-23	5776	39042
2008-11-14	1564	1555	1572	1555	1562	1563	-1	5718	37788
2008-11-17	1563	1562	1594	1559	1573	1575	12	6468	33570
2008-11-18	1575	1576	1585	1568	1572	1577	2	2502	33028
2008-11-19	1577	1576	1585	1565	1583	1574	-3	4972	31716
2008-11-20	1574	1574	1581	1568	1581	1576	2	7552	26646
2008-11-21	1576	1580	1580	1565	1576	1573	-3	3760	24664
2008-11-24	1573	1573	1575	1565	1565	1569	-4	4940	21208
2008-11-25	1569	1570	1572	1553	1555	1560	-9	4930	18612
2008-11-26	1560	1555	1557	1543	1550	1551	-9	2692	18388
2008-11-27	1551	1555	1555	1527	1527	1537	-14	2564	18502
2008-11-28	1537	1523	1527	1511	1514	1517	-20	2630	17674
2008-12-01	1517	1511	1511	1494	1506	1500	-17	3660	15560
2008-12-02	1500	1498	1498	1466	1466	1486	-14	3296	14196
2008-12-03	1486	1457	1479	1457	1473	1471	-15	646	13808
2008-12-04	1471	1511	1511	1466	1475	1477	6	2626	14062
2008-12-05	1477	1466	1467	1412	1422	1440	-37	4496	13094
2008-12-08	1440	1408	1438	1408	1430	1429	-11	3652	12036
2008-12-09	1429	1419	1432	1419	1429	1426	-3	3646	10750
2008-12-10	1426	1426	1432	1422	1432	1428	2	1864	9912
2008-12-11	1428	1436	1436	1410	1416	1421	-7	2040	9996
2008-12-12	1421	1420	1430	1412	1424	1423	2	362	9890
2008-12-15	1423	1438	1438	1420	1430	1429	6	1380	9398
2008-12-16	1429	1422	1424	1415	1419	1417	-12	188	9346
2008-12-17	1417	1425	1425	1417	1417	1419	2	490	9734
2008-12-18	1419	1411	1420	1402	1420	1417	-2	338	9726
2008-12-19	1417	1425	1425	1406	1412	1411	-6	872	9654
2008-12-22	1411	1414	1431	1404	1431	1419	8	2102	8824
2008-12-23	1419	1422	1450	1422	1432	1438	19	120	8774
2008-12-24	1438	1430	1450	1430	1438	1435	-3	492	8698
2008-12-25	1435	1432	1450	1432	1437	1442	7	908	8392
2008-12-26	1442	1430	1432	1417	1432	1429	-13	110	8356
2008-12-29	1429	1412	1439	1412	1437	1431	2	354	8422
2008-12-30	1431	1425	1447	1425	1447	1440	9	1562	8414
2008-12-31	1440	1430	1468	1430	1435	1438	-2	378	8386
2009-01-05	1438	1438	1468	1430	1440	1448	10	3344	4510
2009-01-06	1448	1435	1435	1435	1435	1435	-13	2	4502
2009-01-07	1435	-	-	-	1435	1435	0	0	4492
2009-01-08	1435	1468	1468	1450	1460	1462	27	2512	1512
2009-01-09	1462	1378	1477	1378	1460	1465	3	1048	522
2009-01-12	1465	-	-	-	1465	1465	0	0	0
2009-01-13	1465	-	-	-	1465	1465	0	0	0
2009-01-14	1465	-	-	-	1465	1465	0	0	0
2009-01-15	1465	-	-	-	1465	1465	0	0	0
2009-01-16	1465	-	-	-	1465	1456	-9	0	0
