2008-01-02	1846	1848	1848	1826	1832	1835	-11	2308	6458
2008-01-03	1835	1840	1845	1837	1842	1841	6	626	6776
2008-01-04	1841	1845	1860	1840	1851	1853	12	900	6828
2008-01-07	1853	1855	1872	1847	1872	1859	6	2862	8206
2008-01-08	1859	1880	1882	1863	1871	1871	12	5144	11456
2008-01-09	1871	1879	1880	1871	1880	1875	4	3994	14300
2008-01-10	1875	1876	1885	1875	1877	1879	4	2456	15432
2008-01-11	1879	1877	1883	1876	1880	1879	0	1646	16352
2008-01-14	1879	1893	1899	1886	1889	1892	13	7526	18644
2008-01-15	1892	1887	1890	1863	1867	1872	-20	7250	19754
2008-01-16	1872	1865	1866	1844	1855	1854	-18	14752	25208
2008-01-17	1854	1850	1861	1845	1859	1853	-1	6524	27670
2008-01-18	1853	1853	1856	1833	1839	1840	-13	9908	26794
2008-01-21	1840	1840	1841	1804	1806	1817	-23	18182	30284
2008-01-22	1817	1785	1794	1777	1784	1784	-33	16872	30668
2008-01-23	1784	1796	1802	1780	1787	1785	1	8134	32414
2008-01-24	1785	1776	1786	1776	1782	1780	-5	7448	31876
2008-01-25	1780	1785	1795	1785	1790	1789	9	5384	31564
2008-01-28	1789	1791	1802	1790	1795	1796	7	1902	31632
2008-01-29	1796	1798	1806	1793	1804	1797	1	1830	31870
2008-01-30	1797	1803	1810	1798	1807	1804	7	25922	31384
2008-01-31	1804	1803	1806	1792	1799	1800	-4	2132	31000
2008-02-01	1800	1800	1814	1800	1813	1805	5	1872	30318
2008-02-04	1805	1817	1838	1815	1834	1828	23	6770	27540
2008-02-05	1828	1838	1843	1832	1841	1839	11	3632	27010
2008-02-13	1839	1839	1844	1822	1844	1830	-9	3166	27406
2008-02-14	1830	1845	1863	1839	1853	1851	21	5828	26078
2008-02-15	1851	1860	1864	1838	1838	1853	2	2334	25540
2008-02-18	1853	1839	1876	1838	1871	1867	14	17560	24312
2008-02-19	1867	1876	1882	1853	1860	1860	-7	6392	23714
2008-02-20	1860	1866	1871	1847	1849	1856	-4	5264	21566
2008-02-21	1856	1855	1864	1852	1854	1857	1	1046	21358
2008-02-22	1857	1856	1856	1838	1845	1847	-10	1214	21168
2008-02-25	1847	1850	1872	1850	1864	1863	16	1874	21158
2008-02-26	1863	1873	1874	1852	1856	1861	-2	4178	21438
2008-02-27	1861	1866	1867	1850	1852	1857	-4	3146	21298
2008-02-28	1857	1857	1857	1846	1852	1849	-8	1072	21356
2008-02-29	1849	1855	1869	1853	1866	1862	13	3332	20902
2008-03-03	1862	1868	1936	1868	1936	1907	45	9378	21564
2008-03-04	1907	1942	1968	1890	1923	1941	34	6262	20692
2008-03-05	1941	1910	1946	1900	1936	1929	-12	3912	20716
2008-03-06	1929	1949	1964	1924	1936	1941	12	5224	18696
2008-03-07	1941	1915	1932	1914	1915	1921	-20	2370	18338
2008-03-10	1921	1878	1899	1877	1895	1888	-33	8606	19794
2008-03-11	1888	1918	1925	1910	1924	1920	32	2114	19942
2008-03-12	1920	1940	1940	1897	1901	1909	-11	2482	20110
2008-03-13	1909	1907	1907	1883	1905	1894	-15	1734	19620
2008-03-14	1894	1829	1906	1829	1897	1888	-6	1330	19378
2008-03-17	1888	1886	1899	1880	1890	1889	1	1042	19282
2008-03-18	1889	1850	1872	1821	1832	1844	-45	10246	16752
2008-03-19	1844	1848	1876	1841	1870	1857	13	2474	16398
2008-03-20	1857	1840	1862	1816	1862	1833	-24	4290	14868
2008-03-21	1833	1846	1867	1843	1846	1849	16	3618	14088
2008-03-24	1849	1867	1867	1835	1836	1844	-5	1344	13756
2008-03-25	1844	1853	1853	1820	1833	1831	-13	1566	13290
2008-03-26	1831	1838	1844	1827	1830	1836	5	1050	13168
2008-03-27	1836	1825	1837	1815	1832	1833	-3	452	12916
2008-03-28	1833	1833	1845	1832	1844	1838	5	720	12862
2008-03-31	1838	1852	1880	1846	1870	1861	23	1884	13218
2008-04-01	1861	1859	1859	1821	1829	1837	-24	1508	12646
2008-04-02	1837	1838	1852	1838	1842	1846	9	768	12622
2008-04-03	1846	1868	1890	1835	1840	1849	3	4572	12532
2008-04-07	1849	1832	1838	1828	1831	1831	-18	896	12360
2008-04-08	1831	1831	1831	1813	1813	1817	-14	706	12368
2008-04-09	1817	1812	1824	1809	1822	1818	1	1222	12062
2008-04-10	1818	1828	1834	1823	1830	1827	9	640	11910
2008-04-11	1827	1822	1845	1816	1842	1833	6	1824	11936
2008-04-14	1833	1843	1853	1841	1849	1846	13	2022	12778
2008-04-15	1846	1860	1865	1849	1854	1857	11	528	12714
2008-04-16	1857	1861	1861	1853	1855	1856	-1	140	12712
2008-04-17	1856	1858	1861	1849	1849	1853	-3	168	12742
2008-04-18	1853	1847	1863	1847	1854	1858	5	430	12772
2008-04-21	1858	1848	1848	1833	1833	1840	-18	442	12882
2008-04-22	1840	1835	1844	1830	1837	1840	0	420	12758
2008-04-23	1840	1849	1850	1841	1846	1845	5	662	12362
2008-04-24	1845	1854	1888	1839	1854	1849	4	404	12364
2008-04-25	1849	1845	1858	1845	1854	1854	5	186	12258
2008-04-28	1854	1862	1893	1862	1892	1884	30	2282	12846
2008-04-29	1884	1893	1899	1882	1885	1889	5	900	13112
2008-04-30	1889	1855	1890	1855	1889	1870	-19	2868	13274
2008-05-05	1870	1890	1900	1885	1885	1893	23	2876	15140
2008-05-06	1893	1881	1890	1881	1889	1889	-4	728	15180
2008-05-07	1889	1890	1898	1883	1886	1893	4	928	15216
2008-05-08	1893	1892	1898	1888	1892	1893	0	1306	15336
2008-05-09	1893	1899	1900	1894	1894	1898	5	1314	15702
2008-05-12	1898	1899	1908	1898	1905	1904	6	664	15648
2008-05-13	1904	1896	1896	1888	1888	1890	-14	854	15128
2008-05-14	1890	1884	1888	1876	1880	1879	-11	854	14858
2008-05-15	1879	1878	1878	1865	1865	1871	-8	708	14712
2008-05-16	1871	1870	1871	1867	1868	1869	-2	374	14506
2008-05-19	1869	1856	1856	1845	1845	1850	-19	1132	14254
2008-05-20	1850	1853	1855	1849	1853	1852	2	308	14104
2008-05-21	1852	1850	1855	1835	1836	1841	-11	440	13864
2008-05-22	1841	1845	1850	1836	1840	1842	1	746	13696
2008-05-23	1842	1838	1840	1824	1838	1829	-13	1896	12882
2008-05-26	1829	1838	1851	1825	1847	1838	9	568	12544
2008-05-27	1838	1848	1853	1848	1849	1848	10	2260	10372
2008-05-28	1848	1845	1845	1840	1844	1841	-7	68	10372
2008-05-29	1841	1836	1841	1831	1834	1837	-4	778	10184
2008-05-30	1837	1830	1833	1822	1826	1828	-9	1040	10164
2008-06-02	1828	1830	1835	1829	1830	1831	3	224	10184
2008-06-03	1831	1833	1840	1833	1838	1837	6	132	10142
2008-06-04	1837	1837	1837	1830	1832	1831	-6	30	10134
2008-06-05	1831	1835	1837	1832	1832	1834	3	122	10136
2008-06-06	1834	1842	1864	1840	1850	1850	16	426	10100
2008-06-10	1850	1855	1860	1854	1857	1856	6	406	9910
2008-06-11	1856	1859	1860	1843	1844	1851	-5	196	9836
2008-06-12	1851	1856	1868	1848	1851	1859	8	658	9614
2008-06-13	1859	1850	1859	1840	1856	1850	-9	242	9564
2008-06-16	1850	1865	1865	1857	1859	1861	11	650	10070
2008-06-17	1861	1859	1859	1846	1851	1853	-8	640	9858
2008-06-18	1853	1848	1853	1846	1852	1848	-5	192	9826
2008-06-19	1848	1851	1857	1846	1846	1849	1	396	10010
2008-06-20	1849	1842	1861	1840	1847	1847	-2	582	10148
2008-06-23	1847	1843	1859	1842	1855	1847	0	122	10094
2008-06-24	1847	1855	1865	1848	1856	1853	6	500	9980
2008-06-25	1853	1854	1854	1845	1849	1847	-6	102	10012
2008-06-26	1847	1853	1858	1849	1849	1852	5	284	9986
2008-06-27	1852	1856	1858	1848	1854	1854	2	88	9952
2008-06-30	1854	1852	1865	1852	1863	1860	6	112	9964
2008-07-01	1860	1855	1859	1851	1852	1854	-6	32	9956
2008-07-02	1854	1852	1859	1852	1852	1855	1	108	9886
2008-07-03	1855	1860	1861	1842	1846	1854	-1	1072	10122
2008-07-04	1854	1850	1854	1850	1854	1853	-1	298	10054
2008-07-07	1853	1846	1846	1838	1841	1840	-13	632	10094
2008-07-08	1840	1865	1865	1820	1823	1827	-13	446	10086
2008-07-09	1827	1826	1830	1819	1825	1822	-5	1242	10812
2008-07-10	1822	1822	1825	1816	1819	1820	-2	234	10808
2008-07-11	1820	1821	1870	1804	1839	1840	20	2010	10512
2008-07-14	1840	1828	1841	1828	1831	1833	-7	432	10244
2008-07-15	1833	1828	1847	1827	1844	1838	5	408	10160
2008-07-16	1838	1839	1847	1839	1846	1845	7	912	9860
2008-07-17	1845	1848	1854	1848	1849	1851	6	408	9866
2008-07-18	1851	1849	1849	1837	1840	1842	-9	416	9802
2008-07-21	1842	1830	1835	1825	1830	1829	-13	236	9860
2008-07-22	1829	1823	1835	1823	1831	1827	-2	480	9734
2008-07-23	1827	1825	1832	1824	1832	1829	2	154	9752
2008-07-24	1829	1829	1833	1829	1831	1831	2	390	9702
2008-07-25	1831	1833	1833	1833	1833	1833	2	2	9700
2008-07-28	1833	1830	1831	1821	1829	1827	-6	144	9690
2008-07-29	1827	1823	1823	1801	1802	1812	-15	570	9840
2008-07-30	1812	1808	1808	1792	1803	1801	-11	362	9756
2008-07-31	1801	1805	1809	1790	1795	1795	-6	350	9688
2008-08-01	1795	1783	1783	1772	1776	1778	-17	434	9634
2008-08-04	1778	1762	1767	1741	1750	1752	-26	1476	9706
2008-08-05	1752	1730	1750	1716	1743	1742	-10	816	9434
2008-08-06	1742	1745	1755	1745	1749	1749	7	476	9026
2008-08-07	1749	1744	1750	1738	1750	1745	-4	52	9016
2008-08-08	1745	1749	1752	1743	1743	1747	2	154	8956
2008-08-11	1747	1731	1731	1716	1716	1720	-27	276	8998
2008-08-12	1720	1718	1740	1714	1731	1730	10	664	9056
2008-08-13	1730	1735	1735	1720	1727	1730	0	760	9080
2008-08-14	1730	1736	1744	1711	1713	1723	-7	716	8838
2008-08-15	1723	1693	1700	1681	1681	1690	-33	2278	7462
2008-08-18	1690	1689	1689	1676	1680	1681	-9	602	7238
2008-08-19	1681	1663	1670	1658	1665	1662	-19	4500	6062
2008-08-20	1662	1663	1682	1662	1680	1677	15	878	5964
2008-08-21	1677	1677	1686	1673	1676	1678	1	382	5704
2008-08-22	1678	1681	1683	1665	1670	1674	-4	414	5414
2008-08-25	1674	1662	1675	1662	1670	1668	-6	540	5402
2008-08-26	1668	1666	1677	1663	1670	1669	1	862	5400
2008-08-27	1669	1670	1687	1670	1686	1679	10	190	5408
2008-08-28	1679	1675	1679	1674	1679	1675	-4	96	5398
2008-08-29	1675	1675	1682	1674	1682	1678	3	1166	4538
2008-09-01	1678	1685	1691	1685	1691	1688	10	1798	4548
2008-09-02	1688	1676	1677	1663	1663	1672	-16	162	4546
2008-09-03	1672	1663	1663	1652	1654	1655	-17	422	4542
2008-09-04	1655	1650	1660	1642	1647	1650	-5	112	4550
2008-09-05	1650	1640	1644	1630	1639	1638	-12	322	4508
2008-09-08	1638	1660	1660	1640	1644	1643	5	88	4512
2008-09-09	1643	1637	1643	1631	1643	1637	-6	760	3890
2008-09-10	1637	1645	1652	1638	1652	1644	7	80	3864
2008-09-11	1644	1646	1647	1641	1644	1643	-1	48	3848
2008-09-12	1643	1646	1648	1641	1645	1646	3	110	3790
2008-09-16	1646	1620	1641	1620	1628	1627	-19	848	3114
2008-09-17	1627	1625	1646	1625	1639	1636	9	588	2726
2008-09-18	1636	1660	1660	1635	1640	1638	2	648	2398
2008-09-19	1638	1632	1644	1632	1643	1638	0	822	1622
2008-09-22	1638	1642	1647	1639	1645	1642	4	68	1610
2008-09-23	1642	1648	1648	1635	1639	1639	-3	1028	1470
2008-09-24	1639	1641	1642	1634	1640	1636	-3	868	1348
2008-09-25	1636	1641	1642	1639	1641	1640	4	46	1320
2008-09-26	1640	1640	1643	1639	1643	1640	0	162	1218
2008-10-06	1640	1558	1598	1558	1558	1562	-78	9084	5346
2008-10-07	1562	1550	1640	1549	1599	1580	18	6046	3842
2008-10-08	1580	1600	1618	1596	1610	1609	29	1132	3214
2008-10-09	1609	1628	1628	1616	1621	1622	13	670	2744
2008-10-10	1622	1626	1629	1590	1629	1613	-9	908	2652
2008-10-13	1613	1613	1642	1607	1621	1616	3	1226	2222
2008-10-14	1616	1632	1640	1613	1620	1628	12	350	2116
2008-10-15	1628	1617	1618	1612	1618	1616	-12	142	2058
2008-10-16	1616	1614	1614	1611	1611	1612	-4	38	2068
2008-10-17	1612	1618	1620	1599	1620	1611	-1	382	1966
2008-10-20	1611	1619	1620	1611	1616	1615	4	280	1856
2008-10-21	1615	1614	1614	1592	1593	1599	-16	180	1972
2008-10-22	1599	1570	1580	1570	1580	1573	-26	40	1972
2008-10-23	1573	1531	1599	1531	1599	1571	-2	440	2376
2008-10-24	1571	1599	1599	1546	1546	1587	16	20	2376
2008-10-27	1587	1543	1579	1543	1577	1572	-15	62	2374
2008-10-28	1572	1548	1580	1548	1580	1567	-5	34	2350
2008-10-29	1567	1553	1572	1553	1570	1567	0	48	2310
2008-10-30	1567	1581	1581	1565	1581	1570	3	478	2210
2008-10-31	1570	1555	1572	1551	1551	1555	-15	12	2210
2008-11-03	1555	1545	1550	1544	1548	1547	-8	628	434
2008-11-04	1547	1574	1574	1539	1539	1569	22	14	428
2008-11-05	1569	1542	1542	1542	1542	1542	-27	40	468
2008-11-06	1542	1533	1542	1533	1538	1537	-5	76	300
2008-11-07	1537	1534	1539	1534	1539	1536	-1	20	320
2008-11-10	1536	-	-	-	1536	1536	0	0	0
2008-11-11	1536	-	-	-	1536	1536	0	0	0
2008-11-12	1536	-	-	-	1536	1536	0	0	0
2008-11-13	1536	-	-	-	1536	1536	0	0	0
2008-11-14	1536	-	-	-	1536	1546	10	0	0
