2008-01-02	1602	1602	1626	1589	1589	1602	0	840	18296
2008-01-03	1602	1600	1605	1590	1600	1599	-3	1400	16896
2008-01-04	1599	1600	1605	1600	1605	1601	2	600	15760
2008-01-07	1601	-	-	-	1601	1601	0	0	15760
2008-01-08	1601	1600	1600	1600	1600	1600	-1	1900	11860
2008-01-09	1600	1600	1600	1600	1600	1600	0	700	8760
2008-01-10	1600	1600	1602	1580	1580	1599	-1	1406	8762
2008-01-11	1599	-	-	-	1599	1599	0	0	8762
2008-01-14	1599	1600	1600	1600	1600	1600	1	740	4998
2008-01-15	1600	1600	1600	1600	1600	1600	0	660	0
