2008-01-02	1733	1730	1747	1720	1727	1729	-4	632	6530
2008-01-03	1729	1726	1735	1726	1732	1730	1	296	6478
2008-01-04	1730	1733	1750	1733	1740	1742	12	1100	6364
2008-01-07	1742	1740	1758	1736	1758	1747	5	2492	6400
2008-01-08	1747	1758	1765	1747	1755	1756	9	624	6430
2008-01-09	1756	1756	1760	1752	1759	1756	0	346	6414
2008-01-10	1756	1755	1762	1754	1756	1758	2	202	6386
2008-01-11	1758	1754	1764	1753	1755	1760	2	598	6474
2008-01-14	1760	1766	1768	1760	1761	1763	3	348	6522
2008-01-15	1763	1759	1760	1730	1734	1748	-15	348	6424
2008-01-16	1748	1734	1734	1708	1720	1723	-25	452	6336
2008-01-17	1723	1718	1724	1710	1722	1715	-8	280	6366
2008-01-18	1715	1712	1712	1697	1707	1705	-10	754	5718
2008-01-21	1705	1696	1701	1670	1670	1684	-21	1760	5484
2008-01-22	1684	1656	1669	1648	1658	1656	-28	1494	5436
2008-01-23	1656	1666	1677	1657	1666	1665	9	886	5374
2008-01-24	1665	1662	1668	1662	1666	1666	1	108	5360
2008-01-25	1666	1672	1678	1671	1675	1673	7	50	5352
2008-01-28	1673	1681	1681	1675	1678	1675	2	128	5350
2008-01-29	1675	1674	1682	1672	1682	1675	0	132	5312
2008-01-30	1675	1679	1685	1678	1680	1680	5	162	5384
2008-01-31	1680	1680	1684	1673	1677	1679	-1	96	5386
2008-02-01	1679	1680	1686	1680	1686	1684	5	178	5364
2008-02-04	1684	1698	1710	1692	1705	1699	15	568	5752
2008-02-05	1699	1705	1713	1705	1713	1709	10	320	5756
2008-02-13	1709	1700	1716	1694	1716	1702	-7	272	5670
2008-02-14	1702	1710	1732	1710	1727	1726	24	788	5344
2008-02-15	1726	1736	1737	1720	1720	1725	-1	244	5348
2008-02-18	1725	1720	1756	1686	1755	1735	10	1042	5460
2008-02-19	1735	1743	1746	1728	1734	1740	5	1648	5452
2008-02-20	1740	1738	1746	1723	1730	1736	-4	458	5498
2008-02-21	1736	1740	1740	1727	1734	1734	-2	218	5440
2008-02-22	1734	1721	1730	1718	1718	1722	-12	198	5392
2008-02-25	1722	1730	1740	1729	1731	1731	9	202	5372
2008-02-26	1731	1743	1787	1720	1728	1738	7	532	5468
2008-02-27	1738	1726	1737	1716	1724	1723	-15	156	5426
2008-02-28	1723	1724	1725	1715	1720	1720	-3	92	5424
2008-02-29	1720	1739	1739	1726	1738	1734	14	312	5446
2008-03-03	1734	1739	1803	1739	1803	1781	47	1202	5420
2008-03-04	1781	1791	1809	1753	1779	1781	0	1514	5504
2008-03-05	1781	1754	1782	1754	1772	1768	-13	580	5378
2008-03-06	1768	1784	1789	1760	1775	1779	11	1060	5450
2008-03-07	1779	1760	1772	1749	1752	1757	-22	496	5464
2008-03-10	1757	1738	1740	1722	1731	1731	-26	348	5284
2008-03-11	1731	1748	1755	1748	1750	1750	19	114	5262
2008-03-12	1750	1751	1754	1726	1732	1740	-10	146	5286
2008-03-13	1740	1738	1738	1725	1733	1731	-9	194	5332
2008-03-14	1731	1728	1734	1725	1730	1732	1	1370	5330
2008-03-17	1732	1724	1736	1724	1728	1726	-6	144	5342
2008-03-18	1726	1700	1711	1663	1676	1682	-44	1024	5456
2008-03-19	1682	1687	1730	1686	1724	1708	26	1830	5728
2008-03-20	1708	1698	1724	1678	1722	1699	-9	626	5480
2008-03-21	1699	1726	1726	1710	1720	1715	16	216	5420
2008-03-24	1715	1715	1724	1712	1712	1717	2	438	5398
2008-03-25	1717	1723	1723	1703	1708	1710	-7	240	5402
2008-03-26	1710	1709	1715	1706	1707	1709	-1	180	5382
2008-03-27	1709	1712	1713	1705	1707	1709	0	102	5360
2008-03-28	1709	1711	1711	1702	1710	1705	-4	118	5354
2008-03-31	1705	1710	1730	1707	1720	1719	14	326	5268
2008-04-01	1719	1709	1710	1680	1681	1693	-26	302	5238
2008-04-02	1693	1694	1700	1693	1693	1695	2	138	5242
2008-04-03	1695	1700	1701	1690	1692	1695	0	86	5250
2008-04-07	1695	1695	1695	1686	1688	1690	-5	60	5268
2008-04-08	1690	1687	1687	1668	1670	1673	-17	168	5274
2008-04-09	1673	1670	1679	1661	1679	1675	2	188	5284
2008-04-10	1675	1682	1693	1682	1687	1687	12	304	5282
2008-04-11	1687	1684	1699	1678	1693	1693	6	486	5264
2008-04-14	1693	1689	1705	1688	1700	1700	7	762	5322
2008-04-15	1700	1705	1719	1703	1707	1708	8	394	5334
2008-04-16	1708	1703	1713	1699	1704	1707	-1	256	5328
2008-04-17	1707	1702	1705	1693	1698	1698	-9	312	5350
2008-04-18	1698	1696	1707	1696	1701	1700	2	300	5260
2008-04-21	1700	1697	1697	1684	1690	1690	-10	230	5246
2008-04-22	1690	1689	1693	1689	1692	1691	1	272	5250
2008-04-23	1691	1700	1700	1691	1696	1695	4	250	5222
2008-04-24	1695	1695	1705	1691	1703	1697	2	116	5234
2008-04-25	1697	1697	1705	1696	1704	1702	5	154	5242
2008-04-28	1702	1706	1748	1706	1732	1731	29	526	5230
2008-04-29	1731	1745	1745	1731	1732	1734	3	116	5240
2008-04-30	1734	1736	1737	1730	1737	1734	0	158	5220
2008-05-05	1734	1741	1749	1741	1741	1744	10	100	5240
2008-05-06	1744	1740	1744	1740	1742	1742	-2	194	5328
2008-05-07	1742	1748	1749	1736	1738	1741	-1	168	5314
2008-05-08	1741	1740	1747	1737	1740	1742	1	386	5474
2008-05-09	1742	1750	1750	1741	1742	1743	1	140	5470
2008-05-12	1743	1746	1755	1744	1753	1749	6	356	5606
2008-05-13	1749	1750	1750	1743	1745	1745	-4	218	5590
2008-05-14	1745	1746	1746	1730	1731	1735	-10	582	5552
2008-05-15	1735	1733	1733	1724	1724	1727	-8	50	5566
2008-05-16	1727	1730	1733	1726	1727	1730	3	96	5562
2008-05-19	1730	1727	1727	1706	1711	1711	-19	736	5282
2008-05-20	1711	1715	1719	1711	1717	1715	4	4078	5246
2008-05-21	1715	1718	1718	1702	1705	1706	-9	718	4898
2008-05-22	1706	1710	1711	1700	1706	1708	2	254	4698
2008-05-23	1708	1697	1708	1691	1703	1700	-8	276	4670
2008-05-26	1700	1700	1710	1693	1708	1702	2	354	4652
2008-05-27	1702	1703	1712	1703	1708	1710	8	52	4656
2008-05-28	1710	1703	1708	1703	1708	1705	-5	64	4654
2008-05-29	1705	1702	1705	1695	1697	1701	-4	370	4906
2008-05-30	1701	1692	1694	1688	1688	1691	-10	830	5470
2008-06-02	1691	1689	1700	1689	1690	1695	4	706	5772
2008-06-03	1695	1693	1696	1691	1695	1693	-2	86	5772
2008-06-04	1693	1691	1693	1689	1690	1690	-3	38	5770
2008-06-05	1690	1693	1693	1684	1692	1691	1	168	5768
2008-06-06	1691	1710	1715	1696	1700	1707	16	350	5894
2008-06-10	1707	1718	1718	1700	1705	1706	-1	154	5884
2008-06-11	1706	1708	1709	1690	1693	1703	-3	146	5884
2008-06-12	1703	1710	1710	1699	1699	1704	1	126	5930
2008-06-13	1704	1701	1707	1697	1704	1700	-4	76	5928
2008-06-16	1700	1700	1709	1695	1703	1705	5	180	5946
2008-06-17	1705	1741	1741	1700	1705	1717	12	238	5948
2008-06-18	1717	1703	1703	1701	1701	1702	-15	10	5942
2008-06-19	1702	1700	1700	1664	1695	1685	-17	228	5946
2008-06-20	1685	1670	1710	1670	1701	1705	20	56	5982
2008-06-23	1705	1700	1709	1700	1705	1707	2	30	5982
2008-06-24	1707	1710	1718	1701	1701	1709	2	26	5972
2008-06-25	1709	1709	1709	1705	1708	1707	-2	36	5962
2008-06-26	1707	1704	1721	1704	1721	1709	2	6	5962
2008-06-27	1709	1710	1710	1709	1709	1709	0	14	5960
2008-06-30	1709	1700	1716	1700	1710	1711	2	450	5958
2008-07-01	1711	1687	1720	1687	1701	1719	8	1210	5958
2008-07-02	1719	-	-	-	1719	1719	0	0	5958
2008-07-03	1719	-	-	-	1719	1719	0	0	5738
2008-07-04	1719	1750	1750	1749	1749	1749	30	4	5738
2008-07-07	1749	1701	1701	1701	1701	1701	-48	80	4040
2008-07-08	1701	1690	1696	1688	1695	1691	-10	560	2292
2008-07-09	1691	1685	1685	1685	1685	1685	-6	160	2452
2008-07-10	1685	1685	1685	1685	1685	1685	0	100	2552
2008-07-11	1685	1681	1681	1681	1681	1681	-4	100	2552
2008-07-14	1681	1681	1700	1681	1700	1704	23	208	0
