2008-01-02	1695	1695	1695	1676	1681	1682	-13	188404	466874
2008-01-03	1682	1685	1691	1680	1683	1685	3	139098	466272
2008-01-04	1685	1688	1700	1683	1694	1693	8	161206	434622
2008-01-07	1693	1686	1701	1686	1701	1694	1	119474	418204
2008-01-08	1694	1702	1708	1691	1699	1700	6	116030	400042
2008-01-09	1700	1709	1709	1697	1702	1700	0	70356	398248
2008-01-10	1700	1697	1705	1695	1700	1700	0	51210	388850
2008-01-11	1700	1700	1701	1695	1698	1698	-2	36634	382728
2008-01-14	1698	1709	1710	1701	1701	1704	6	61876	384588
2008-01-15	1704	1700	1702	1678	1681	1690	-14	73870	377590
2008-01-16	1690	1680	1684	1661	1672	1673	-17	88224	347624
2008-01-17	1673	1665	1680	1665	1678	1673	0	39076	335616
2008-01-18	1673	1671	1674	1656	1664	1664	-9	51270	325500
2008-01-21	1664	1661	1667	1639	1640	1651	-13	75078	304984
2008-01-22	1651	1603	1634	1603	1629	1624	-27	95658	259606
2008-01-23	1624	1636	1644	1626	1635	1633	9	33210	250474
2008-01-24	1633	1626	1638	1623	1637	1633	0	24608	237682
2008-01-25	1633	1641	1644	1636	1639	1639	6	19786	227366
2008-01-28	1639	1635	1645	1634	1639	1641	2	12840	224542
2008-01-29	1641	1642	1645	1636	1644	1639	-2	17656	220312
2008-01-30	1639	1640	1645	1637	1641	1641	2	16154	215764
2008-01-31	1641	1639	1645	1635	1639	1640	-1	22686	212516
2008-02-01	1640	1642	1653	1640	1653	1646	6	24514	202966
2008-02-04	1646	1660	1669	1650	1663	1659	13	21782	197952
2008-02-05	1659	1667	1674	1656	1668	1666	7	21906	195080
2008-02-13	1666	1663	1671	1653	1671	1659	-7	17250	192900
2008-02-14	1659	1671	1686	1666	1682	1677	18	40792	190476
2008-02-15	1677	1685	1690	1671	1672	1682	5	23814	190810
2008-02-18	1682	1674	1698	1674	1694	1688	6	55854	186148
2008-02-19	1688	1695	1698	1674	1678	1684	-4	24468	191764
2008-02-20	1684	1680	1683	1668	1669	1675	-9	35148	199794
2008-02-21	1675	1675	1679	1666	1669	1672	-3	14360	201302
2008-02-22	1672	1666	1666	1650	1651	1656	-16	18486	199000
2008-02-25	1656	1656	1671	1656	1664	1665	9	24056	198638
2008-02-26	1665	1668	1671	1651	1655	1660	-5	15086	200150
2008-02-27	1660	1656	1664	1644	1646	1651	-9	13580	199214
2008-02-28	1651	1647	1649	1641	1648	1644	-7	9306	199746
2008-02-29	1644	1652	1671	1652	1671	1663	19	31596	200082
2008-03-03	1663	1673	1725	1673	1718	1703	40	92088	211268
2008-03-04	1703	1718	1719	1675	1688	1701	-2	57334	206684
2008-03-05	1701	1675	1697	1670	1687	1683	-18	29306	201592
2008-03-06	1683	1695	1708	1674	1686	1695	12	28834	201320
2008-03-07	1695	1679	1683	1664	1668	1671	-24	12558	197774
2008-03-10	1671	1635	1659	1632	1654	1651	-20	31032	189182
2008-03-11	1651	1665	1679	1662	1670	1667	16	8320	188588
2008-03-12	1667	1677	1677	1646	1650	1656	-11	11588	184952
2008-03-13	1656	1655	1658	1646	1657	1651	-5	7910	182054
2008-03-14	1651	1659	1659	1646	1652	1650	-1	10400	176536
2008-03-17	1650	1647	1655	1639	1652	1650	0	9446	170928
2008-03-18	1650	1620	1647	1620	1631	1630	-20	71392	131638
2008-03-19	1630	1642	1662	1641	1652	1649	19	8210	129764
2008-03-20	1649	1643	1648	1618	1644	1627	-22	17088	121088
2008-03-21	1627	1632	1646	1630	1640	1639	12	4786	120386
2008-03-24	1639	1650	1650	1630	1632	1635	-4	3736	120146
2008-03-25	1635	1645	1645	1624	1628	1628	-7	6512	119462
2008-03-26	1628	1631	1636	1625	1625	1628	0	5326	118600
2008-03-27	1628	1623	1632	1623	1628	1627	-1	5180	119954
2008-03-28	1627	1628	1634	1626	1633	1630	3	4926	119908
2008-03-31	1630	1640	1656	1632	1648	1646	16	15686	118424
2008-04-01	1646	1630	1639	1618	1618	1623	-23	20422	111968
2008-04-02	1623	1620	1632	1620	1621	1624	1	4080	110070
2008-04-03	1624	1628	1628	1615	1617	1619	-5	2988	108880
2008-04-07	1619	1615	1619	1613	1618	1616	-3	4688	106796
2008-04-08	1616	1613	1614	1596	1596	1603	-13	11586	102724
2008-04-09	1603	1597	1606	1586	1601	1600	-3	7576	101812
2008-04-10	1600	1609	1615	1604	1605	1609	9	11578	94440
2008-04-11	1609	1603	1618	1602	1616	1608	-1	10760	87956
2008-04-14	1608	1615	1627	1615	1620	1624	16	6794	89568
2008-04-15	1624	1616	1630	1616	1624	1624	0	6024	86296
2008-04-16	1624	1611	1626	1611	1621	1623	-1	3998	83916
2008-04-17	1623	1619	1625	1619	1625	1623	0	3770	81568
2008-04-18	1623	1625	1632	1624	1626	1627	4	3482	79616
2008-04-21	1627	1625	1630	1620	1622	1624	-3	8654	71952
2008-04-22	1624	1620	1629	1620	1624	1626	2	3042	71606
2008-04-23	1626	1691	1691	1611	1628	1628	2	2938	71232
2008-04-24	1628	1621	1632	1621	1632	1626	-2	5828	66664
2008-04-25	1626	1623	1636	1623	1635	1632	6	744	66464
2008-04-28	1632	1640	1665	1630	1665	1660	28	4652	68812
2008-04-29	1660	1662	1668	1662	1664	1665	5	3680	68448
2008-04-30	1665	1653	1668	1653	1668	1662	-3	3868	67278
2008-05-05	1662	1679	1680	1665	1665	1676	14	1078	33948
2008-05-06	1676	1675	1675	1660	1670	1666	-10	496	22740
2008-05-07	1666	1670	1671	1670	1671	1670	4	910	20066
2008-05-08	1670	1680	1685	1680	1685	1683	13	1320	17724
2008-05-09	1683	1678	1690	1678	1678	1685	2	222	15502
2008-05-12	1685	-	-	-	1685	1685	0	0	15502
2008-05-13	1685	1700	1700	1685	1685	1685	0	260	7934
2008-05-14	1685	-	-	-	1685	1685	0	0	7474
2008-05-15	1685	1690	1690	1690	1690	1690	5	188	4480
2008-05-16	1690	1680	1680	1670	1670	1677	-13	200	0
