2011-01-18	2338	2410	2410	2368	2398	2384	46	11538	9040
2011-01-19	2384	2401	2408	2398	2401	2402	18	11592	18228
2011-01-20	2402	2390	2390	2372	2372	2378	-24	12400	23424
2011-01-21	2378	2376	2381	2362	2370	2371	-7	5110	24732
2011-01-24	2371	2388	2388	2368	2383	2380	9	3938	24160
2011-01-25	2380	2372	2384	2356	2359	2369	-11	9366	28822
2011-01-26	2369	2350	2355	2339	2348	2347	-22	5314	29332
2011-01-27	2347	2351	2365	2351	2360	2357	10	5970	31240
2011-01-28	2357	2359	2370	2353	2353	2359	2	3118	31766
2011-01-31	2359	2359	2380	2356	2375	2367	8	7154	33654
2011-02-01	2367	2378	2399	2373	2399	2389	22	7632	35990
2011-02-09	2389	2418	2455	2396	2450	2438	49	12644	38100
2011-02-10	2438	2456	2473	2446	2453	2457	19	18562	43812
2011-02-11	2457	2454	2480	2447	2463	2465	8	23540	51932
2011-02-14	2465	2476	2498	2455	2497	2487	22	26856	59746
2011-02-15	2487	2488	2495	2480	2485	2487	0	25100	65496
2011-02-16	2487	2470	2470	2454	2464	2462	-25	29106	72410
2011-02-17	2462	2465	2485	2449	2456	2470	8	24338	73116
2011-02-18	2470	2469	2500	2469	2479	2485	15	55428	83756
2011-02-21	2485	2480	2496	2468	2482	2484	-1	48006	92150
2011-02-22	2484	2496	2506	2469	2480	2484	0	56072	98972
2011-02-23	2484	2410	2437	2408	2419	2424	-60	45732	97626
2011-02-24	2424	2435	2437	2403	2413	2418	-6	35162	100616
2011-02-25	2418	2417	2443	2413	2439	2429	11	27888	106484
2011-02-28	2429	2455	2470	2445	2451	2454	25	48452	104352
2011-03-01	2454	2461	2461	2420	2439	2440	-14	35958	99498
2011-03-02	2440	2438	2448	2424	2444	2437	-3	29530	100982
2011-03-03	2437	2440	2443	2427	2427	2434	-3	37478	106902
2011-03-04	2434	2438	2444	2429	2438	2436	2	22106	105736
2011-03-07	2436	2435	2454	2432	2451	2443	7	25242	106972
2011-03-08	2443	2441	2455	2405	2417	2431	-12	80884	119600
2011-03-09	2431	2417	2423	2413	2416	2418	-13	20574	118516
2011-03-10	2418	2406	2416	2375	2385	2390	-28	60280	117352
2011-03-11	2390	2373	2391	2373	2380	2383	-7	26182	120240
2011-03-14	2383	2364	2389	2351	2363	2374	-9	70980	116414
2011-03-15	2374	2367	2398	2359	2390	2375	1	55042	125688
2011-03-16	2375	2365	2386	2363	2375	2372	-3	60576	142316
2011-03-17	2372	2375	2379	2358	2375	2367	-5	75604	144590
2011-03-18	2367	2396	2396	2376	2378	2382	15	44242	147348
2011-03-21	2382	2390	2394	2373	2385	2386	4	50272	140660
2011-03-22	2386	2382	2388	2378	2381	2384	-2	29054	145640
2011-03-23	2384	2383	2420	2381	2417	2403	19	102404	175650
2011-03-24	2403	2415	2417	2393	2399	2405	2	86730	181572
2011-03-25	2405	2409	2429	2405	2418	2418	13	126668	203148
2011-03-28	2418	2415	2416	2401	2409	2407	-11	116030	215748
2011-03-29	2407	2396	2404	2391	2396	2396	-11	89200	211454
2011-03-30	2396	2400	2401	2395	2397	2397	1	38348	214664
2011-03-31	2397	2394	2397	2382	2384	2388	-9	61790	214436
2011-04-01	2388	2403	2410	2397	2401	2402	14	137550	198002
2011-04-06	2402	2404	2417	2404	2416	2412	10	91382	207114
2011-04-07	2412	2416	2418	2398	2405	2405	-7	103270	213042
2011-04-08	2405	2404	2418	2398	2417	2410	5	115430	227768
2011-04-11	2410	2425	2461	2422	2445	2446	36	307854	310894
2011-04-12	2446	2438	2446	2413	2422	2431	-15	226684	303730
2011-04-13	2431	2412	2427	2411	2426	2419	-12	148348	317622
2011-04-14	2419	2423	2436	2413	2417	2423	4	155154	313516
2011-04-15	2423	2421	2423	2411	2414	2415	-8	101312	313312
2011-04-18	2415	2409	2431	2401	2424	2418	3	207640	339334
2011-04-19	2418	2428	2432	2413	2421	2421	3	138156	335150
2011-04-20	2421	2422	2430	2420	2427	2425	4	121448	340254
2011-04-21	2425	2423	2424	2406	2407	2415	-10	144788	340882
2011-04-22	2415	2410	2414	2397	2410	2406	-9	217414	339130
2011-04-25	2406	2416	2419	2409	2417	2414	8	104132	342330
2011-04-26	2414	2416	2426	2408	2419	2419	5	298252	373658
2011-04-27	2419	2424	2424	2405	2406	2410	-9	206208	371396
2011-04-28	2410	2406	2413	2400	2405	2406	-4	177994	367304
2011-04-29	2406	2395	2395	2345	2349	2365	-41	491242	441188
2011-05-03	2365	2356	2375	2351	2368	2366	1	287554	410666
2011-05-04	2366	2363	2372	2360	2363	2366	0	215136	410388
2011-05-05	2366	2363	2377	2354	2374	2369	3	281178	393706
2011-05-06	2369	2353	2366	2341	2351	2354	-15	281210	402540
2011-05-09	2354	2433	2439	2356	2372	2374	20	309236	405914
2011-05-10	2374	2377	2394	2372	2391	2385	11	301704	365078
2011-05-11	2385	2386	2398	2385	2389	2390	5	125954	369560
2011-05-12	2390	2375	2385	2367	2372	2377	-13	207618	382346
2011-05-13	2377	2380	2390	2377	2388	2384	7	157470	356796
2011-05-16	2384	2389	2393	2383	2384	2386	2	83654	347740
2011-05-17	2386	2385	2388	2371	2374	2378	-8	174998	369516
2011-05-18	2378	2382	2387	2376	2377	2382	4	153052	367668
2011-05-19	2382	2389	2396	2386	2388	2390	8	213462	359648
2011-05-20	2390	2388	2394	2386	2391	2389	-1	95316	356240
2011-05-23	2389	2396	2416	2393	2408	2406	17	319880	378860
2011-05-24	2406	2410	2414	2402	2410	2408	2	129530	379326
2011-05-25	2408	2406	2413	2404	2410	2408	0	97114	375328
2011-05-26	2408	2414	2425	2412	2423	2418	10	199268	385410
2011-05-27	2418	2425	2425	2415	2421	2418	0	100130	379642
2011-05-30	2418	2424	2435	2421	2426	2427	9	217014	391166
2011-05-31	2427	2423	2427	2415	2416	2419	-8	120476	384232
2011-06-01	2419	2418	2418	2412	2413	2414	-5	61968	381628
2011-06-02	2414	2415	2419	2412	2417	2415	1	78804	380142
2011-06-03	2415	2420	2429	2419	2425	2424	9	126134	393988
2011-06-07	2424	2412	2415	2404	2407	2407	-17	109466	378200
2011-06-08	2407	2408	2411	2404	2407	2407	0	74504	365894
2011-06-09	2407	2413	2416	2410	2412	2412	5	81238	363726
2011-06-10	2412	2417	2421	2410	2413	2414	2	106926	365052
2011-06-13	2414	2415	2421	2413	2419	2417	3	100462	369404
2011-06-14	2417	2416	2418	2411	2413	2413	-4	59454	362676
2011-06-15	2413	2406	2414	2406	2412	2411	-2	57026	360484
2011-06-16	2411	2409	2409	2385	2387	2397	-14	157662	351176
2011-06-17	2397	2382	2384	2365	2366	2376	-21	176474	347076
2011-06-20	2376	2365	2375	2365	2371	2371	-5	110052	326824
2011-06-21	2371	2374	2382	2374	2381	2377	6	63816	322412
2011-06-22	2377	2381	2384	2369	2375	2376	-1	120946	329318
2011-06-23	2376	2358	2360	2345	2351	2352	-24	191938	354970
2011-06-24	2352	2352	2362	2352	2359	2357	5	71742	356084
2011-06-27	2357	2350	2350	2321	2324	2334	-23	176740	372844
2011-06-28	2334	2328	2331	2298	2302	2310	-24	253826	408340
2011-06-29	2310	2318	2323	2314	2318	2317	7	146818	388060
2011-06-30	2317	2313	2317	2295	2307	2303	-14	315908	438310
2011-07-01	2303	2269	2276	2256	2267	2265	-38	315260	445944
2011-07-04	2265	2278	2286	2267	2279	2276	11	228946	452440
2011-07-05	2276	2282	2283	2267	2279	2275	-1	192112	465250
2011-07-06	2275	2285	2293	2275	2290	2284	9	147204	441114
2011-07-07	2284	2285	2291	2283	2288	2287	3	97718	434448
2011-07-08	2287	2292	2303	2291	2296	2298	11	123338	424562
2011-07-11	2298	2300	2300	2287	2287	2293	-5	99434	431492
2011-07-12	2293	2285	2286	2267	2277	2273	-20	157502	425000
2011-07-13	2273	2292	2308	2290	2307	2300	27	158886	392232
2011-07-14	2300	2320	2323	2310	2313	2316	16	170188	371500
2011-07-15	2316	2313	2315	2307	2311	2310	-6	74140	360818
2011-07-18	2310	2314	2326	2310	2316	2320	10	90254	354068
2011-07-19	2320	2318	2322	2316	2320	2319	-1	44820	339960
2011-07-20	2319	2325	2329	2321	2321	2323	4	41756	338364
2011-07-21	2323	2317	2320	2313	2316	2315	-8	36068	331926
2011-07-22	2315	2318	2321	2314	2318	2317	2	30130	327944
2011-07-25	2317	2317	2317	2310	2316	2313	-4	52124	319106
2011-07-26	2313	2311	2326	2311	2325	2320	7	39008	306540
2011-07-27	2320	2328	2339	2327	2337	2335	15	39326	289828
2011-07-28	2335	2329	2337	2329	2332	2332	-3	18924	285186
2011-07-29	2332	2332	2339	2328	2329	2333	1	29616	280286
2011-08-01	2333	2330	2334	2328	2333	2331	-2	17306	281280
2011-08-02	2331	2338	2339	2329	2330	2333	2	15984	281214
2011-08-03	2333	2340	2345	2339	2342	2342	9	33892	272218
2011-08-04	2342	2340	2342	2330	2330	2335	-7	21998	266818
2011-08-05	2335	2322	2322	2301	2316	2313	-22	49112	257020
2011-08-08	2313	2311	2326	2310	2324	2319	6	42498	237454
2011-08-09	2319	2310	2334	2301	2322	2313	-6	58280	223542
2011-08-10	2313	2330	2333	2320	2323	2324	11	16292	224182
2011-08-11	2324	2319	2346	2316	2342	2335	11	48468	206120
2011-08-12	2335	2346	2351	2335	2339	2341	6	19706	205676
2011-08-15	2341	2347	2347	2338	2345	2342	1	25186	197052
2011-08-16	2342	2345	2347	2332	2333	2339	-3	17186	191038
2011-08-17	2339	2338	2338	2331	2331	2335	-4	11472	189912
2011-08-18	2335	2328	2334	2319	2321	2323	-12	19890	190272
2011-08-19	2323	2312	2326	2309	2318	2317	-6	20210	187572
2011-08-22	2317	2325	2330	2321	2321	2325	8	10332	184268
2011-08-23	2325	2324	2328	2314	2319	2320	-5	19526	182626
2011-08-24	2320	2321	2322	2311	2312	2313	-7	15112	184194
2011-08-25	2313	2314	2314	2306	2306	2308	-5	12872	183440
2011-08-26	2308	2305	2314	2305	2309	2311	3	13436	181806
2011-08-29	2311	2320	2327	2314	2327	2319	8	18530	179002
2011-08-30	2319	2325	2333	2322	2329	2328	9	17556	175164
2011-08-31	2328	2329	2337	2328	2334	2333	5	10870	171896
2011-09-01	2333	2335	2339	2329	2336	2334	1	12818	172596
2011-09-02	2334	2331	2343	2329	2338	2338	4	20024	175544
2011-09-05	2338	2340	2345	2331	2335	2339	1	26784	164790
2011-09-06	2339	2331	2343	2331	2341	2339	0	20110	160016
2011-09-07	2339	2343	2344	2335	2338	2338	-1	12912	155438
2011-09-08	2338	2338	2339	2331	2336	2334	-4	9240	151204
2011-09-09	2334	2334	2341	2334	2340	2338	4	8222	148550
2011-09-13	2338	2340	2342	2334	2339	2338	0	17582	141170
2011-09-14	2338	2336	2338	2325	2329	2332	-6	22738	137690
2011-09-15	2332	2332	2335	2331	2332	2332	0	8326	137606
2011-09-16	2332	2323	2336	2323	2335	2329	-3	11114	137518
2011-09-19	2329	2330	2336	2330	2333	2333	4	19176	133218
2011-09-20	2333	2338	2342	2336	2340	2340	7	12418	131024
2011-09-21	2340	2338	2339	2330	2338	2335	-5	12910	132878
2011-09-22	2335	2332	2335	2324	2334	2331	-4	21086	131246
2011-09-23	2331	2325	2327	2282	2291	2304	-27	44700	132832
2011-09-26	2304	2290	2301	2260	2262	2276	-28	28068	126404
2011-09-27	2276	2380	2380	2280	2293	2295	19	13762	124318
2011-09-28	2295	2290	2290	2272	2276	2280	-15	10166	123722
2011-09-29	2280	2240	2256	2222	2253	2245	-35	12636	120394
2011-09-30	2245	2254	2287	2254	2273	2273	28	5948	118360
2011-10-10	2273	2251	2272	2251	2268	2267	-6	7674	119778
2011-10-11	2267	2268	2274	2231	2234	2248	-19	15754	123152
2011-10-12	2248	2255	2268	2242	2265	2259	11	8340	120720
2011-10-13	2259	2259	2265	2250	2258	2255	-4	6352	120790
2011-10-14	2255	2260	2288	2257	2286	2271	16	13034	119498
2011-10-17	2271	2298	2298	2275	2277	2281	10	7168	114708
2011-10-18	2281	2271	2276	2256	2258	2261	-20	10180	111324
2011-10-19	2261	2265	2273	2250	2257	2258	-3	9546	108838
2011-10-20	2258	2251	2251	2239	2245	2242	-16	5374	108760
2011-10-21	2242	2270	2270	2251	2255	2254	12	14756	106038
2011-10-24	2254	2253	2273	2246	2265	2254	0	15168	104882
2011-10-25	2254	2265	2276	2259	2267	2266	12	2904	103950
2011-10-26	2266	2263	2271	2258	2264	2266	0	2538	102430
2011-10-27	2266	2257	2265	2257	2263	2263	-3	5482	101400
2011-10-28	2263	2267	2269	2257	2258	2264	1	7944	100848
2011-10-31	2264	2264	2264	2239	2239	2244	-20	3240	100490
2011-11-01	2244	2243	2248	2236	2240	2241	-3	3184	99044
2011-11-02	2241	2240	2247	2235	2247	2239	-2	3938	97388
2011-11-03	2239	2233	2245	2225	2236	2235	-4	4758	96312
2011-11-04	2235	2242	2244	2216	2219	2226	-9	13754	86636
2011-11-07	2226	2216	2216	2194	2200	2200	-26	4650	85034
2011-11-08	2200	2195	2213	2195	2205	2202	2	6436	80512
2011-11-09	2202	2205	2211	2202	2207	2206	4	2498	79460
2011-11-10	2206	2196	2208	2189	2203	2198	-8	5292	77938
2011-11-11	2198	2198	2210	2194	2205	2202	4	2592	76620
2011-11-14	2202	2205	2208	2200	2201	2203	1	2146	75538
2011-11-15	2203	2194	2210	2191	2206	2201	-2	2540	74736
2011-11-16	2201	2219	2219	2198	2200	2202	1	3558	73508
2011-11-17	2202	2198	2209	2196	2202	2203	1	6358	70296
2011-11-18	2203	2190	2200	2190	2194	2195	-8	3250	69792
2011-11-21	2195	2190	2192	2167	2169	2179	-16	8592	68564
2011-11-22	2179	2171	2175	2161	2164	2167	-12	6876	66360
2011-11-23	2167	2168	2173	2150	2151	2161	-6	3852	66340
2011-11-24	2161	2150	2152	2141	2149	2147	-14	4850	65890
2011-11-25	2147	2145	2151	2135	2144	2143	-4	4782	64168
2011-11-28	2143	2151	2163	2147	2159	2155	12	5622	60340
2011-11-29	2155	2164	2164	2155	2162	2158	3	2820	59646
2011-11-30	2158	2165	2165	2151	2155	2156	-2	2122	58422
2011-12-01	2156	2166	2182	2166	2169	2175	19	4658	55526
2011-12-02	2175	2163	2172	2163	2165	2169	-6	12150	52680
2011-12-05	2169	2167	2186	2167	2186	2179	10	7838	53558
2011-12-06	2179	2180	2198	2180	2197	2189	10	4934	54058
2011-12-07	2189	2200	2202	2195	2197	2198	9	924	53804
2011-12-08	2198	2197	2208	2195	2207	2198	0	30428	26972
2011-12-09	2198	2208	2251	2208	2232	2239	41	5504	23540
2011-12-12	2239	2232	2248	2231	2237	2237	-2	930	23204
2011-12-13	2237	2232	2240	2231	2238	2236	-1	274	23016
2011-12-14	2236	2239	2255	2238	2252	2244	8	840	22332
2011-12-15	2244	2244	2256	2244	2256	2251	7	3942	19762
2011-12-16	2251	2263	2269	2253	2268	2265	14	1334	19180
2011-12-19	2265	2270	2270	2256	2263	2265	0	574	18650
2011-12-20	2265	2265	2265	2251	2257	2258	-7	6662	14854
2011-12-21	2258	2252	2259	2231	2234	2236	-22	1008	14596
2011-12-22	2236	2239	2244	2231	2234	2235	-1	190	14530
2011-12-23	2235	2238	2239	2230	2231	2233	-2	214	14432
2011-12-26	2233	2235	2249	2235	2244	2244	11	96	14122
2011-12-27	2244	2224	2250	2224	2245	2245	1	422	13988
2011-12-28	2245	2239	2249	2239	2245	2245	0	438	13820
2011-12-29	2245	2239	2257	2234	2244	2254	9	4176	10004
2011-12-30	2254	2242	2260	2220	2260	2232	-22	660	9956
2012-01-04	2232	2230	2260	2230	2260	2236	4	2696	9956
2012-01-05	2236	2250	2251	2250	2251	2250	14	418	9956
2012-01-06	2250	-	-	-	2250	2250	0	0	9956
2012-01-09	2250	2280	2283	2280	2283	2280	30	412	9956
2012-01-10	2280	-	-	-	2280	2280	0	0	9956
2012-01-11	2280	2245	2245	2245	2245	2245	-35	4	9956
2012-01-12	2245	2330	2330	2330	2330	2330	85	30	9956
2012-01-13	2330	-	-	-	2330	2330	0	0	9956
2012-01-16	2330	-	-	-	2330	2330	0	0	9956
2012-01-17	2330	-	-	-	2330	2244	-86	0	0
