2009-09-15	1731	1778	1783	1774	1779	1779	48	912	752
2009-09-16	1779	1786	1796	1786	1787	1788	9	458	1006
2009-09-17	1788	1789	1793	1785	1787	1788	0	824	1592
2009-09-18	1788	1790	1795	1787	1792	1790	2	582	1878
2009-09-21	1790	1791	1792	1788	1790	1790	0	568	2216
2009-09-22	1790	1789	1792	1788	1788	1789	-1	806	2274
2009-09-23	1789	1790	1790	1785	1789	1786	-3	898	2858
2009-09-24	1786	1786	1787	1778	1779	1782	-4	1254	2758
2009-09-25	1782	1778	1779	1774	1775	1776	-6	574	2820
2009-09-28	1776	1776	1779	1757	1763	1767	-9	1224	2480
2009-09-29	1767	1761	1771	1760	1771	1766	-1	404	2476
2009-09-30	1766	1768	1773	1765	1766	1767	1	216	2482
2009-10-09	1767	1772	1790	1770	1770	1771	4	520	2814
2009-10-12	1771	1773	1778	1770	1773	1773	2	874	2904
2009-10-13	1773	1776	1797	1775	1789	1790	17	3478	4892
2009-10-14	1790	1790	1800	1788	1794	1793	3	1256	5776
2009-10-15	1793	1792	1798	1790	1790	1793	0	3624	8526
2009-10-16	1793	1793	1802	1790	1799	1797	4	3424	10604
2009-10-19	1797	1798	1808	1798	1803	1803	6	2838	11816
2009-10-20	1803	1805	1805	1797	1797	1801	-2	1706	11998
2009-10-21	1801	1796	1802	1792	1801	1797	-4	3120	13374
2009-10-22	1797	1802	1806	1790	1795	1796	-1	3622	14006
2009-10-23	1796	1799	1805	1797	1805	1803	7	4624	15130
2009-10-26	1803	1802	1806	1799	1805	1803	0	2866	16342
2009-10-27	1803	1801	1804	1797	1797	1800	-3	3308	17060
2009-10-28	1800	1795	1799	1780	1787	1788	-12	7286	18454
2009-10-29	1788	1785	1795	1781	1792	1790	2	7034	19528
2009-10-30	1790	1796	1798	1790	1790	1792	2	2562	20194
2009-11-02	1792	1788	1790	1782	1787	1785	-7	7666	22640
2009-11-03	1785	1789	1792	1787	1788	1789	4	4950	22180
2009-11-04	1789	1788	1793	1788	1789	1790	1	2334	22638
2009-11-05	1790	1788	1793	1788	1789	1790	0	4810	25008
2009-11-06	1790	1788	1791	1788	1789	1789	-1	2292	25532
2009-11-09	1789	1788	1790	1781	1785	1784	-5	6716	26862
2009-11-10	1784	1788	1793	1784	1792	1788	4	8390	29710
2009-11-11	1788	1792	1806	1792	1796	1799	11	25494	37036
2009-11-12	1799	1793	1800	1793	1798	1797	-2	7680	36962
2009-11-13	1797	1796	1804	1796	1800	1800	3	9310	39322
2009-11-16	1800	1803	1814	1801	1810	1809	9	13796	44918
2009-11-17	1809	1813	1816	1809	1811	1811	2	9228	46606
2009-11-18	1811	1812	1818	1809	1815	1813	2	9512	47556
2009-11-19	1813	1813	1821	1813	1818	1817	4	10834	50364
2009-11-20	1817	1817	1826	1817	1820	1822	5	16414	49096
2009-11-23	1822	1822	1841	1822	1840	1834	12	27158	51630
2009-11-24	1834	1838	1846	1826	1829	1837	3	20652	55680
2009-11-25	1837	1832	1838	1831	1838	1833	-4	10392	57332
2009-11-26	1833	1844	1847	1842	1844	1844	11	19986	60110
2009-11-27	1844	1840	1842	1818	1825	1829	-15	24192	60540
2009-11-30	1829	1839	1841	1833	1840	1837	8	17988	62756
2009-12-01	1837	1840	1850	1838	1847	1845	8	18340	67042
2009-12-02	1845	1845	1850	1841	1845	1845	0	16322	66290
2009-12-03	1845	1842	1855	1841	1847	1849	4	57016	80786
2009-12-04	1849	1844	1846	1837	1843	1841	-8	29120	83966
2009-12-07	1841	1836	1852	1836	1851	1847	6	40624	90182
2009-12-08	1847	1855	1860	1849	1852	1852	5	42488	93368
2009-12-09	1852	1849	1867	1844	1857	1856	4	92236	107144
2009-12-10	1856	1860	1876	1856	1866	1867	11	176052	122468
2009-12-11	1867	1871	1872	1861	1862	1864	-3	94550	124940
2009-12-14	1864	1866	1872	1856	1863	1861	-3	88546	128572
2009-12-15	1861	1868	1876	1864	1875	1869	8	118830	149926
2009-12-16	1869	1875	1879	1869	1874	1873	4	76754	161166
2009-12-17	1873	1877	1881	1870	1871	1875	2	77202	164806
2009-12-18	1875	1866	1869	1860	1865	1864	-11	54932	156878
2009-12-21	1864	1865	1868	1861	1864	1864	0	31432	160372
2009-12-22	1864	1862	1864	1855	1856	1859	-5	44330	155134
2009-12-23	1859	1857	1861	1843	1849	1850	-9	65368	140358
2009-12-24	1850	1851	1855	1848	1854	1851	1	32478	140970
2009-12-25	1851	1856	1858	1851	1855	1854	3	29414	144922
2009-12-28	1854	1856	1878	1854	1875	1868	14	95302	165004
2009-12-29	1868	1878	1880	1867	1870	1872	4	69890	167442
2009-12-30	1872	1871	1872	1866	1867	1868	-4	74942	167180
2009-12-31	1868	1870	1873	1866	1873	1870	2	42512	164854
2010-01-04	1870	1878	1900	1875	1892	1890	20	176352	217210
2010-01-05	1890	1893	1904	1889	1891	1895	5	103552	226796
2010-01-06	1895	1895	1918	1890	1908	1905	10	160396	241304
2010-01-07	1905	1910	1921	1881	1898	1903	-2	162554	228008
2010-01-08	1903	1898	1927	1895	1925	1915	12	605112	298488
2010-01-11	1915	1932	1936	1918	1921	1925	10	242470	305364
2010-01-12	1925	1915	1922	1905	1908	1913	-12	195492	288226
2010-01-13	1913	1885	1896	1879	1887	1889	-24	217122	230980
2010-01-14	1889	1898	1903	1892	1896	1897	8	108336	225416
2010-01-15	1897	1894	1897	1890	1891	1893	-4	78334	223028
2010-01-18	1893	1888	1897	1888	1896	1894	1	65240	227506
2010-01-19	1894	1898	1903	1894	1896	1898	4	56094	231082
2010-01-20	1898	1896	1898	1888	1890	1892	-6	52456	224912
2010-01-21	1892	1891	1896	1888	1895	1892	0	77808	234780
2010-01-22	1892	1893	1894	1868	1877	1879	-13	170874	201914
2010-01-25	1879	1880	1880	1866	1867	1871	-8	89270	216812
2010-01-26	1871	1867	1869	1859	1859	1863	-8	73696	209614
2010-01-27	1863	1860	1865	1855	1861	1860	-3	76426	210744
2010-01-28	1860	1852	1857	1843	1844	1849	-11	95098	215290
2010-01-29	1849	1847	1855	1843	1854	1850	1	76920	200514
2010-02-01	1850	1851	1854	1845	1847	1847	-3	72182	177486
2010-02-02	1847	1850	1853	1841	1846	1847	0	70578	171738
2010-02-03	1847	1920	1920	1851	1862	1859	12	111026	195460
2010-02-04	1859	1853	1853	1846	1848	1849	-10	62294	178300
2010-02-05	1849	1846	1851	1843	1850	1847	-2	38272	174544
2010-02-08	1847	1850	1854	1849	1850	1850	3	30136	167882
2010-02-09	1850	1851	1852	1845	1849	1847	-3	38996	164726
2010-02-10	1847	1850	1860	1846	1858	1852	5	54188	158292
2010-02-11	1852	1860	1861	1854	1855	1857	5	28806	160042
2010-02-12	1857	1859	1859	1855	1858	1857	0	18804	153590
2010-02-22	1857	1866	1868	1860	1865	1864	7	32018	156628
2010-02-23	1864	1865	1878	1864	1877	1872	8	82660	178464
2010-02-24	1872	1872	1877	1872	1874	1873	1	35126	181860
2010-02-25	1873	1876	1878	1870	1871	1873	0	35520	177818
2010-02-26	1873	1873	1875	1866	1866	1870	-3	48962	165506
2010-03-01	1870	1871	1883	1870	1878	1877	7	60686	173926
2010-03-02	1877	1875	1878	1870	1872	1872	-5	38314	169072
2010-03-03	1872	1873	1876	1870	1871	1872	0	26438	168620
2010-03-04	1872	1872	1873	1863	1863	1866	-6	46220	157052
2010-03-05	1866	1860	1863	1856	1862	1858	-8	33828	157642
2010-03-08	1858	1862	1870	1861	1869	1865	7	28326	152058
2010-03-09	1865	1868	1873	1866	1870	1869	4	28340	151334
2010-03-10	1869	1869	1874	1866	1872	1871	2	33464	159046
2010-03-11	1871	1872	1875	1869	1873	1872	1	35710	163326
2010-03-12	1872	1872	1879	1871	1879	1876	4	45376	171280
2010-03-15	1876	1880	1895	1878	1893	1890	14	91162	188652
2010-03-16	1890	1894	1899	1889	1897	1893	3	55364	194358
2010-03-17	1893	1902	1903	1895	1899	1898	5	44064	199488
2010-03-18	1898	1900	1901	1891	1894	1894	-4	34180	193000
2010-03-19	1894	1895	1909	1894	1907	1903	9	57882	203088
2010-03-22	1903	1908	1916	1905	1912	1911	8	49638	208344
2010-03-23	1911	1914	1918	1908	1909	1911	0	52330	203950
2010-03-24	1911	1908	1910	1903	1904	1906	-5	38300	199832
2010-03-25	1906	1907	1916	1905	1912	1910	4	37068	202224
2010-03-26	1910	1910	1919	1907	1917	1915	5	56784	207424
2010-03-29	1915	1919	1941	1919	1939	1930	15	104476	218556
2010-03-30	1930	1939	1941	1931	1931	1935	5	102398	224348
2010-03-31	1935	1933	1936	1925	1928	1931	-4	104056	216612
2010-04-01	1931	1925	1937	1925	1932	1932	1	73748	222510
2010-04-02	1932	1933	1935	1927	1934	1931	-1	44346	216288
2010-04-06	1931	1935	1946	1933	1938	1940	9	77224	223954
2010-04-07	1940	1939	1939	1928	1932	1931	-9	107636	224396
2010-04-08	1931	1932	1933	1901	1907	1912	-19	274018	219312
2010-04-09	1912	1906	1910	1902	1904	1905	-7	74794	216474
2010-04-12	1905	1902	1911	1891	1897	1901	-4	116750	210110
2010-04-13	1901	1895	1916	1895	1914	1908	7	137252	209764
2010-04-14	1908	1915	1919	1912	1913	1914	6	51858	209978
2010-04-15	1914	1916	1916	1908	1913	1912	-2	63840	206954
2010-04-16	1912	1915	1915	1911	1914	1913	1	30462	207342
2010-04-19	1913	1912	1929	1911	1925	1921	8	173308	228042
2010-04-20	1921	1925	1932	1923	1924	1927	6	92878	230676
2010-04-21	1927	1925	1928	1922	1927	1925	-2	50968	225068
2010-04-22	1925	1928	1929	1923	1924	1925	0	28216	223408
2010-04-23	1925	1924	1928	1923	1926	1926	1	37652	219278
2010-04-26	1926	1927	1929	1914	1916	1920	-6	94444	216774
2010-04-27	1920	1914	1937	1911	1936	1926	6	146724	232248
2010-04-28	1926	1930	1937	1922	1925	1929	3	167408	230714
2010-04-29	1929	1927	1928	1914	1918	1918	-11	137664	235102
2010-04-30	1918	1918	1924	1915	1921	1919	1	77636	237054
2010-05-04	1919	1919	1925	1914	1922	1920	1	52642	245604
2010-05-05	1920	1918	1932	1918	1929	1926	6	85234	258846
2010-05-06	1926	1929	1936	1922	1924	1928	2	85274	252074
2010-05-07	1928	1917	1932	1916	1927	1925	-3	103390	249348
2010-05-10	1925	1930	1950	1930	1947	1940	15	168742	268998
2010-05-11	1940	1948	1950	1935	1936	1943	3	135784	258034
2010-05-12	1943	1943	1947	1939	1941	1944	1	95682	277068
2010-05-13	1944	1942	1942	1932	1939	1936	-8	105684	245996
2010-05-14	1936	1939	1947	1937	1937	1941	5	91712	244496
2010-05-17	1941	1935	1942	1920	1938	1930	-11	203892	259178
2010-05-18	1930	1935	1952	1934	1948	1944	14	109176	254036
2010-05-19	1944	1946	1963	1943	1961	1955	11	162804	259854
2010-05-20	1955	1962	1979	1962	1974	1972	17	175150	270142
2010-05-21	1972	1973	1979	1965	1977	1973	1	137242	287372
2010-05-24	1973	1981	1984	1966	1969	1973	0	116068	287642
2010-05-25	1973	1965	1967	1953	1956	1960	-13	164078	272442
2010-05-26	1960	1959	1965	1956	1964	1960	0	68948	273490
2010-05-27	1960	1963	1965	1956	1958	1959	-1	62418	275442
2010-05-28	1959	1956	1958	1927	1941	1943	-16	144908	284698
2010-05-31	1943	1940	1949	1933	1943	1941	-2	102448	293626
2010-06-01	1941	1944	1949	1938	1945	1943	2	66554	292100
2010-06-02	1943	1942	1946	1925	1930	1931	-12	143064	273922
2010-06-03	1931	1931	1934	1923	1929	1928	-3	70244	269160
2010-06-04	1928	1932	1940	1928	1938	1933	5	73832	267902
2010-06-07	1933	1930	1932	1925	1929	1928	-5	79920	255276
2010-06-08	1928	1930	1933	1910	1914	1918	-10	148108	247482
2010-06-09	1918	1910	1913	1902	1913	1908	-10	83588	234634
2010-06-10	1908	1910	1914	1905	1909	1909	1	35438	229316
2010-06-11	1909	1910	1924	1908	1923	1916	7	55642	207406
2010-06-17	1916	1925	1928	1911	1912	1918	2	34074	204086
2010-06-18	1918	1912	1914	1905	1909	1909	-9	48520	202934
2010-06-21	1909	1910	1918	1909	1914	1913	4	41804	189196
2010-06-22	1913	1909	1918	1904	1914	1912	-1	42004	179892
2010-06-23	1912	1913	1913	1896	1912	1909	-3	24704	172290
2010-06-24	1909	1909	1922	1909	1920	1915	6	23584	163502
2010-06-25	1915	1919	1925	1917	1924	1922	7	19374	156694
2010-06-28	1922	1924	1925	1914	1915	1918	-4	16154	156970
2010-06-29	1918	1915	1916	1910	1916	1913	-5	18078	152224
2010-06-30	1913	1909	1920	1908	1920	1916	3	15682	147952
2010-07-01	1916	1925	1930	1924	1926	1927	11	22590	137536
2010-07-02	1927	1926	1931	1926	1931	1928	1	19074	127162
2010-07-05	1928	1930	1940	1929	1937	1933	5	18852	115692
2010-07-06	1933	1937	1939	1935	1938	1937	4	11232	109680
2010-07-07	1937	1937	1940	1931	1940	1936	-1	6056	107422
2010-07-08	1936	1940	1943	1938	1942	1941	5	9264	100942
2010-07-09	1941	1943	1951	1940	1950	1945	4	7340	97122
2010-07-12	1945	1949	1960	1949	1951	1954	9	18278	87250
2010-07-13	1954	1951	1953	1948	1952	1950	-4	8076	84462
2010-07-14	1950	1953	1958	1951	1955	1955	5	12060	77214
2010-07-15	1955	1956	1957	1951	1955	1954	-1	11308	69248
2010-07-16	1954	1956	1974	1956	1974	1967	13	14572	60836
2010-07-19	1967	1970	1974	1964	1969	1970	3	8444	56422
2010-07-20	1970	1965	1973	1964	1973	1970	0	6638	53926
2010-07-21	1970	1972	1974	1966	1967	1970	0	6056	50890
2010-07-22	1970	1968	1968	1962	1964	1964	-6	4296	47924
2010-07-23	1964	1965	1973	1965	1972	1971	7	6140	47924
2010-07-26	1971	1972	1977	1970	1976	1973	2	4280	46996
2010-07-27	1973	1975	1979	1973	1976	1976	3	2950	45970
2010-07-28	1976	1975	1981	1974	1981	1979	3	4246	43754
2010-07-29	1979	1984	1985	1977	1977	1980	1	3998	40980
2010-07-30	1980	1978	1980	1976	1979	1977	-3	5462	36302
2010-08-02	1977	1980	2000	1980	1993	1987	10	18438	22988
2010-08-03	1987	1995	2001	1990	2000	1998	11	3546	22118
2010-08-04	1998	2002	2004	1998	2002	2001	3	2704	21128
2010-08-05	2001	2005	2008	2000	2003	2003	2	2042	20520
2010-08-06	2003	2005	2010	2000	2008	2004	1	4220	17354
2010-08-09	2004	2007	2015	2003	2013	2009	5	3172	15704
2010-08-10	2009	2010	2010	2001	2002	2003	-6	1738	15216
2010-08-11	2003	2005	2010	2005	2007	2007	4	398	15090
2010-08-12	2007	2007	2010	2006	2009	2009	2	684	14728
2010-08-13	2009	2017	2018	2012	2014	2015	6	720	14318
2010-08-16	2015	2015	2033	2015	2033	2027	12	1568	13110
2010-08-17	2027	2035	2035	2027	2027	2029	2	380	12838
2010-08-18	2029	2027	2032	2027	2028	2030	1	652	12914
2010-08-19	2030	2022	2035	2021	2030	2028	-2	746	12922
2010-08-20	2028	2016	2030	2016	2026	2027	-1	428	13028
2010-08-23	2027	2032	2035	2028	2034	2032	5	1208	11970
2010-08-24	2032	2030	2034	2028	2028	2030	-2	290	11796
2010-08-25	2030	2028	2028	2000	2017	2016	-14	1530	10314
2010-08-26	2016	2018	2018	2004	2007	2009	-7	672	10094
2010-08-27	2009	2013	2013	2006	2007	2009	0	486	9820
2010-08-30	2009	2019	2021	2005	2020	2016	7	1888	8330
2010-08-31	2016	2018	2040	2016	2040	2020	4	3688	6000
2010-09-01	2020	2040	2141	2005	2005	2051	31	1476	4180
2010-09-02	2051	1986	1986	1985	1985	1985	-66	236	3780
2010-09-03	1985	1978	1978	1978	1978	1978	-7	2	3496
2010-09-06	1978	1975	1975	1975	1975	1975	-3	14	2718
2010-09-07	1975	1970	1980	1970	1970	1972	-3	24	1580
2010-09-08	1972	-	-	-	1972	1972	0	0	1580
2010-09-09	1972	-	-	-	1972	1972	0	0	1366
2010-09-10	1972	1972	1972	1970	1970	1970	-2	20	1380
2010-09-13	1970	1975	1975	1970	1970	1970	0	620	1998
2010-09-14	1970	1970	1970	1970	1970	2012	42	508	0
