2010-07-15	1914	1930	1938	1930	1936	1934	20	44	26
2010-07-16	1934	1960	1960	1945	1956	1955	21	38	32
2010-07-19	1955	1959	1967	1957	1962	1960	5	36	50
2010-07-20	1960	1958	1967	1957	1964	1962	2	40	74
2010-07-21	1962	1968	1970	1957	1962	1969	7	2044	2090
2010-07-22	1969	1964	1965	1957	1961	1961	-8	32	2094
2010-07-23	1961	1965	1965	1965	1965	1965	4	8	2096
2010-07-26	1965	1966	1971	1965	1971	1968	3	16	2110
2010-07-27	1968	1967	1972	1963	1964	1966	-2	36	2112
2010-07-28	1966	1966	1971	1966	1971	1969	3	38	2130
2010-07-29	1969	1978	1978	1968	1969	1970	1	46	2134
2010-07-30	1970	1973	1973	1966	1970	1968	-2	2044	4134
2010-08-02	1968	1969	1989	1969	1989	1969	1	2120	2214
2010-08-03	1969	1981	1986	1974	1985	1983	14	66	2246
2010-08-04	1983	1987	1990	1983	1990	1988	5	48	2280
2010-08-05	1988	1997	1999	1987	1987	1993	5	16	2286
2010-08-06	1993	1993	2003	1985	2003	1993	0	70	2298
2010-08-09	1993	2007	2009	2004	2008	2007	14	82	2320
2010-08-10	2007	2005	2009	1998	2000	2002	-5	78	2346
2010-08-11	2002	2000	2006	1994	1995	1999	-3	70	2318
2010-08-12	1999	1997	2001	1996	2000	1998	-1	26	2326
2010-08-13	1998	2007	2008	1999	2008	2004	6	22	2322
2010-08-16	2004	2019	2047	2019	2042	2035	31	152	2396
2010-08-17	2035	2042	2051	2035	2051	2046	11	170	2474
2010-08-18	2046	2059	2059	2037	2038	2044	-2	106	2446
2010-08-19	2044	2034	2039	2022	2038	2033	-11	56	2442
2010-08-20	2033	2040	2040	2026	2027	2030	-3	72	2434
2010-08-23	2030	2035	2037	2031	2035	2033	3	94	2418
2010-08-24	2033	2031	2034	2016	2016	2024	-9	182	2382
2010-08-25	2024	2016	2016	2005	2006	2011	-13	192	2392
2010-08-26	2011	2016	2018	2011	2011	2015	4	34	2396
2010-08-27	2015	2018	2030	2018	2027	2025	10	82	2430
2010-08-30	2025	2049	2049	2039	2042	2044	19	100	2450
2010-08-31	2044	2030	2030	2022	2023	2027	-17	44	2438
2010-09-01	2027	2027	2031	2026	2031	2028	1	18	2440
2010-09-02	2028	2039	2039	2020	2022	2028	0	104	2432
2010-09-03	2028	1999	2030	1999	2026	2012	-16	148	2476
2010-09-06	2012	2040	2050	2035	2044	2044	32	532	2866
2010-09-07	2044	2044	2065	2035	2060	2042	-2	2422	1052
2010-09-08	2042	2070	2080	2060	2060	2071	29	600	1046
2010-09-09	2071	2067	2067	2046	2051	2051	-20	988	1248
2010-09-10	2051	2054	2073	2051	2068	2064	13	1058	1186
2010-09-13	2064	2067	2073	2060	2065	2067	3	462	1326
2010-09-14	2067	2068	2070	2063	2064	2065	-2	348	1476
2010-09-15	2065	2073	2085	2068	2078	2079	14	938	1656
2010-09-16	2079	2081	2083	2075	2077	2078	-1	246	1616
2010-09-17	2078	2084	2099	2079	2096	2088	10	520	1700
2010-09-20	2088	2129	2171	2121	2161	2151	63	418	1536
2010-09-21	2151	2151	2157	2129	2131	2137	-14	390	1380
2010-09-27	2137	2157	2169	2125	2133	2141	4	244	1308
2010-09-28	2141	2121	2136	2121	2134	2130	-11	88	1324
2010-09-29	2130	2129	2129	2103	2106	2115	-15	126	1322
2010-09-30	2115	2119	2119	2108	2115	2114	-1	60	1348
2010-10-08	2114	2114	2119	2111	2114	2114	0	186	1330
2010-10-11	2114	2178	2198	2170	2198	2189	75	580	1452
2010-10-12	2189	2186	2186	2166	2166	2172	-17	360	1424
2010-10-13	2172	2190	2190	2177	2180	2185	13	162	1406
2010-10-14	2185	2189	2189	2172	2181	2177	-8	54	1390
2010-10-15	2177	2167	2196	2167	2193	2179	2	226	1316
2010-10-18	2179	2181	2199	2169	2199	2183	4	92	1320
2010-10-19	2183	2200	2206	2190	2200	2196	13	100	1312
2010-10-20	2196	2200	2217	2183	2217	2202	6	108	1314
2010-10-21	2202	2287	2287	2225	2250	2248	46	362	1312
2010-10-22	2248	2254	2257	2231	2249	2242	-6	110	1290
2010-10-25	2242	2249	2314	2249	2297	2294	52	1486	1550
2010-10-26	2294	2295	2295	2268	2272	2281	-13	272	1630
2010-10-27	2281	2275	2297	2240	2240	2259	-22	206	1656
2010-10-28	2259	2200	2267	2200	2267	2242	-17	1310	1612
2010-10-29	2242	2247	2255	2235	2240	2243	1	646	1596
2010-11-01	2243	2250	2275	2250	2272	2264	21	152	1590
2010-11-02	2264	2261	2268	2258	2264	2262	-2	64	1600
2010-11-03	2262	2264	2264	2259	2262	2262	0	40	1604
2010-11-04	2262	2266	2286	2265	2281	2277	15	996	1916
2010-11-05	2277	2297	2335	2297	2321	2315	38	316	1878
2010-11-08	2315	2335	2335	2311	2329	2324	9	340	2026
2010-11-09	2324	2330	2360	2330	2355	2340	16	490	1988
2010-11-10	2340	2354	2400	2341	2343	2356	16	1506	1966
2010-11-11	2356	2348	2357	2338	2348	2348	-8	168	1930
2010-11-12	2348	2332	2332	2262	2288	2292	-56	336	1892
2010-11-15	2292	2262	2360	2262	2360	2328	36	634	2046
2010-11-16	2328	2342	2342	2297	2297	2310	-18	648	2096
2010-11-17	2310	2291	2291	2236	2236	2253	-57	1130	2228
2010-11-18	2253	2278	2293	2238	2286	2264	11	1234	2742
2010-11-19	2264	2299	2299	2260	2279	2272	8	228	2756
2010-11-22	2272	2262	2274	2254	2254	2260	-12	110	2708
2010-11-23	2260	2254	2256	2213	2219	2224	-36	564	2522
2010-11-24	2224	2239	2250	2230	2237	2236	12	350	2498
2010-11-25	2236	2247	2268	2246	2246	2259	23	562	2650
2010-11-26	2259	2261	2261	2216	2223	2225	-34	206	2602
2010-11-29	2225	2223	2233	2206	2225	2216	-9	52	2598
2010-11-30	2216	2232	2236	2215	2223	2224	8	126	2584
2010-12-01	2224	2220	2245	2220	2233	2234	10	144	2546
2010-12-02	2234	2249	2249	2237	2242	2242	8	54	2546
2010-12-03	2242	2238	2241	2231	2240	2236	-6	24	2544
2010-12-06	2236	2248	2251	2240	2246	2242	6	1096	2504
2010-12-07	2242	2236	2254	2235	2248	2242	0	86	2486
2010-12-08	2242	2248	2253	2236	2236	2242	0	70	2482
2010-12-09	2242	2241	2264	2241	2250	2257	15	508	2600
2010-12-10	2257	2245	2256	2245	2251	2251	-6	436	3002
2010-12-13	2251	2251	2268	2248	2261	2260	9	92	2982
2010-12-14	2260	2275	2290	2260	2279	2271	11	330	2930
2010-12-15	2271	2286	2286	2262	2265	2273	2	24	2932
2010-12-16	2273	2275	2275	2258	2258	2266	-7	16	2928
2010-12-17	2266	2260	2271	2260	2271	2264	-2	26	2922
2010-12-20	2264	2284	2289	2269	2271	2274	10	36	2928
2010-12-21	2274	2279	2279	2270	2273	2272	-2	256	3132
2010-12-22	2272	2280	2290	2268	2268	2276	4	268	3120
2010-12-23	2276	2273	2280	2273	2275	2275	-1	128	3064
2010-12-24	2275	2278	2292	2276	2276	2282	7	176	2988
2010-12-27	2282	2268	2282	2268	2271	2277	-5	42	3002
2010-12-28	2277	2277	2281	2270	2270	2274	-3	24	3004
2010-12-29	2274	2268	2268	2249	2253	2265	-9	2192	5118
2010-12-30	2265	2257	2270	2254	2258	2258	-7	3396	2950
2010-12-31	2258	2263	2274	2250	2265	2260	2	1418	2140
2011-01-04	2260	2263	2272	2261	2268	2267	7	30	2150
2011-01-05	2267	2257	2265	2255	2262	2259	-8	18	2148
2011-01-06	2259	2288	2288	2260	2270	2272	13	930	2256
2011-01-07	2272	2266	2266	2240	2245	2251	-21	148	2234
2011-01-10	2251	2242	2244	2229	2234	2233	-18	264	2086
2011-01-11	2233	2238	2238	2220	2229	2224	-9	180	1956
2011-01-12	2224	2226	2235	2220	2235	2230	6	152	1830
2011-01-13	2230	2254	2288	2247	2247	2260	30	124	1836
2011-01-14	2260	2256	2269	2252	2263	2262	2	44	1826
2011-01-17	2262	2268	2287	2263	2263	2273	11	22	1820
2011-01-18	2273	2274	2300	2262	2300	2276	3	542	1686
2011-01-19	2276	2304	2355	2291	2294	2311	35	368	1732
2011-01-20	2311	2292	2292	2266	2266	2275	-36	112	1768
2011-01-21	2275	2266	2279	2264	2266	2269	-6	68	1766
2011-01-24	2269	2279	2288	2266	2277	2278	9	76	1734
2011-01-25	2278	2292	2292	2272	2280	2280	2	124	1672
2011-01-26	2280	2263	2266	2255	2261	2261	-19	18	1670
2011-01-27	2261	2280	2285	2270	2273	2276	15	16	1670
2011-01-28	2276	2273	2282	2273	2274	2275	-1	10	1668
2011-01-31	2275	2269	2291	2269	2291	2283	8	204	1714
2011-02-01	2283	2295	2316	2295	2311	2305	22	62	1676
2011-02-09	2305	2352	2369	2310	2363	2344	39	148	1658
2011-02-10	2344	2379	2399	2348	2355	2368	24	166	1688
2011-02-11	2368	2367	2376	2361	2361	2370	2	178	1696
2011-02-14	2370	2369	2391	2365	2385	2379	9	800	1406
2011-02-15	2379	2385	2385	2363	2363	2374	-5	68	1386
2011-02-16	2374	2352	2352	2326	2342	2336	-38	220	1340
2011-02-17	2336	2351	2367	2340	2340	2354	18	58	1342
2011-02-18	2354	2341	2367	2341	2350	2359	5	170	1324
2011-02-21	2359	2350	2356	2348	2351	2352	-7	44	1312
2011-02-22	2352	2351	2375	2340	2355	2352	0	162	1286
2011-02-23	2352	2320	2320	2280	2308	2308	-44	722	1082
2011-02-24	2308	2324	2324	2303	2312	2312	4	134	1002
2011-02-25	2312	2320	2388	2316	2333	2331	19	122	1000
2011-02-28	2331	2349	2349	2335	2347	2342	11	68	998
2011-03-01	2342	2351	2351	2342	2346	2346	4	32	996
2011-03-02	2346	2345	2355	2340	2349	2344	-2	96	980
2011-03-03	2344	2347	2348	2336	2336	2343	-1	196	934
2011-03-04	2343	2336	2350	2336	2345	2341	-2	58	918
2011-03-07	2341	2342	2363	2341	2359	2353	12	140	898
2011-03-08	2353	2356	2370	2342	2344	2354	1	120	882
2011-03-09	2354	2344	2351	2344	2351	2348	-6	14	884
2011-03-10	2348	2349	2349	2337	2344	2342	-6	56	898
2011-03-11	2342	2339	2339	2330	2335	2336	-6	398	536
2011-03-14	2336	2335	2341	2320	2321	2327	-9	206	406
2011-03-15	2327	2333	2333	2315	2328	2324	-3	64	380
2011-03-16	2324	2308	2326	2308	2326	2317	-7	204	318
2011-03-17	2317	2326	2337	2316	2337	2327	10	84	290
2011-03-18	2327	2344	2352	2340	2340	2345	18	32	288
2011-03-21	2345	2340	2345	2339	2342	2340	-5	70	320
2011-03-22	2340	2320	2328	2315	2320	2320	-20	240	218
2011-03-23	2320	2321	2328	2321	2328	2325	5	20	222
2011-03-24	2325	2323	2323	2315	2316	2319	-6	28	214
2011-03-25	2319	2330	2330	2321	2321	2326	7	24	208
2011-03-28	2326	2329	2329	2307	2307	2314	-12	52	204
2011-03-29	2314	2305	2306	2301	2305	2303	-11	40	208
2011-03-30	2303	2304	2310	2304	2309	2308	5	18	202
2011-03-31	2308	2309	2309	2299	2299	2302	-6	26	200
2011-04-01	2302	2306	2339	2306	2324	2322	20	144	238
2011-04-06	2322	2322	2336	2319	2325	2323	1	84	236
2011-04-07	2323	2321	2324	2307	2314	2315	-8	118	216
2011-04-08	2315	2308	2318	2305	2314	2311	-4	22	220
2011-04-11	2311	2311	2339	2311	2322	2327	16	474	264
2011-04-12	2327	2315	2318	2308	2311	2313	-14	64	270
2011-04-13	2313	2311	2314	2307	2314	2308	-5	34	252
2011-04-14	2308	2308	2315	2303	2304	2309	1	116	280
2011-04-15	2309	2305	2311	2305	2311	2307	-2	48	280
2011-04-18	2307	2311	2316	2307	2311	2311	4	62	268
2011-04-19	2311	2319	2319	2307	2308	2311	0	24	268
2011-04-20	2311	2308	2315	2307	2312	2311	0	78	270
2011-04-21	2311	2322	2322	2307	2307	2309	-2	60	272
2011-04-22	2309	2306	2306	2293	2300	2299	-10	76	248
2011-04-25	2299	2306	2307	2300	2303	2302	3	20	238
2011-04-26	2302	2302	2304	2298	2301	2301	-1	52	238
2011-04-27	2301	2314	2314	2297	2298	2300	-1	32	244
2011-04-28	2300	2298	2303	2295	2298	2298	-2	26	234
2011-04-29	2298	2292	2295	2280	2280	2287	-11	126	294
2011-05-03	2287	2290	2294	2285	2285	2287	0	58	284
2011-05-04	2287	2287	2287	2282	2282	2284	-3	38	266
2011-05-05	2284	2279	2283	2276	2279	2279	-5	120	312
2011-05-06	2279	2265	2274	2252	2266	2265	-14	98	306
2011-05-09	2265	2270	2279	2258	2273	2268	3	144	294
2011-05-10	2268	2270	2293	2270	2287	2284	16	54	304
2011-05-11	2284	2290	2292	2286	2286	2288	4	34	312
2011-05-12	2288	2276	2286	2276	2277	2280	-8	96	314
2011-05-13	2280	2282	2288	2280	2282	2282	2	54	328
2011-05-16	2282	2278	2283	2278	2283	2281	-1	18	322
2011-05-17	2281	2288	2288	2275	2280	2279	-2	42	318
2011-05-18	2279	2281	2281	2278	2279	2279	0	24	314
2011-05-19	2279	2278	2287	2278	2285	2284	5	72	308
2011-05-20	2284	2286	2291	2286	2287	2287	3	42	306
2011-05-23	2287	2295	2305	2295	2297	2295	8	80	306
2011-05-24	2295	2297	2301	2293	2298	2295	0	36	302
2011-05-25	2295	2297	2300	2292	2300	2295	0	66	302
2011-05-26	2295	2303	2317	2303	2317	2309	14	50	316
2011-05-27	2309	2321	2321	2314	2318	2317	8	46	308
2011-05-30	2317	2336	2336	2328	2328	2330	13	10	304
2011-05-31	2330	2336	2341	2336	2339	2338	8	10	304
2011-06-01	2338	2350	2350	2320	2338	2337	-1	44	300
2011-06-02	2337	2332	2332	2324	2324	2329	-8	10	292
2011-06-03	2329	2334	2340	2332	2333	2335	6	10	290
2011-06-07	2335	2326	2326	2326	2326	2326	-9	2	290
2011-06-08	2326	2326	2348	2314	2327	2324	-2	38	278
2011-06-09	2324	2321	2330	2318	2330	2323	-1	16	280
2011-06-10	2323	2319	2335	2319	2321	2322	-1	26	290
2011-06-13	2322	2316	2316	2315	2315	2316	-6	8	296
2011-06-14	2316	-	-	-	2316	2315	-1	8	304
2011-06-15	2315	2300	2312	2300	2311	2308	-7	14	308
2011-06-16	2308	2259	2307	2259	2304	2296	-12	14	314
2011-06-17	2296	2303	2303	2301	2301	2301	5	16	324
2011-06-20	2301	2289	2313	2289	2295	2301	0	36	320
2011-06-21	2301	2302	2302	2302	2302	2301	0	6	322
2011-06-22	2301	2301	2301	2301	2301	2300	-1	6	324
2011-06-23	2300	2300	2300	2287	2287	2291	-9	28	316
2011-06-24	2291	2340	2340	2288	2288	2314	23	4	318
2011-06-27	2314	2290	2290	2290	2290	2290	-24	2	316
2011-06-28	2290	2282	2297	2276	2286	2282	-8	120	310
2011-06-29	2282	2268	2279	2268	2279	2270	-12	40	306
2011-06-30	2270	2265	2265	2207	2216	2253	-17	142	302
2011-07-01	2253	2217	2250	2216	2216	2221	-32	26	210
2011-07-04	2221	2220	2220	2220	2220	2220	-1	210	112
2011-07-05	2220	-	-	-	2220	2220	0	0	112
2011-07-06	2220	-	-	-	2220	2220	0	0	52
2011-07-07	2220	-	-	-	2220	2220	0	0	52
2011-07-08	2220	-	-	-	2220	2220	0	0	38
2011-07-11	2220	-	-	-	2220	2220	0	0	38
2011-07-12	2220	-	-	-	2220	2220	0	0	38
2011-07-13	2220	-	-	-	2220	2220	0	0	38
2011-07-14	2220	-	-	-	2220	2220	0	0	0
