2010-09-15	2039	2090	2116	2090	2110	2108	69	8082	6244
2010-09-16	2108	2109	2112	2101	2106	2104	-4	8356	11342
2010-09-17	2104	2109	2135	2108	2133	2125	21	14764	19958
2010-09-20	2125	2150	2192	2150	2189	2175	50	24876	24498
2010-09-21	2175	2173	2179	2146	2157	2161	-14	16604	30716
2010-09-27	2161	2191	2191	2146	2148	2160	-1	14316	34664
2010-09-28	2160	2144	2159	2135	2155	2149	-11	14856	37450
2010-09-29	2149	2151	2158	2130	2136	2138	-11	16962	43618
2010-09-30	2138	2140	2142	2131	2137	2136	-2	5188	43060
2010-10-08	2136	2139	2149	2130	2135	2139	3	11408	45548
2010-10-11	2139	2222	2224	2205	2224	2217	78	31564	53146
2010-10-12	2217	2217	2217	2196	2206	2207	-10	27880	51726
2010-10-13	2207	2211	2225	2210	2215	2216	9	21620	58198
2010-10-14	2216	2215	2223	2211	2220	2218	2	10174	60604
2010-10-15	2218	2223	2253	2210	2250	2237	19	51240	82696
2010-10-18	2237	2231	2265	2231	2255	2247	10	65560	97928
2010-10-19	2247	2259	2264	2246	2253	2255	8	46894	105604
2010-10-20	2255	2236	2272	2234	2266	2256	1	65050	115006
2010-10-21	2256	2288	2335	2276	2296	2306	50	135912	140674
2010-10-22	2306	2284	2306	2284	2299	2297	-9	68306	144622
2010-10-25	2297	2303	2353	2303	2337	2333	36	158468	168676
2010-10-26	2333	2345	2348	2311	2314	2329	-4	102304	180416
2010-10-27	2329	2329	2341	2279	2279	2307	-22	181360	173566
2010-10-28	2307	2295	2310	2294	2309	2302	-5	79496	173636
2010-10-29	2302	2305	2307	2278	2289	2294	-8	76708	173632
2010-11-01	2294	2310	2330	2310	2321	2321	27	92680	178880
2010-11-02	2321	2319	2319	2304	2308	2310	-11	56058	173522
2010-11-03	2310	2320	2320	2296	2302	2309	-1	74420	172318
2010-11-04	2309	2310	2318	2302	2316	2311	2	73704	184766
2010-11-05	2311	2333	2368	2333	2357	2354	43	189116	189406
2010-11-08	2354	2357	2373	2345	2369	2359	5	166872	195458
2010-11-09	2359	2373	2420	2366	2419	2392	33	350214	279372
2010-11-10	2392	2408	2440	2385	2402	2411	19	812424	325958
2010-11-11	2411	2398	2414	2386	2393	2401	-10	499640	324624
2010-11-12	2401	2380	2385	2305	2334	2336	-65	1429684	300246
2010-11-15	2336	2353	2418	2336	2409	2382	46	1840174	435002
2010-11-16	2382	2410	2419	2357	2362	2383	1	1386506	361390
2010-11-17	2383	2290	2337	2288	2288	2309	-74	1979104	370032
2010-11-18	2309	2330	2339	2277	2328	2312	3	1642958	334282
2010-11-19	2312	2347	2349	2303	2325	2322	10	1285162	299990
2010-11-22	2322	2300	2321	2298	2306	2311	-11	811734	343146
2010-11-23	2311	2310	2314	2264	2274	2283	-28	1203120	347068
2010-11-24	2283	2296	2298	2281	2289	2286	3	610014	303472
2010-11-25	2286	2295	2322	2290	2295	2305	19	931252	321594
2010-11-26	2305	2298	2300	2259	2272	2277	-28	925802	341948
2010-11-29	2277	2270	2280	2253	2278	2266	-11	537624	321270
2010-11-30	2266	2296	2296	2258	2279	2271	5	348352	283574
2010-12-01	2271	2267	2280	2266	2276	2274	3	194104	274652
2010-12-02	2274	2295	2298	2285	2286	2289	15	208922	266102
2010-12-03	2289	2285	2287	2273	2280	2279	-10	191394	263412
2010-12-06	2279	2290	2298	2282	2288	2290	11	222048	271308
2010-12-07	2290	2284	2304	2279	2304	2291	1	247966	295372
2010-12-08	2291	2288	2300	2285	2286	2291	0	214206	285352
2010-12-09	2291	2295	2319	2293	2308	2310	19	428648	328860
2010-12-10	2310	2307	2318	2303	2312	2310	0	222424	334670
2010-12-13	2310	2306	2327	2305	2324	2318	8	245340	334044
2010-12-14	2318	2330	2346	2325	2344	2335	17	332520	348058
2010-12-15	2335	2341	2346	2323	2325	2335	0	237636	333780
2010-12-16	2335	2327	2332	2321	2323	2326	-9	122412	323992
2010-12-17	2326	2325	2334	2324	2330	2328	2	111752	319824
2010-12-20	2328	2345	2347	2331	2335	2339	11	205740	334994
2010-12-21	2339	2339	2343	2331	2337	2336	-3	121678	343302
2010-12-22	2336	2338	2346	2331	2334	2338	2	167430	352326
2010-12-23	2338	2339	2360	2338	2350	2347	9	236732	387816
2010-12-24	2347	2355	2358	2345	2349	2351	4	172298	388156
2010-12-27	2351	2345	2348	2338	2340	2342	-9	119876	384498
2010-12-28	2342	2346	2348	2326	2329	2341	-1	129008	371846
2010-12-29	2341	2335	2336	2316	2325	2325	-16	158738	350782
2010-12-30	2325	2321	2335	2317	2335	2326	1	97682	358992
2010-12-31	2326	2330	2335	2326	2330	2330	4	77082	363316
2011-01-04	2330	2331	2345	2330	2341	2339	9	110526	371214
2011-01-05	2339	2330	2336	2326	2329	2330	-9	97094	381190
2011-01-06	2330	2340	2340	2330	2332	2334	4	103132	374340
2011-01-07	2334	2323	2329	2303	2305	2316	-18	177608	354314
2011-01-10	2316	2309	2315	2304	2306	2310	-6	109668	346482
2011-01-11	2310	2311	2315	2296	2306	2304	-6	158138	364790
2011-01-12	2304	2301	2313	2301	2310	2308	4	88664	351710
2011-01-13	2308	2330	2345	2318	2323	2327	19	123360	348812
2011-01-14	2327	2325	2342	2321	2338	2335	8	247986	379378
2011-01-17	2335	2338	2356	2331	2342	2344	9	278596	392172
2011-01-18	2344	2346	2376	2332	2371	2355	11	359152	456372
2011-01-19	2355	2375	2376	2360	2363	2367	12	293790	463860
2011-01-20	2367	2350	2354	2336	2338	2343	-24	251820	441902
2011-01-21	2343	2340	2349	2338	2341	2343	0	148004	441638
2011-01-24	2343	2345	2358	2336	2350	2349	6	234560	449654
2011-01-25	2349	2345	2363	2338	2344	2350	1	449632	470384
2011-01-26	2350	2333	2341	2321	2333	2331	-19	229612	442192
2011-01-27	2331	2345	2349	2338	2342	2343	12	158750	440900
2011-01-28	2343	2339	2352	2338	2341	2344	1	145188	434194
2011-01-31	2344	2340	2366	2340	2361	2353	9	189922	464788
2011-02-01	2353	2364	2389	2362	2389	2378	25	303774	542566
2011-02-09	2378	2391	2455	2380	2431	2421	43	616640	608730
2011-02-10	2421	2441	2448	2423	2429	2435	14	416858	633312
2011-02-11	2435	2432	2458	2423	2440	2443	8	590090	682470
2011-02-14	2443	2447	2478	2431	2474	2464	21	715652	814750
2011-02-15	2464	2464	2470	2447	2448	2458	-6	439126	747668
2011-02-16	2458	2430	2439	2422	2434	2430	-28	369358	673244
2011-02-17	2430	2436	2458	2424	2431	2442	12	425734	690764
2011-02-18	2442	2451	2458	2435	2437	2447	5	542152	711970
2011-02-21	2447	2448	2448	2425	2437	2435	-12	229706	698080
2011-02-22	2435	2452	2455	2427	2439	2439	4	393188	712760
2011-02-23	2439	2397	2407	2368	2392	2393	-46	409004	636534
2011-02-24	2393	2403	2408	2381	2391	2393	0	268344	596080
2011-02-25	2393	2396	2415	2390	2414	2402	9	245062	611176
2011-02-28	2402	2426	2438	2417	2429	2427	25	309458	631948
2011-03-01	2427	2439	2439	2426	2426	2431	4	151074	647426
2011-03-02	2431	2422	2440	2415	2436	2428	-3	287646	666328
2011-03-03	2428	2428	2438	2418	2422	2427	-1	232018	659584
2011-03-04	2427	2432	2436	2418	2431	2428	1	250452	660434
2011-03-07	2428	2428	2447	2424	2444	2437	9	257958	675146
2011-03-08	2437	2431	2458	2421	2429	2439	2	557614	686326
2011-03-09	2439	2431	2438	2426	2430	2432	-7	209606	690344
2011-03-10	2432	2426	2431	2419	2425	2423	-9	251994	681174
2011-03-11	2423	2414	2421	2405	2409	2412	-11	272644	658456
2011-03-14	2412	2407	2424	2391	2395	2405	-7	447574	660088
2011-03-15	2405	2402	2407	2388	2404	2398	-7	255494	636654
2011-03-16	2398	2380	2396	2373	2393	2385	-13	264422	619894
2011-03-17	2385	2390	2409	2386	2408	2398	13	283124	585538
2011-03-18	2398	2427	2428	2410	2413	2417	19	183674	600132
2011-03-21	2417	2425	2425	2407	2411	2413	-4	180620	597214
2011-03-22	2413	2405	2413	2395	2396	2403	-10	159888	590944
2011-03-23	2403	2396	2410	2395	2409	2403	0	145136	580968
2011-03-24	2403	2407	2408	2393	2395	2400	-3	96102	565230
2011-03-25	2400	2401	2409	2400	2402	2404	4	111518	561644
2011-03-28	2404	2402	2404	2386	2388	2392	-12	122754	552064
2011-03-29	2392	2385	2389	2377	2385	2383	-9	79246	544654
2011-03-30	2383	2386	2390	2382	2388	2385	2	64200	530150
2011-03-31	2385	2388	2388	2376	2377	2380	-5	80030	524208
2011-04-01	2380	2408	2408	2389	2393	2395	15	190976	532686
2011-04-06	2395	2400	2402	2393	2399	2398	3	101170	550694
2011-04-07	2398	2396	2398	2377	2383	2385	-13	175720	582172
2011-04-08	2385	2384	2389	2375	2386	2383	-2	94740	576246
2011-04-11	2383	2392	2405	2388	2398	2398	15	206080	582260
2011-04-12	2398	2398	2398	2385	2387	2388	-10	90700	569962
2011-04-13	2388	2380	2387	2378	2387	2382	-6	59100	551360
2011-04-14	2382	2384	2392	2380	2381	2385	3	48096	547594
2011-04-15	2385	2384	2386	2377	2378	2379	-6	47720	538060
2011-04-18	2379	2372	2389	2372	2385	2380	1	63406	519392
2011-04-19	2380	2390	2390	2380	2382	2384	4	53394	518076
2011-04-20	2384	2382	2387	2381	2385	2384	0	41092	509414
2011-04-21	2384	2381	2385	2365	2367	2375	-9	66464	518694
2011-04-22	2375	2370	2376	2362	2376	2370	-5	82546	512816
2011-04-25	2370	2379	2384	2373	2378	2376	6	28986	505280
2011-04-26	2376	2373	2381	2371	2377	2376	0	49234	492590
2011-04-27	2376	2379	2380	2365	2366	2370	-6	42306	486474
2011-04-28	2370	2368	2372	2361	2364	2366	-4	37620	475110
2011-04-29	2366	2357	2358	2338	2340	2346	-20	107962	437796
2011-05-03	2346	2356	2360	2345	2356	2353	7	56436	432590
2011-05-04	2353	2354	2362	2350	2354	2356	3	33128	423900
2011-05-05	2356	2355	2360	2346	2358	2354	-2	31768	414092
2011-05-06	2354	2345	2352	2341	2344	2346	-8	52734	390046
2011-05-09	2346	2346	2413	2346	2357	2360	14	50270	387136
2011-05-10	2360	2361	2375	2358	2374	2368	8	41006	381394
2011-05-11	2368	2376	2376	2370	2372	2372	4	18718	376720
2011-05-12	2372	2360	2369	2358	2361	2364	-8	22650	372932
2011-05-13	2364	2367	2371	2364	2369	2367	3	20900	366514
2011-05-16	2367	2372	2373	2364	2364	2366	-1	11614	363176
2011-05-17	2366	2369	2369	2357	2359	2360	-6	26136	351704
2011-05-18	2360	2365	2365	2360	2360	2362	2	18698	341560
2011-05-19	2362	2367	2372	2365	2367	2367	5	16560	335322
2011-05-20	2367	2365	2369	2364	2367	2366	-1	13390	331454
2011-05-23	2366	2372	2382	2370	2373	2376	10	33148	332474
2011-05-24	2376	2373	2377	2369	2374	2372	-4	17776	328086
2011-05-25	2372	2371	2375	2371	2374	2373	1	11566	325258
2011-05-26	2373	2377	2382	2374	2381	2378	5	22862	319512
2011-05-27	2378	2382	2383	2378	2378	2379	1	8164	318760
2011-05-30	2379	2382	2388	2380	2387	2385	6	27852	312638
2011-05-31	2385	2386	2386	2376	2378	2379	-6	10604	310286
2011-06-01	2379	2379	2379	2375	2376	2376	-3	4996	308572
2011-06-02	2376	2377	2380	2375	2378	2378	2	6068	306278
2011-06-03	2378	2380	2385	2379	2381	2381	3	9928	307108
2011-06-07	2381	2378	2378	2370	2373	2372	-9	13612	298532
2011-06-08	2372	2374	2376	2372	2374	2373	1	5666	297000
2011-06-09	2373	2376	2378	2374	2376	2376	3	9032	291108
2011-06-10	2376	2379	2381	2374	2377	2377	1	9636	286120
2011-06-13	2377	2376	2379	2376	2378	2378	1	13340	278004
2011-06-14	2378	2375	2380	2375	2379	2378	0	8500	271960
2011-06-15	2378	2378	2378	2376	2376	2376	-2	5136	267492
2011-06-16	2376	2374	2374	2362	2369	2370	-6	11252	260550
2011-06-17	2370	2365	2372	2358	2366	2367	-3	26264	245820
2011-06-20	2367	2366	2368	2361	2363	2365	-2	13754	236452
2011-06-21	2365	2363	2370	2363	2369	2366	1	10064	228418
2011-06-22	2366	2378	2378	2367	2369	2371	5	11128	222620
2011-06-23	2371	2365	2365	2353	2354	2358	-13	32312	201610
2011-06-24	2358	2354	2359	2354	2356	2355	-3	8240	197604
2011-06-27	2355	2353	2353	2335	2337	2343	-12	15422	187564
2011-06-28	2343	2337	2342	2320	2321	2329	-14	14582	181362
2011-06-29	2329	2329	2335	2323	2326	2326	-3	10018	177392
2011-06-30	2326	2326	2326	2304	2308	2310	-16	25978	166568
2011-07-01	2310	2261	2288	2261	2282	2278	-32	21142	156224
2011-07-04	2278	2282	2291	2281	2289	2286	8	5034	154156
2011-07-05	2286	2289	2291	2279	2290	2284	-2	6384	152138
2011-07-06	2284	2293	2297	2286	2293	2292	8	3126	150864
2011-07-07	2292	2291	2293	2288	2288	2290	-2	4688	148408
2011-07-08	2290	2288	2295	2288	2291	2291	1	11800	148152
2011-07-11	2291	2280	2294	2280	2285	2288	-3	13760	141102
2011-07-12	2288	2284	2284	2272	2274	2277	-11	6684	138718
2011-07-13	2277	2274	2294	2274	2289	2289	12	12442	134298
2011-07-14	2289	2295	2298	2288	2288	2293	4	10518	137586
2011-07-15	2293	2280	2289	2280	2288	2286	-7	3034	135600
2011-07-18	2286	2288	2297	2281	2292	2293	7	6318	135426
2011-07-19	2293	2292	2292	2288	2291	2290	-3	3464	134018
2011-07-20	2290	2291	2296	2291	2292	2292	2	4430	133036
2011-07-21	2292	2288	2292	2288	2290	2290	-2	2496	132094
2011-07-22	2290	2288	2294	2288	2294	2291	1	6198	130748
2011-07-25	2291	2292	2298	2291	2297	2295	4	8408	127960
2011-07-26	2295	2296	2303	2296	2302	2300	5	4292	126170
2011-07-27	2300	2302	2306	2302	2303	2304	4	4960	123208
2011-07-28	2304	2303	2304	2300	2301	2301	-3	1460	122460
2011-07-29	2301	2300	2305	2186	2293	2287	-14	34900	119760
2011-08-01	2287	2290	2305	2290	2294	2295	8	12000	117500
2011-08-02	2295	2293	2307	2293	2301	2300	5	9788	116664
2011-08-03	2300	2306	2313	2305	2313	2309	9	5390	116478
2011-08-04	2309	2309	2313	2309	2313	2310	1	5890	115672
2011-08-05	2310	2306	2310	2295	2304	2301	-9	16368	109344
2011-08-08	2301	2304	2307	2291	2303	2302	1	4580	106678
2011-08-09	2302	2300	2310	2296	2306	2299	-3	7142	104802
2011-08-10	2299	2310	2311	2305	2309	2309	10	24760	97780
2011-08-11	2309	2303	2310	2303	2310	2304	-5	6022	97714
2011-08-12	2304	2312	2316	2308	2316	2312	8	6126	95122
2011-08-15	2312	2319	2319	2304	2307	2307	-5	3054	96374
2011-08-16	2307	2304	2311	2304	2309	2309	2	1884	95532
2011-08-17	2309	2306	2307	2299	2303	2302	-7	1176	94914
2011-08-18	2302	2310	2310	2291	2308	2304	2	1094	94272
2011-08-19	2304	2300	2312	2300	2308	2308	4	9274	90420
2011-08-22	2308	2308	2312	2306	2307	2308	0	5262	86788
2011-08-23	2308	2311	2312	2307	2311	2308	0	2764	83438
2011-08-24	2308	2312	2314	2310	2312	2312	4	3544	73094
2011-08-25	2312	2311	2330	2310	2325	2324	12	4542	68538
2011-08-26	2324	2330	2340	2325	2337	2332	8	1448	67662
2011-08-29	2332	2348	2350	2337	2350	2345	13	4714	65978
2011-08-30	2345	2362	2362	2347	2352	2350	5	974	65162
2011-08-31	2350	2360	2360	2345	2345	2352	2	3516	62884
2011-09-01	2352	2350	2370	2342	2370	2367	15	3508	15146
2011-09-02	2367	2370	2385	2360	2385	2380	13	1406	8724
2011-09-05	2380	2376	2376	2375	2375	2375	-5	36	8454
2011-09-06	2375	2389	2389	2388	2389	2388	13	640	660
2011-09-07	2388	2400	2450	2400	2400	2441	53	660	66
2011-09-08	2441	2410	2410	2390	2410	2409	-32	212	32
2011-09-09	2409	-	-	-	2409	2409	0	0	22
2011-09-13	2409	-	-	-	2409	2409	0	0	22
2011-09-14	2409	-	-	-	2409	2409	0	0	22
2011-09-15	2409	-	-	-	2409	2381	-28	0	0
