2011-07-15	2340	2367	2378	2366	2378	2372	32	96	76
2011-07-18	2372	2375	2396	2375	2391	2391	19	86	112
2011-07-19	2391	2390	2403	2390	2401	2399	8	166	182
2011-07-20	2399	2405	2411	2404	2404	2405	6	108	230
2011-07-21	2405	2401	2404	2397	2400	2400	-5	68	224
2011-07-22	2400	2405	2405	2398	2401	2401	1	42	232
2011-07-25	2401	2404	2404	2393	2397	2399	-2	88	238
2011-07-26	2399	2404	2407	2402	2407	2404	5	50	246
2011-07-27	2404	2410	2421	2410	2419	2417	13	116	286
2011-07-28	2417	2414	2417	2412	2412	2414	-3	40	286
2011-07-29	2414	2411	2418	2410	2410	2413	-1	98	312
2011-08-01	2413	2411	2415	2407	2410	2411	-2	48	330
2011-08-02	2411	2416	2424	2409	2412	2417	6	84	316
2011-08-03	2417	2422	2427	2418	2419	2422	5	130	370
2011-08-04	2422	2413	2420	2410	2411	2414	-8	82	336
2011-08-05	2414	2396	2408	2391	2395	2397	-17	96	328
2011-08-08	2397	2405	2410	2394	2405	2404	7	94	348
2011-08-09	2404	2385	2416	2384	2407	2401	-3	96	372
2011-08-10	2401	2407	2417	2406	2412	2410	9	70	388
2011-08-11	2410	2407	2444	2402	2441	2425	15	440	654
2011-08-12	2425	2435	2449	2435	2438	2440	15	366	786
2011-08-15	2440	2441	2448	2440	2447	2443	3	212	926
2011-08-16	2443	2448	2448	2439	2440	2442	-1	134	964
2011-08-17	2442	2442	2446	2437	2439	2440	-2	98	968
2011-08-18	2440	2439	2439	2431	2432	2434	-6	158	948
2011-08-19	2434	2426	2438	2426	2433	2432	-2	256	916
2011-08-22	2432	2444	2444	2436	2437	2439	7	104	924
2011-08-23	2439	2442	2444	2434	2439	2438	-1	140	948
2011-08-24	2438	2440	2440	2426	2426	2430	-8	192	956
2011-08-25	2430	2426	2426	2417	2419	2420	-10	344	936
2011-08-26	2420	2420	2425	2412	2415	2417	-3	238	952
2011-08-29	2417	2436	2437	2416	2425	2421	4	146	972
2011-08-30	2421	2425	2426	2418	2419	2422	1	160	1006
2011-08-31	2422	2420	2428	2420	2423	2424	2	446	1160
2011-09-01	2424	2425	2427	2421	2424	2423	-1	226	1206
2011-09-02	2423	2420	2426	2420	2422	2422	-1	192	1270
2011-09-05	2422	2427	2438	2422	2428	2428	6	1044	1956
2011-09-06	2428	2428	2435	2422	2435	2430	2	214	2006
2011-09-07	2430	2432	2434	2426	2432	2430	0	104	2024
2011-09-08	2430	2422	2431	2422	2428	2427	-3	140	2028
2011-09-09	2427	2428	2432	2426	2430	2428	1	102	2040
2011-09-13	2428	2430	2433	2426	2431	2429	1	146	2106
2011-09-14	2429	2424	2430	2410	2416	2418	-11	824	2080
2011-09-15	2418	2419	2420	2415	2420	2418	0	230	2096
2011-09-16	2418	2417	2423	2412	2421	2418	0	312	2100
2011-09-19	2418	2418	2424	2410	2412	2414	-4	1238	1600
2011-09-20	2414	2415	2422	2412	2412	2415	1	346	1330
2011-09-21	2415	2416	2416	2399	2402	2404	-11	390	1066
2011-09-22	2404	2400	2400	2371	2384	2388	-16	78	1050
2011-09-23	2388	2378	2378	2329	2330	2347	-41	182	1010
2011-09-26	2347	2334	2334	2300	2301	2317	-30	584	992
2011-09-27	2317	2321	2326	2313	2326	2320	3	372	1072
2011-09-28	2320	2314	2322	2306	2312	2312	-8	588	932
2011-09-29	2312	2272	2298	2265	2293	2287	-25	278	812
2011-09-30	2287	2313	2325	2310	2310	2317	30	44	800
2011-10-10	2317	2314	2315	2299	2299	2305	-12	20	798
2011-10-11	2305	2304	2306	2256	2256	2278	-27	88	836
2011-10-12	2278	2258	2289	2258	2274	2272	-6	58	800
2011-10-13	2272	2269	2283	2268	2277	2274	2	62	806
2011-10-14	2274	2280	2315	2280	2309	2304	30	96	786
2011-10-17	2304	2320	2324	2304	2315	2311	7	412	780
2011-10-18	2311	2302	2302	2289	2289	2292	-19	38	784
2011-10-19	2292	2298	2302	2281	2292	2290	-2	116	790
2011-10-20	2290	2270	2279	2268	2278	2274	-16	116	788
2011-10-21	2274	2292	2299	2291	2295	2293	19	60	770
2011-10-24	2293	2299	2310	2284	2306	2296	3	76	770
2011-10-25	2296	2304	2306	2298	2305	2302	6	62	756
2011-10-26	2302	2298	2309	2298	2305	2304	2	98	766
2011-10-27	2304	2300	2306	2299	2306	2301	-3	88	696
2011-10-28	2301	2310	2312	2301	2303	2306	5	46	702
2011-10-31	2306	2296	2296	2286	2286	2287	-19	58	720
2011-11-01	2287	2283	2292	2282	2288	2287	0	32	720
2011-11-02	2287	2288	2295	2283	2295	2288	1	32	714
2011-11-03	2288	2288	2290	2273	2283	2284	-4	64	702
2011-11-04	2284	2290	2292	2272	2277	2278	-6	216	602
2011-11-07	2278	2277	2277	2252	2258	2258	-20	86	588
2011-11-08	2258	2263	2275	2258	2274	2266	8	58	596
2011-11-09	2266	2281	2283	2260	2272	2272	6	852	632
2011-11-10	2272	2252	2270	2250	2268	2263	-9	90	608
2011-11-11	2263	2263	2267	2258	2267	2259	-4	82	568
2011-11-14	2259	2263	2263	2255	2257	2258	-1	34	570
2011-11-15	2258	2247	2262	2247	2260	2259	1	200	510
2011-11-16	2259	2263	2263	2255	2256	2258	-1	32	516
2011-11-17	2258	2253	2259	2253	2259	2255	-3	10	516
2011-11-18	2255	2236	2249	2236	2242	2243	-12	154	444
2011-11-21	2243	2237	2242	2209	2210	2222	-21	240	444
2011-11-22	2222	2190	2210	2190	2198	2203	-19	168	458
2011-11-23	2203	2202	2208	2182	2186	2190	-13	76	474
2011-11-24	2190	2182	2182	2165	2176	2172	-18	100	514
2011-11-25	2172	2171	2178	2170	2177	2176	4	84	516
2011-11-28	2176	2183	2198	2180	2193	2192	16	70	502
2011-11-29	2192	2196	2202	2194	2202	2196	4	28	494
2011-11-30	2196	2206	2206	2193	2193	2199	3	70	492
2011-12-01	2199	2226	2231	2215	2217	2220	21	76	480
2011-12-02	2220	2201	2206	2199	2201	2201	-19	102	500
2011-12-05	2201	2208	2209	2205	2208	2207	6	76	470
2011-12-06	2207	2208	2220	2200	2214	2212	5	814	568
2011-12-07	2212	2222	2222	2214	2217	2217	5	186	632
2011-12-08	2217	2216	2216	2204	2211	2206	-11	198	598
2011-12-09	2206	2218	2236	2218	2234	2228	22	218	482
2011-12-12	2228	2238	2243	2233	2238	2237	9	18	478
2011-12-13	2237	2234	2237	2232	2233	2234	-3	46	458
2011-12-14	2234	2237	2240	2231	2240	2234	0	132	454
2011-12-15	2234	2229	2244	2229	2244	2234	0	162	438
2011-12-16	2234	2242	2249	2238	2246	2243	9	94	428
2011-12-19	2243	2250	2256	2249	2254	2252	9	44	424
2011-12-20	2252	2250	2250	2250	2250	2250	-2	10	414
2011-12-21	2250	2247	2247	2233	2233	2240	-10	40	414
2011-12-22	2240	2238	2239	2234	2238	2236	-4	32	414
2011-12-23	2236	2241	2246	2241	2244	2243	7	50	398
2011-12-26	2243	2244	2247	2244	2244	2245	2	162	384
2011-12-27	2245	2242	2245	2242	2243	2242	-3	20	376
2011-12-28	2242	2250	2253	2246	2251	2251	9	56	378
2011-12-29	2251	2251	2260	2251	2260	2255	4	52	350
2011-12-30	2255	2264	2264	2260	2262	2261	6	28	352
2012-01-04	2261	2273	2277	2268	2272	2273	12	26	354
2012-01-05	2273	2272	2274	2267	2274	2271	-2	16	350
2012-01-06	2271	2263	2278	2263	2278	2269	-2	36	338
2012-01-09	2269	2280	2286	2280	2281	2281	12	10	340
2012-01-10	2281	2283	2298	2283	2285	2291	10	28	342
2012-01-11	2291	2286	2296	2286	2293	2291	0	130	368
2012-01-12	2291	2292	2294	2290	2294	2291	0	16	366
2012-01-13	2291	2284	2288	2281	2281	2284	-7	30	362
2012-01-16	2284	2274	2277	2272	2274	2273	-11	40	350
2012-01-17	2273	2286	2288	2283	2287	2286	13	16	350
2012-01-18	2286	2292	2292	2289	2290	2289	3	38	318
2012-01-19	2289	2285	2289	2282	2289	2284	-5	24	302
2012-01-20	2284	2289	2292	2289	2292	2291	7	30	290
2012-01-30	2291	2312	2318	2312	2318	2315	24	26	290
2012-01-31	2315	2317	2327	2317	2327	2324	9	20	296
2012-02-01	2324	2325	2329	2323	2327	2325	1	40	288
2012-02-02	2325	2326	2326	2318	2320	2320	-5	26	290
2012-02-03	2320	2330	2343	2329	2334	2334	14	84	286
2012-02-06	2334	2358	2358	2356	2356	2357	23	14	286
2012-02-07	2357	2357	2367	2356	2367	2358	1	18	278
2012-02-08	2358	2375	2382	2370	2377	2375	17	200	278
2012-02-09	2375	2378	2381	2368	2368	2371	-4	78	282
2012-02-10	2371	2363	2372	2361	2368	2366	-5	8	282
2012-02-13	2366	2369	2382	2369	2375	2376	10	28	298
2012-02-14	2376	2386	2386	2362	2362	2372	-4	24	292
2012-02-15	2372	2363	2373	2359	2361	2366	-6	64	318
2012-02-16	2366	2360	2360	2348	2352	2354	-12	44	296
2012-02-17	2354	2366	2366	2358	2358	2362	8	14	294
2012-02-20	2362	2365	2375	2365	2370	2370	8	30	298
2012-02-21	2370	2368	2376	2368	2375	2372	2	14	296
2012-02-22	2372	2368	2368	2364	2366	2366	-6	6	296
2012-02-23	2366	2368	2370	2364	2370	2366	0	36	292
2012-02-24	2366	2372	2374	2370	2373	2372	6	12	288
2012-02-27	2372	2388	2392	2387	2392	2388	16	26	268
2012-02-28	2388	2397	2407	2397	2407	2401	13	156	226
2012-02-29	2401	2406	2415	2405	2415	2409	8	30	222
2012-03-01	2409	2413	2427	2411	2412	2420	11	86	180
2012-03-02	2420	2411	2418	2409	2415	2413	-7	42	172
2012-03-05	2413	2417	2417	2408	2410	2410	-3	32	178
2012-03-06	2410	2417	2417	2405	2405	2410	0	26	192
2012-03-07	2410	2405	2415	2404	2413	2408	-2	36	198
2012-03-08	2408	2415	2417	2412	2414	2414	6	16	206
2012-03-09	2414	2417	2435	2416	2434	2423	9	72	250
2012-03-12	2423	2435	2438	2431	2438	2435	12	114	346
2012-03-19	2484	2489	2494	2474	2479	2483	-1	90	342
2012-03-20	2483	2476	2478	2470	2470	2473	-10	78	336
2012-03-21	2473	2485	2485	2471	2471	2477	4	14	340
2012-03-22	2477	2469	2470	2469	2469	2469	-8	36	304
2012-03-23	2469	2474	2474	2462	2463	2468	-1	72	296
2012-03-26	2468	2457	2460	2452	2452	2457	-11	10	294
2012-03-27	2457	2455	2456	2448	2451	2452	-5	36	268
2012-03-28	2452	2446	2464	2446	2464	2458	6	80	276
2012-03-29	2458	2460	2460	2433	2433	2446	-12	44	260
2012-03-30	2446	2435	2438	2428	2438	2434	-12	30	254
2012-04-05	2434	2449	2468	2449	2465	2462	28	58	296
2012-04-06	2462	2459	2462	2455	2457	2457	-5	44	280
2012-04-09	2457	2458	2464	2458	2461	2460	3	54	268
2012-04-10	2460	2455	2455	2447	2452	2452	-8	14	260
2012-04-11	2452	2443	2446	2433	2436	2440	-12	598	246
2012-04-12	2440	2437	2442	2433	2438	2438	-2	72	232
2012-04-13	2438	2450	2450	2431	2431	2436	-2	16	230
2012-04-16	2436	2414	2427	2414	2419	2421	-15	46	218
2012-04-17	2421	2421	2429	2420	2420	2424	3	22	214
2012-04-18	2424	2423	2432	2419	2425	2425	1	20	212
2012-04-19	2425	2426	2441	2426	2441	2437	12	48	224
2012-04-20	2437	2438	2441	2430	2430	2434	-3	106	252
2012-04-23	2434	2423	2427	2422	2426	2423	-11	38	266
2012-04-24	2423	2429	2430	2421	2421	2425	2	60	238
2012-04-25	2425	2418	2424	2409	2422	2412	-13	116	208
2012-04-26	2412	2418	2429	2418	2426	2424	12	80	192
2012-04-27	2424	2425	2437	2422	2437	2427	3	502	108
2012-05-02	2427	2434	2434	2425	2433	2429	2	56	98
2012-05-03	2429	2424	2426	2417	2420	2421	-8	22	90
2012-05-04	2421	2416	2433	2416	2432	2426	5	154	84
2012-05-07	2426	2424	2428	2415	2424	2420	-6	104	86
2012-05-08	2420	2426	2430	2426	2427	2428	8	26	86
2012-05-09	2428	2426	2426	2411	2412	2418	-10	18	76
2012-05-10	2418	2409	2416	2404	2412	2410	-8	28	76
2012-05-11	2410	2382	2404	2382	2397	2397	-13	30	74
2012-05-14	2397	2379	2404	2379	2404	2396	-1	238	192
2012-05-15	2396	2395	2430	2395	2413	2407	11	78	212
2012-05-16	2407	2407	2420	2405	2411	2410	3	34	220
2012-05-17	2410	2427	2427	2405	2406	2410	0	14	218
2012-05-18	2410	2427	2427	2422	2422	2424	14	4	218
2012-05-21	2424	2455	2460	2427	2427	2447	23	30	218
2012-05-22	2447	2427	2433	2421	2433	2426	-21	84	182
2012-05-23	2426	2406	2423	2406	2419	2419	-7	46	184
2012-05-24	2419	2433	2433	2421	2423	2428	9	74	182
2012-05-25	2428	2410	2415	2391	2391	2398	-30	112	192
2012-05-28	2398	2399	2418	2393	2406	2404	6	74	184
2012-05-29	2404	2413	2416	2399	2409	2407	3	42	186
2012-05-30	2407	2381	2410	2381	2400	2400	-7	24	182
2012-05-31	2400	2416	2416	2400	2401	2403	3	20	186
2012-06-01	2403	2392	2413	2392	2403	2403	0	54	188
2012-06-04	2403	2408	2408	2398	2398	2400	-3	28	190
2012-06-05	2400	2423	2454	2403	2418	2431	31	76	188
2012-06-06	2431	2405	2432	2405	2412	2418	-13	20	190
2012-06-07	2418	2412	2412	2401	2401	2408	-10	38	196
2012-06-08	2408	2385	2431	2385	2409	2405	-3	22	190
2012-06-11	2405	2387	2403	2387	2397	2397	-8	68	194
2012-06-12	2397	2393	2401	2393	2401	2398	1	12	190
2012-06-13	2398	2416	2416	2393	2393	2407	9	36	200
2012-06-14	2407	2413	2413	2396	2397	2399	-8	14	198
2012-06-15	2399	2398	2398	2398	2398	2398	-1	2	196
2012-06-18	2398	2419	2419	2419	2419	2419	21	2	194
2012-06-19	2419	2401	2407	2380	2407	2397	-22	18	190
2012-06-20	2397	2398	2409	2398	2409	2401	4	6	190
2012-06-21	2401	2409	2449	2400	2414	2406	5	56	176
2012-06-25	2406	2416	2420	2415	2415	2417	11	10	170
2012-06-26	2417	2415	2420	2366	2386	2399	-18	20	168
2012-06-27	2399	2400	2423	2363	2363	2401	2	10	164
2012-06-28	2401	-	-	-	2401	2401	0	0	164
2012-06-29	2401	2350	2350	2305	2305	2321	-80	16	164
2012-07-02	2321	2182	2182	2182	2182	2182	-139	4	164
2012-07-03	2182	-	-	-	2182	2182	0	0	0
2012-07-04	2182	-	-	-	2182	2182	0	0	0
2012-07-05	2182	-	-	-	2182	2182	0	0	0
2012-07-06	2182	-	-	-	2182	2182	0	0	0
2012-07-09	2182	-	-	-	2182	2182	0	0	0
2012-07-10	2182	-	-	-	2182	2182	0	0	0
2012-07-11	2182	-	-	-	2182	2182	0	0	0
2012-07-12	2182	-	-	-	2182	2182	0	0	0
2012-07-13	2182	-	-	-	2182	2182	0	0	0
