2011-03-15	2409	2375	2397	2375	2397	2386	-23	42	26
2011-03-16	2386	2368	2380	2368	2378	2375	-11	18	30
2011-03-17	2375	2377	2394	2375	2391	2386	11	20	30
2011-03-18	2386	2407	2407	2387	2388	2394	8	44	58
2011-03-21	2394	2391	2401	2391	2394	2396	2	30	64
2011-03-22	2396	2393	2393	2385	2385	2389	-7	12	74
2011-03-23	2389	2395	2422	2395	2421	2410	21	84	64
2011-03-24	2410	2413	2418	2403	2403	2410	0	32	64
2011-03-25	2410	2417	2437	2417	2425	2423	13	46	80
2011-03-28	2423	2409	2424	2405	2410	2411	-12	54	92
2011-03-29	2411	2395	2408	2395	2407	2402	-9	90	72
2011-03-30	2402	2408	2418	2408	2410	2410	8	26	70
2011-03-31	2410	2400	2405	2396	2396	2398	-12	22	58
2011-04-01	2398	2410	2424	2405	2410	2415	17	64	70
2011-04-06	2415	2410	2424	2410	2420	2418	3	74	96
2011-04-07	2418	2407	2418	2406	2418	2410	-8	10	100
2011-04-08	2410	2407	2430	2407	2425	2424	14	106	120
2011-04-11	2424	2436	2462	2427	2460	2456	32	380	294
2011-04-12	2456	2455	2457	2434	2435	2447	-9	274	258
2011-04-13	2447	2447	2447	2426	2437	2436	-11	180	242
2011-04-14	2436	2436	2448	2428	2428	2437	1	146	278
2011-04-15	2437	2437	2443	2429	2429	2431	-6	116	314
2011-04-18	2431	2426	2441	2421	2435	2430	-1	236	260
2011-04-19	2430	2435	2440	2428	2430	2431	1	64	282
2011-04-20	2431	2439	2439	2432	2436	2435	4	68	284
2011-04-21	2435	2439	2443	2424	2425	2430	-5	176	336
2011-04-22	2430	2428	2430	2422	2429	2425	-5	148	340
2011-04-25	2425	2429	2430	2425	2430	2428	3	70	364
2011-04-26	2428	2424	2439	2424	2430	2431	3	80	382
2011-04-27	2431	2431	2433	2421	2422	2426	-5	148	384
2011-04-28	2426	2424	2429	2416	2421	2421	-5	104	386
2011-04-29	2421	2415	2415	2375	2380	2394	-27	334	424
2011-05-03	2394	2378	2394	2378	2393	2390	-4	158	432
2011-05-04	2390	2385	2393	2385	2387	2389	-1	52	432
2011-05-05	2389	2388	2395	2385	2395	2391	2	88	452
2011-05-06	2391	2370	2393	2370	2381	2385	-6	190	464
2011-05-09	2385	2398	2405	2391	2395	2395	10	390	540
2011-05-10	2395	2394	2409	2393	2402	2403	8	234	596
2011-05-11	2403	2404	2409	2399	2399	2403	0	200	606
2011-05-12	2403	2391	2398	2381	2389	2391	-12	206	598
2011-05-13	2391	2402	2403	2388	2400	2398	7	166	588
2011-05-16	2398	2399	2400	2395	2399	2398	0	88	586
2011-05-17	2398	2410	2410	2392	2395	2397	-1	152	552
2011-05-18	2397	2395	2403	2395	2397	2399	2	54	542
2011-05-19	2399	2405	2407	2402	2406	2405	6	88	530
2011-05-20	2405	2401	2406	2401	2405	2403	-2	14	528
2011-05-23	2403	2418	2420	2408	2416	2416	13	74	568
2011-05-24	2416	2416	2418	2406	2416	2414	-2	56	574
2011-05-25	2414	2416	2420	2416	2418	2418	4	52	548
2011-05-26	2418	2419	2428	2419	2428	2427	9	92	564
2011-05-27	2427	2426	2428	2424	2426	2426	-1	46	538
2011-05-30	2426	2430	2442	2426	2440	2436	10	124	534
2011-05-31	2436	2432	2432	2426	2427	2427	-9	22	534
2011-06-01	2427	2425	2430	2425	2425	2426	-1	22	536
2011-06-02	2426	2425	2428	2425	2428	2426	0	6	534
2011-06-03	2426	2437	2437	2427	2433	2432	6	62	510
2011-06-07	2432	2433	2433	2422	2422	2424	-8	24	518
2011-06-08	2424	2427	2427	2423	2426	2425	1	8	516
2011-06-09	2425	2427	2428	2426	2426	2427	2	18	502
2011-06-10	2427	2427	2434	2427	2427	2429	2	32	502
2011-06-13	2429	2426	2435	2426	2429	2432	3	20	500
2011-06-14	2432	2424	2428	2424	2428	2426	-6	4	504
2011-06-15	2426	2427	2428	2422	2422	2425	-1	12	502
2011-06-16	2425	2422	2422	2407	2410	2415	-10	54	496
2011-06-17	2415	2411	2412	2400	2400	2407	-8	118	472
2011-06-20	2407	2398	2405	2398	2398	2399	-8	42	472
2011-06-21	2399	2405	2414	2405	2414	2409	10	64	466
2011-06-22	2409	2414	2414	2401	2409	2406	-3	32	470
2011-06-23	2406	2391	2391	2381	2384	2385	-21	408	472
2011-06-24	2385	2388	2394	2385	2391	2390	5	30	464
2011-06-27	2390	2383	2383	2356	2356	2368	-22	108	462
2011-06-28	2368	2366	2367	2331	2336	2344	-24	98	470
2011-06-29	2344	2354	2355	2348	2352	2352	8	46	460
2011-06-30	2352	2349	2349	2320	2324	2332	-20	232	538
2011-07-01	2332	2295	2295	2260	2288	2284	-48	164	540
2011-07-04	2284	2286	2298	2285	2293	2290	6	64	538
2011-07-05	2290	2312	2312	2282	2291	2291	1	62	534
2011-07-06	2291	2289	2304	2289	2301	2297	6	24	528
2011-07-07	2297	2297	2300	2296	2296	2297	0	36	540
2011-07-08	2297	2305	2308	2304	2304	2305	8	24	538
2011-07-11	2305	2307	2307	2297	2305	2302	-3	22	534
2011-07-12	2302	2291	2291	2281	2285	2283	-19	20	526
2011-07-13	2283	2304	2313	2303	2313	2309	26	54	522
2011-07-14	2309	2329	2339	2319	2332	2330	21	46	506
2011-07-15	2330	2323	2323	2313	2317	2316	-14	18	502
2011-07-18	2316	2330	2335	2330	2335	2332	16	10	498
2011-07-19	2332	2329	2333	2329	2333	2332	0	12	490
2011-07-20	2332	2345	2345	2332	2336	2337	5	12	490
2011-07-21	2337	2331	2331	2331	2331	2331	-6	2	490
2011-07-22	2331	2331	2331	2331	2331	2331	0	2	490
2011-07-25	2331	2330	2330	2318	2318	2323	-8	14	492
2011-07-26	2323	2328	2334	2328	2329	2330	7	6	494
2011-07-27	2330	2345	2350	2345	2348	2348	18	14	484
2011-07-28	2348	2343	2346	2338	2346	2343	-5	10	482
2011-07-29	2343	2343	2343	2342	2342	2342	-1	14	480
2011-08-01	2342	2341	2341	2341	2341	2341	-1	2	480
2011-08-02	2341	2342	2342	2342	2342	2342	1	2	480
2011-08-03	2342	2350	2352	2346	2351	2349	7	14	478
2011-08-04	2349	2343	2349	2338	2343	2343	-6	22	474
2011-08-05	2343	2317	2331	2317	2326	2325	-18	10	474
2011-08-08	2325	2322	2334	2322	2334	2329	4	20	480
2011-08-09	2329	2305	2359	2305	2331	2326	-3	70	488
2011-08-10	2326	2328	2333	2325	2327	2328	2	38	476
2011-08-11	2328	2330	2357	2330	2356	2347	19	28	468
2011-08-12	2347	2352	2364	2344	2351	2353	6	56	464
2011-08-15	2353	2352	2376	2349	2358	2356	3	52	460
2011-08-16	2356	2358	2358	2350	2350	2352	-4	26	454
2011-08-17	2352	2359	2362	2349	2349	2354	2	20	448
2011-08-18	2354	2349	2350	2345	2348	2346	-8	30	468
2011-08-19	2346	2323	2340	2323	2340	2334	-12	8	468
2011-08-22	2334	2340	2348	2340	2342	2343	9	6	468
2011-08-23	2343	2343	2343	2333	2337	2339	-4	26	464
2011-08-24	2339	2327	2332	2325	2325	2326	-13	20	478
2011-08-25	2326	2324	2324	2321	2321	2322	-4	24	490
2011-08-26	2322	2329	2329	2324	2325	2326	4	18	482
2011-08-29	2326	2337	2349	2330	2349	2339	13	42	504
2011-08-30	2339	2347	2349	2339	2339	2344	5	30	488
2011-08-31	2344	2349	2350	2344	2348	2346	2	78	454
2011-09-01	2346	2348	2349	2345	2349	2348	2	38	462
2011-09-02	2348	2349	2354	2347	2347	2349	1	62	458
2011-09-05	2349	2350	2356	2349	2349	2352	3	42	450
2011-09-06	2352	2349	2353	2348	2350	2350	-2	34	464
2011-09-07	2350	2352	2354	2349	2351	2351	1	38	456
2011-09-08	2351	2348	2349	2346	2349	2347	-4	22	454
2011-09-09	2347	2350	2350	2348	2348	2349	2	22	456
2011-09-13	2349	2352	2354	2349	2353	2351	2	32	448
2011-09-14	2351	2348	2349	2336	2338	2342	-9	26	456
2011-09-15	2342	2340	2344	2340	2342	2342	0	14	456
2011-09-16	2342	2334	2345	2334	2343	2338	-4	48	456
2011-09-19	2338	2340	2345	2338	2338	2340	2	108	458
2011-09-20	2340	2344	2344	2338	2343	2341	1	34	452
2011-09-21	2341	2341	2341	2332	2337	2336	-5	40	466
2011-09-22	2336	2330	2334	2325	2325	2327	-9	54	478
2011-09-23	2327	2321	2321	2272	2280	2289	-38	88	484
2011-09-26	2289	2261	2277	2250	2250	2259	-30	112	474
2011-09-27	2259	2284	2284	2266	2269	2272	13	190	452
2011-09-28	2272	2246	2264	2246	2256	2257	-15	58	446
2011-09-29	2257	2188	2239	2188	2233	2233	-24	108	450
2011-09-30	2233	2252	2261	2252	2259	2257	24	34	452
2011-10-10	2257	2260	2260	2239	2256	2255	-2	48	476
2011-10-11	2255	2260	2271	2168	2200	2208	-47	1178	1238
2011-10-12	2208	2230	2230	2198	2225	2216	8	486	1116
2011-10-13	2216	2222	2266	2217	2227	2243	27	956	886
2011-10-14	2243	2235	2264	2225	2261	2247	4	230	868
2011-10-17	2247	2258	2262	2250	2252	2257	10	46	868
2011-10-18	2257	2244	2248	2219	2219	2230	-27	198	968
2011-10-19	2230	2247	2263	2229	2241	2244	14	590	934
2011-10-20	2244	2240	2240	2212	2226	2218	-26	286	1084
2011-10-21	2218	2245	2246	2234	2242	2240	22	260	978
2011-10-24	2240	2245	2256	2230	2252	2241	1	246	1068
2011-10-25	2241	2248	2254	2244	2254	2249	8	40	1068
2011-10-26	2249	2244	2257	2242	2251	2249	0	104	1028
2011-10-27	2249	2247	2252	2246	2252	2249	0	24	1030
2011-10-28	2249	2257	2260	2250	2250	2252	3	48	1000
2011-10-31	2252	2247	2247	2230	2230	2239	-13	50	1014
2011-11-01	2239	2230	2239	2230	2231	2235	-4	56	994
2011-11-02	2235	2235	2236	2230	2235	2232	-3	38	986
2011-11-03	2232	2235	2235	2212	2223	2222	-10	252	976
2011-11-04	2222	2229	2229	2218	2222	2220	-2	82	998
2011-11-07	2220	2214	2215	2197	2200	2205	-15	28	998
2011-11-08	2205	2204	2214	2197	2197	2204	-1	344	960
2011-11-09	2204	2208	2208	2198	2202	2202	-2	176	960
2011-11-10	2202	2190	2200	2178	2194	2186	-16	124	960
2011-11-11	2186	2195	2195	2176	2185	2183	-3	102	960
2011-11-14	2183	2185	2185	2175	2181	2181	-2	128	958
2011-11-15	2181	2164	2175	2164	2171	2167	-14	526	974
2011-11-16	2167	2174	2174	2169	2172	2171	4	274	984
2011-11-17	2171	2162	2175	2162	2172	2171	0	88	970
2011-11-18	2171	2167	2171	2161	2163	2166	-5	112	956
2011-11-21	2166	2163	2164	2143	2150	2153	-13	222	990
2011-11-22	2153	2135	2144	2131	2138	2136	-17	136	1000
2011-11-23	2136	2144	2144	2133	2138	2138	2	98	1000
2011-11-24	2138	2136	2136	2127	2132	2131	-7	116	1016
2011-11-25	2131	2132	2138	2124	2134	2129	-2	124	1034
2011-11-28	2129	2144	2145	2135	2142	2141	12	156	996
2011-11-29	2141	2136	2144	2136	2143	2142	1	50	988
2011-11-30	2142	2140	2144	2137	2137	2140	-2	48	988
2011-12-01	2140	2152	2164	2150	2153	2154	14	168	986
2011-12-02	2154	2140	2149	2140	2142	2144	-10	22	982
2011-12-05	2144	2145	2160	2144	2159	2154	10	170	988
2011-12-06	2154	2144	2163	2144	2163	2156	2	54	990
2011-12-07	2156	2159	2165	2158	2162	2161	5	68	980
2011-12-08	2161	2155	2159	2151	2156	2155	-6	38	982
2011-12-09	2155	2165	2191	2163	2191	2179	24	228	942
2011-12-12	2179	2191	2193	2186	2186	2190	11	52	928
2011-12-13	2190	2185	2195	2179	2189	2187	-3	80	916
2011-12-14	2187	2191	2206	2188	2206	2200	13	40	928
2011-12-15	2200	2207	2230	2207	2228	2216	16	132	920
2011-12-16	2216	2225	2238	2225	2235	2231	15	170	920
2011-12-19	2231	2242	2242	2230	2233	2234	3	96	912
2011-12-20	2234	2233	2233	2230	2232	2230	-4	44	920
2011-12-21	2230	2235	2235	2221	2221	2225	-5	46	912
2011-12-22	2225	2225	2227	2225	2227	2226	1	12	908
2011-12-23	2226	2224	2235	2224	2227	2230	4	42	912
2011-12-26	2230	2232	2240	2229	2240	2235	5	58	912
2011-12-27	2235	2236	2236	2232	2232	2233	-2	14	910
2011-12-28	2233	2255	2255	2232	2235	2236	3	106	906
2011-12-29	2236	2236	2238	2234	2238	2236	0	46	904
2011-12-30	2236	2245	2245	2236	2238	2237	1	84	894
2012-01-04	2237	2240	2248	2238	2242	2242	5	42	890
2012-01-05	2242	2238	2252	2238	2248	2246	4	120	900
2012-01-06	2246	2245	2258	2245	2258	2250	4	54	908
2012-01-09	2250	2268	2268	2256	2265	2263	13	208	900
2012-01-10	2263	2266	2274	2266	2268	2268	5	58	898
2012-01-11	2268	2270	2272	2256	2264	2266	-2	46	906
2012-01-12	2266	2263	2296	2263	2279	2273	7	160	924
2012-01-13	2273	2259	2269	2259	2266	2265	-8	174	916
2012-01-16	2265	2260	2267	2260	2265	2263	-2	92	926
2012-01-17	2263	2266	2272	2264	2266	2267	4	82	918
2012-01-18	2267	2266	2268	2265	2266	2265	-2	226	922
2012-01-19	2265	2265	2269	2261	2265	2264	-1	230	912
2012-01-20	2264	2265	2274	2265	2273	2270	6	24	908
2012-01-30	2270	2366	2366	2266	2301	2289	19	98	898
2012-01-31	2289	2299	2305	2299	2305	2301	12	30	886
2012-02-01	2301	2302	2319	2300	2313	2309	8	52	882
2012-02-02	2309	2314	2314	2309	2310	2310	1	32	884
2012-02-03	2310	2315	2320	2315	2320	2317	7	38	884
2012-02-06	2317	2320	2342	2320	2339	2333	16	38	874
2012-02-07	2333	2325	2345	2325	2345	2340	7	32	864
2012-02-08	2340	2350	2364	2341	2363	2359	19	834	90
2012-02-09	2359	2358	2358	2358	2358	2358	-1	6	90
2012-02-10	2358	2358	2358	2355	2356	2356	-2	12	80
2012-02-13	2356	2359	2376	2359	2374	2369	13	16	76
2012-02-14	2369	2377	2469	2364	2368	2378	9	106	54
2012-02-15	2378	2367	2367	2335	2335	2356	-22	12	46
2012-02-16	2356	2335	2344	2333	2339	2336	-20	10	42
2012-02-17	2336	2337	2359	2337	2359	2347	11	6	42
2012-02-20	2347	2368	2368	2346	2356	2356	9	22	42
2012-02-21	2356	2345	2345	2322	2334	2329	-27	16	38
2012-02-22	2329	2330	2350	2324	2329	2333	4	20	22
2012-02-23	2333	2364	2364	2364	2364	2364	31	2	24
2012-02-24	2364	2364	2364	2330	2343	2347	-17	26	22
2012-02-27	2347	2311	2384	2237	2326	2333	-14	64	12
2012-02-28	2333	2350	2350	2318	2327	2328	-5	18	6
2012-02-29	2328	2300	2300	2300	2300	2300	-28	6	0
2012-03-01	2300	-	-	-	2300	2300	0	0	0
2012-03-02	2300	-	-	-	2300	2300	0	0	0
2012-03-05	2300	-	-	-	2300	2300	0	0	0
2012-03-06	2300	-	-	-	2300	2300	0	0	0
2012-03-07	2300	-	-	-	2300	2300	0	0	0
2012-03-08	2300	-	-	-	2300	2300	0	0	0
2012-03-09	2300	-	-	-	2300	2300	0	0	0
2012-03-12	2300	-	-	-	2300	2300	0	0	0
