2011-05-17	2384	2420	2437	2408	2411	2415	31	23436	20408
2011-05-18	2415	2416	2426	2413	2414	2420	5	15344	33028
2011-05-19	2420	2425	2437	2425	2434	2433	13	24666	52952
2011-05-20	2433	2433	2439	2433	2437	2436	3	7108	57260
2011-05-23	2436	2440	2460	2440	2453	2452	16	31974	82240
2011-05-24	2452	2451	2458	2449	2454	2452	0	10608	86564
2011-05-25	2452	2448	2456	2447	2453	2452	0	7524	88942
2011-05-26	2452	2458	2470	2455	2469	2465	13	22840	99006
2011-05-27	2465	2471	2471	2462	2467	2465	0	5776	101322
2011-05-30	2465	2470	2479	2468	2473	2473	8	15948	106900
2011-05-31	2473	2473	2473	2461	2461	2465	-8	8400	107086
2011-06-01	2465	2461	2465	2456	2456	2460	-5	9224	108886
2011-06-02	2460	2459	2464	2456	2460	2458	-2	7788	111012
2011-06-03	2458	2465	2475	2465	2471	2469	11	9510	113960
2011-06-07	2469	2466	2466	2450	2454	2454	-15	15744	119146
2011-06-08	2454	2455	2458	2452	2453	2455	1	7560	118866
2011-06-09	2455	2465	2465	2455	2460	2459	4	27106	118864
2011-06-10	2459	2465	2467	2456	2459	2461	2	12242	120518
2011-06-13	2461	2459	2469	2456	2463	2464	3	10730	118516
2011-06-14	2464	2460	2463	2456	2458	2458	-6	5270	119162
2011-06-15	2458	2451	2458	2451	2456	2455	-3	7604	119542
2011-06-16	2455	2450	2452	2435	2437	2445	-10	27086	116964
2011-06-17	2445	2435	2435	2419	2420	2426	-19	32304	116708
2011-06-20	2426	2420	2424	2414	2416	2418	-8	26734	125708
2011-06-21	2418	2420	2426	2420	2424	2422	4	14964	130006
2011-06-22	2422	2427	2428	2414	2416	2419	-3	16438	137210
2011-06-23	2419	2405	2405	2381	2386	2391	-28	69896	171772
2011-06-24	2391	2386	2401	2386	2397	2394	3	23518	176438
2011-06-27	2394	2386	2389	2360	2364	2374	-20	35444	189552
2011-06-28	2374	2368	2371	2338	2341	2348	-26	47416	199366
2011-06-29	2348	2356	2360	2351	2356	2356	8	31808	199518
2011-06-30	2356	2357	2357	2335	2346	2343	-13	52810	215796
2011-07-01	2343	2305	2312	2295	2305	2303	-40	48944	220086
2011-07-04	2303	2313	2318	2304	2314	2311	8	54326	219828
2011-07-05	2311	2315	2320	2302	2315	2311	0	51346	228392
2011-07-06	2311	2317	2330	2313	2327	2322	11	38808	226824
2011-07-07	2322	2322	2329	2321	2327	2326	4	17424	228232
2011-07-08	2326	2334	2343	2332	2339	2339	13	31182	222738
2011-07-11	2339	2339	2342	2329	2329	2334	-5	25008	229554
2011-07-12	2334	2328	2329	2309	2319	2314	-20	34978	227510
2011-07-13	2314	2330	2350	2330	2348	2341	27	41358	227094
2011-07-14	2341	2359	2373	2355	2365	2364	23	75846	217314
2011-07-15	2364	2362	2371	2358	2370	2367	3	50482	216604
2011-07-18	2367	2362	2385	2362	2376	2380	13	84074	227520
2011-07-19	2380	2375	2383	2375	2382	2379	-1	34882	222808
2011-07-20	2379	2385	2389	2375	2378	2380	1	47170	226640
2011-07-21	2380	2375	2376	2366	2369	2370	-10	46424	232540
2011-07-22	2370	2373	2378	2368	2377	2373	3	31246	229162
2011-07-25	2373	2373	2374	2356	2364	2364	-9	54248	241148
2011-07-26	2364	2364	2382	2363	2381	2374	10	47580	240752
2011-07-27	2374	2385	2400	2385	2397	2394	20	70548	232786
2011-07-28	2394	2395	2397	2385	2391	2390	-4	41484	231188
2011-07-29	2390	2392	2398	2383	2383	2391	1	47124	229448
2011-08-01	2391	2389	2392	2384	2391	2387	-4	32228	234658
2011-08-02	2387	2396	2399	2384	2386	2390	3	50252	245060
2011-08-03	2390	2397	2406	2395	2397	2400	10	84842	253138
2011-08-04	2400	2395	2399	2384	2386	2389	-11	80904	252486
2011-08-05	2389	2371	2379	2350	2373	2368	-21	131902	248962
2011-08-08	2368	2371	2393	2367	2387	2381	13	112110	247668
2011-08-09	2381	2363	2402	2353	2391	2379	-2	329622	285268
2011-08-10	2379	2398	2402	2382	2388	2389	10	142980	283586
2011-08-11	2389	2379	2419	2376	2413	2400	11	289852	292004
2011-08-12	2400	2426	2429	2406	2409	2413	13	127256	291952
2011-08-15	2413	2415	2422	2410	2419	2416	3	142748	276782
2011-08-16	2416	2423	2423	2406	2406	2414	-2	84886	260910
2011-08-17	2414	2406	2412	2404	2405	2408	-6	57852	262226
2011-08-18	2408	2408	2409	2390	2393	2397	-11	118198	263924
2011-08-19	2397	2388	2399	2382	2389	2389	-8	117404	242610
2011-08-22	2389	2397	2404	2392	2392	2399	10	76208	243046
2011-08-23	2399	2399	2403	2385	2394	2393	-6	94258	257796
2011-08-24	2393	2397	2397	2375	2380	2381	-12	135546	274774
2011-08-25	2381	2379	2382	2368	2370	2372	-9	122952	282028
2011-08-26	2372	2374	2376	2369	2371	2372	0	79560	279598
2011-08-29	2372	2383	2392	2373	2391	2382	10	161818	278088
2011-08-30	2382	2385	2397	2385	2390	2391	9	110734	278800
2011-08-31	2391	2393	2403	2390	2396	2397	6	105048	292386
2011-09-01	2397	2398	2401	2391	2395	2396	-1	83868	287016
2011-09-02	2396	2387	2402	2386	2397	2396	0	109828	298088
2011-09-05	2396	2401	2413	2399	2405	2405	9	148392	286364
2011-09-06	2405	2405	2411	2398	2406	2404	-1	128776	286054
2011-09-07	2404	2408	2410	2401	2406	2404	0	63950	286538
2011-09-08	2404	2405	2406	2398	2403	2401	-3	75212	288044
2011-09-09	2401	2405	2408	2400	2404	2403	2	56678	288954
2011-09-13	2403	2405	2409	2395	2402	2402	-1	86828	275326
2011-09-14	2402	2398	2399	2381	2383	2389	-13	176564	282390
2011-09-15	2389	2383	2390	2383	2385	2386	-3	57700	280322
2011-09-16	2386	2380	2389	2378	2386	2383	-3	106680	264596
2011-09-19	2383	2382	2384	2373	2375	2378	-5	143076	249860
2011-09-20	2378	2379	2390	2379	2386	2386	8	74616	240936
2011-09-21	2386	2384	2385	2369	2378	2375	-11	103292	228430
2011-09-22	2375	2359	2367	2358	2360	2362	-13	102996	225190
2011-09-23	2362	2345	2348	2297	2302	2318	-44	287198	238662
2011-09-26	2318	2300	2302	2263	2264	2280	-38	274190	250508
2011-09-27	2280	2290	2307	2287	2302	2299	19	150634	233206
2011-09-28	2299	2298	2299	2276	2282	2287	-12	120166	237992
2011-09-29	2287	2230	2267	2202	2260	2249	-38	147092	226022
2011-09-30	2249	2268	2298	2264	2285	2284	35	118154	209706
2011-10-10	2284	2275	2275	2260	2266	2267	-17	66994	214942
2011-10-11	2267	2270	2274	2211	2214	2236	-31	245720	282696
2011-10-12	2236	2239	2251	2221	2239	2236	0	345078	295848
2011-10-13	2236	2231	2244	2224	2235	2232	-4	188264	301442
2011-10-14	2232	2235	2280	2235	2279	2263	31	342078	261380
2011-10-17	2263	2280	2292	2265	2273	2277	14	209704	231794
2011-10-18	2277	2264	2268	2247	2251	2254	-23	165438	231720
2011-10-19	2254	2260	2271	2242	2258	2253	-1	215996	250768
2011-10-20	2253	2240	2241	2222	2235	2231	-22	270196	287728
2011-10-21	2231	2245	2258	2245	2253	2251	20	142122	273818
2011-10-24	2251	2250	2267	2235	2259	2251	0	248632	265016
2011-10-25	2251	2259	2266	2252	2259	2259	8	135182	265596
2011-10-26	2259	2255	2268	2249	2259	2259	0	148290	262020
2011-10-27	2259	2251	2265	2251	2263	2259	0	104562	254054
2011-10-28	2259	2276	2277	2261	2262	2267	8	95234	248876
2011-10-31	2267	2258	2260	2235	2242	2245	-22	140706	264432
2011-11-01	2245	2243	2253	2239	2240	2244	-1	107616	261572
2011-11-02	2244	2245	2252	2238	2251	2243	-1	93860	252644
2011-11-03	2243	2240	2249	2225	2240	2236	-7	237082	267430
2011-11-04	2236	2248	2250	2228	2232	2236	0	162816	288638
2011-11-07	2236	2228	2230	2205	2216	2214	-22	209824	334646
2011-11-08	2214	2216	2235	2213	2228	2224	10	204168	300836
2011-11-09	2224	2233	2236	2225	2231	2230	6	94532	298084
2011-11-10	2230	2219	2232	2207	2227	2222	-8	245518	316080
2011-11-11	2222	2225	2231	2214	2224	2222	0	148148	324930
2011-11-14	2222	2227	2228	2214	2216	2220	-2	137964	338200
2011-11-15	2220	2207	2219	2196	2217	2209	-11	158432	353428
2011-11-16	2209	2224	2224	2209	2210	2213	4	86962	357694
2011-11-17	2213	2210	2217	2205	2213	2212	-1	69996	351404
2011-11-18	2212	2193	2208	2193	2203	2202	-10	95174	360436
2011-11-21	2202	2202	2204	2170	2175	2183	-19	229438	412360
2011-11-22	2183	2165	2174	2158	2165	2165	-18	185278	404972
2011-11-23	2165	2169	2179	2152	2159	2166	1	174768	396416
2011-11-24	2166	2155	2162	2148	2161	2155	-11	124454	370542
2011-11-25	2155	2175	2175	2149	2159	2156	1	101730	382112
2011-11-28	2156	2170	2184	2162	2180	2174	18	171484	384660
2011-11-29	2174	2180	2185	2174	2183	2180	6	101194	377560
2011-11-30	2180	2183	2189	2174	2178	2178	-2	65920	381762
2011-12-01	2178	2190	2208	2190	2190	2197	19	109868	372278
2011-12-02	2197	2187	2187	2178	2182	2182	-15	79288	379654
2011-12-05	2182	2186	2195	2182	2195	2190	8	88876	385320
2011-12-06	2190	2190	2197	2186	2195	2190	0	63634	385082
2011-12-07	2190	2200	2202	2190	2195	2195	5	57732	379016
2011-12-08	2195	2195	2199	2188	2193	2192	-3	71858	381462
2011-12-09	2192	2195	2228	2193	2228	2217	25	240986	360504
2011-12-12	2217	2230	2237	2225	2231	2231	14	96312	345572
2011-12-13	2231	2230	2234	2226	2228	2228	-3	51248	337724
2011-12-14	2228	2230	2243	2228	2243	2234	6	68842	331116
2011-12-15	2234	2230	2245	2230	2244	2239	5	87472	322398
2011-12-16	2239	2238	2248	2238	2244	2242	3	49472	318740
2011-12-19	2242	2247	2253	2240	2242	2246	4	49654	311022
2011-12-20	2246	2245	2246	2237	2244	2241	-5	55634	299496
2011-12-21	2241	2247	2248	2230	2234	2236	-5	54984	285554
2011-12-22	2236	2237	2240	2232	2237	2236	0	21072	281056
2011-12-23	2236	2236	2242	2236	2240	2239	3	19784	278282
2011-12-26	2239	2240	2247	2240	2244	2244	5	17832	272742
2011-12-27	2244	2245	2246	2241	2242	2242	-2	11852	268520
2011-12-28	2242	2247	2252	2244	2252	2248	6	34466	244148
2011-12-29	2248	2250	2255	2246	2254	2251	3	30778	227484
2011-12-30	2251	2260	2260	2252	2260	2256	5	16428	220680
2012-01-04	2256	2265	2274	2259	2270	2269	13	32906	204784
2012-01-05	2269	2270	2272	2265	2269	2268	-1	11894	200396
2012-01-06	2268	2265	2278	2262	2276	2269	1	13228	199494
2012-01-09	2269	2273	2281	2270	2276	2276	7	14866	194516
2012-01-10	2276	2281	2295	2276	2284	2285	9	19030	191838
2012-01-11	2285	2282	2291	2280	2285	2285	0	9858	191566
2012-01-12	2285	2284	2296	2282	2292	2289	4	10334	194376
2012-01-13	2289	2281	2287	2275	2278	2280	-9	34130	199604
2012-01-16	2280	2277	2277	2269	2270	2271	-9	14268	198520
2012-01-17	2271	2275	2286	2272	2283	2279	8	11518	195640
2012-01-18	2279	2281	2284	2279	2282	2281	2	6732	192338
2012-01-19	2281	2281	2286	2274	2286	2280	-1	15386	186762
2012-01-20	2280	2288	2295	2286	2293	2292	12	11394	180806
2012-01-30	2292	2294	2314	2294	2312	2306	14	14402	172912
2012-01-31	2306	2303	2324	2303	2323	2317	11	12510	169180
2012-02-01	2317	2324	2325	2315	2317	2318	1	11902	165500
2012-02-02	2318	2317	2319	2311	2313	2314	-4	16088	159808
2012-02-03	2314	2315	2332	2315	2328	2327	13	20424	156626
2012-02-06	2327	2349	2350	2336	2347	2346	19	19084	150416
2012-02-07	2346	2349	2362	2347	2356	2353	7	24246	142346
2012-02-08	2353	2357	2376	2357	2373	2368	15	18540	141562
2012-02-09	2368	2372	2373	2360	2364	2366	-2	17588	135114
2012-02-10	2366	2363	2367	2355	2366	2361	-5	20756	132016
2012-02-13	2361	2365	2381	2365	2374	2374	13	25296	139432
2012-02-14	2374	2379	2383	2360	2361	2369	-5	14324	142766
2012-02-15	2369	2365	2369	2356	2357	2362	-7	12292	147956
2012-02-16	2362	2352	2363	2352	2358	2355	-7	19002	150076
2012-02-17	2355	2361	2366	2359	2361	2362	7	8976	150220
2012-02-20	2362	2366	2378	2366	2378	2372	10	13334	148888
2012-02-21	2372	2379	2379	2369	2374	2373	1	8052	147078
2012-02-22	2373	2370	2372	2367	2368	2369	-4	9744	150294
2012-02-23	2369	2371	2374	2367	2371	2369	0	4720	149020
2012-02-24	2369	2371	2375	2370	2372	2372	3	10108	144384
2012-02-27	2372	2373	2392	2373	2391	2386	14	14576	140536
2012-02-28	2386	2391	2410	2391	2409	2404	18	14374	142428
2012-02-29	2404	2415	2423	2408	2421	2413	9	15796	134940
2012-03-01	2413	2418	2428	2412	2417	2419	6	15456	133884
2012-03-02	2419	2421	2425	2416	2418	2418	-1	12754	131580
2012-03-05	2418	2419	2422	2415	2418	2417	-1	10848	129094
2012-03-06	2417	2415	2421	2415	2416	2418	1	12824	123778
2012-03-07	2418	2414	2424	2412	2422	2419	1	12030	120742
2012-03-08	2419	2418	2438	2418	2434	2432	13	15936	120508
2012-03-09	2432	2435	2456	2435	2455	2446	14	18714	114016
2012-03-12	2446	2450	2470	2450	2468	2461	15	23658	111492
2012-03-19	2498	2504	2504	2491	2493	2495	-3	9972	80720
2012-03-20	2495	2490	2494	2479	2482	2485	-10	9636	76624
2012-03-21	2485	2480	2493	2476	2483	2485	0	12480	67852
2012-03-22	2485	2480	2489	2474	2480	2483	-2	6626	66000
2012-03-23	2483	2485	2486	2478	2481	2481	-2	4624	63218
2012-03-26	2481	2476	2483	2465	2468	2471	-10	7124	57574
2012-03-27	2471	2468	2470	2460	2462	2463	-8	6144	53388
2012-03-28	2463	2459	2473	2458	2469	2468	5	8426	48188
2012-03-29	2468	2463	2468	2450	2451	2456	-12	5132	44658
2012-03-30	2456	2449	2460	2446	2460	2454	-2	2490	44598
2012-04-05	2454	2463	2486	2463	2476	2478	24	8604	40090
2012-04-06	2478	2475	2477	2448	2466	2465	-13	4026	37594
2012-04-09	2465	2469	2474	2465	2467	2470	5	2038	36674
2012-04-10	2470	2464	2470	2461	2468	2464	-6	1166	35916
2012-04-11	2464	2464	2465	2453	2461	2460	-4	1240	35200
2012-04-12	2460	2461	2471	2461	2470	2468	8	3750	32232
2012-04-13	2468	2473	2474	2456	2466	2467	-1	1300	31370
2012-04-16	2467	2470	2470	2458	2463	2463	-4	1348	30694
2012-04-17	2463	2463	2470	2463	2464	2465	2	3590	26474
2012-04-18	2465	2467	2469	2464	2468	2466	1	4658	22416
2012-04-19	2466	2466	2475	2465	2471	2471	5	2304	21292
2012-04-20	2471	2468	2475	2462	2468	2468	-3	1140	21124
2012-04-23	2468	2468	2468	2457	2457	2461	-7	1604	21084
2012-04-24	2461	2459	2459	2440	2445	2451	-10	2036	20970
2012-04-25	2451	2446	2446	2404	2435	2431	-20	6140	20276
2012-04-26	2431	2435	2435	2427	2430	2430	-1	792	20092
2012-04-27	2430	2440	2449	2430	2449	2438	8	1188	20080
2012-05-02	2438	2372	2450	2372	2445	2436	-2	14	6112
2012-05-03	2436	2430	2430	2430	2430	2430	-6	6	5112
2012-05-04	2430	2425	2425	2425	2425	2425	-5	30	5112
2012-05-07	2425	2425	2425	2410	2425	2418	-7	64	3732
2012-05-08	2418	2418	2418	2418	2418	2418	0	36	2296
2012-05-09	2418	2415	2415	2415	2415	2415	-3	2	1218
2012-05-10	2415	-	-	-	2415	2415	0	0	1218
2012-05-11	2415	-	-	-	2415	2415	0	0	30
2012-05-14	2415	-	-	-	2415	2415	0	0	30
2012-05-15	2415	-	-	-	2415	2421	6	0	0
