2012-03-19	2406	-	-	-	2406	2406	0	0	4
2012-03-20	2406	-	-	-	2406	2406	0	0	4
2012-03-21	2406	2397	2399	2394	2394	2396	-10	6	6
2012-03-22	2396	2402	2402	2393	2393	2395	-1	18	4
2012-03-23	2395	2401	2401	2391	2391	2396	1	4	6
2012-03-26	2396	2408	2408	2386	2390	2393	-3	20	8
2012-03-27	2393	-	-	-	2393	2393	0	0	8
2012-03-28	2393	2392	2395	2392	2395	2394	1	12	16
2012-03-29	2394	2386	2386	2375	2375	2380	-14	12	18
2012-03-30	2380	2363	2382	2351	2382	2360	-20	22	22
2012-04-05	2360	2368	2391	2368	2381	2383	23	26	32
2012-04-06	2383	2380	2382	2378	2380	2380	-3	8	36
2012-04-09	2380	2376	2382	2376	2382	2379	-1	16	34
2012-04-10	2379	2377	2377	2376	2376	2376	-3	10	38
2012-04-11	2376	2364	2371	2364	2371	2367	-9	4	38
2012-04-12	2367	2366	2372	2366	2372	2367	0	16	42
2012-04-13	2367	2392	2392	2362	2369	2372	5	20	46
2012-04-16	2372	2332	2372	2332	2354	2349	-23	66	68
2012-04-17	2349	2354	2354	2347	2347	2350	1	4	68
2012-04-18	2350	2343	2355	2339	2346	2344	-6	16	70
2012-04-19	2344	2350	2352	2350	2352	2351	7	32	100
2012-04-20	2351	2352	2355	2345	2351	2351	0	28	94
2012-04-23	2351	2345	2437	2336	2336	2356	5	66	98
2012-04-24	2356	2354	2354	2345	2350	2349	-7	12	102
2012-04-25	2349	2351	2352	2341	2352	2348	-1	12	104
2012-04-26	2348	2348	2350	2346	2346	2349	1	84	174
2012-04-27	2349	2349	2366	2349	2363	2361	12	124	136
2012-05-02	2361	2363	2370	2359	2366	2363	2	52	132
2012-05-03	2363	2363	2363	2353	2353	2358	-5	24	134
2012-05-04	2358	2356	2356	2350	2350	2352	-6	8	138
2012-05-07	2352	2351	2351	2332	2333	2338	-14	52	142
2012-05-08	2338	2340	2340	2324	2327	2331	-7	118	196
2012-05-09	2331	2317	2325	2302	2307	2309	-22	72	218
2012-05-10	2309	2303	2303	2285	2296	2291	-18	56	224
2012-05-11	2291	2287	2296	2285	2285	2289	-2	26	216
2012-05-14	2289	2290	2290	2260	2260	2275	-14	38	222
2012-05-15	2275	2255	2275	2255	2275	2268	-7	18	220
2012-05-16	2268	2267	2283	2263	2263	2272	4	28	222
2012-05-17	2272	2276	2292	2271	2287	2280	8	94	162
2012-05-18	2280	2284	2295	2283	2288	2288	8	36	150
2012-05-21	2288	2306	2311	2304	2308	2307	19	22	146
2012-05-22	2307	2304	2305	2293	2297	2298	-9	32	146
2012-05-23	2298	2277	2279	2276	2279	2277	-21	16	140
2012-05-24	2277	2282	2284	2282	2283	2282	5	10	138
2012-05-25	2282	2270	2270	2254	2258	2260	-22	24	128
2012-05-28	2260	2255	2260	2248	2260	2251	-9	76	172
2012-05-29	2251	2259	2275	2252	2275	2267	16	70	144
2012-05-30	2267	2252	2275	2250	2270	2261	-6	104	130
2012-05-31	2261	2274	2278	2257	2276	2274	13	56	120
2012-06-01	2274	2268	2275	2267	2267	2270	-4	8	118
2012-06-04	2270	2264	2265	2252	2254	2258	-12	14	118
2012-06-05	2258	2292	2299	2292	2293	2295	37	36	146
2012-06-06	2295	2293	2300	2293	2298	2296	1	32	146
2012-06-07	2296	2298	2307	2294	2294	2300	4	40	148
2012-06-08	2300	2311	2330	2287	2287	2298	-2	40	156
2012-06-11	2298	2296	2319	2296	2319	2305	7	60	166
2012-06-12	2305	2306	2314	2306	2314	2310	5	22	172
2012-06-13	2310	2311	2317	2308	2315	2312	2	80	162
2012-06-14	2312	2303	2312	2296	2296	2304	-8	48	172
2012-06-15	2304	2291	2302	2290	2294	2296	-8	62	172
2012-06-18	2296	2299	2305	2295	2305	2302	6	36	158
2012-06-19	2302	2306	2331	2306	2325	2322	20	88	132
2012-06-20	2322	2333	2346	2333	2339	2339	17	42	124
2012-06-21	2339	2339	2343	2338	2339	2339	0	18	124
2012-06-25	2339	2346	2358	2343	2343	2350	11	116	120
2012-06-26	2350	2366	2366	2350	2351	2356	6	84	104
2012-06-27	2356	2353	2354	2338	2338	2344	-12	28	108
2012-06-28	2344	2339	2340	2331	2340	2337	-7	44	92
2012-06-29	2337	2332	2343	2332	2343	2336	-1	16	86
2012-07-02	2336	2346	2358	2331	2331	2348	12	86	92
2012-07-03	2348	2338	2351	2338	2349	2344	-4	22	90
2012-07-04	2344	2358	2366	2353	2353	2361	17	46	98
2012-07-05	2361	2353	2361	2353	2361	2355	-6	32	92
2012-07-06	2355	2361	2363	2357	2357	2360	5	16	96
2012-07-09	2360	2356	2396	2355	2382	2371	11	96	136
2012-07-10	2371	2386	2386	2358	2367	2370	-1	82	114
2012-07-11	2370	2357	2362	2355	2362	2358	-12	10	110
2012-07-12	2358	2361	2361	2345	2350	2353	-5	30	118
2012-07-13	2353	2363	2371	2363	2371	2369	16	14	120
2012-07-16	2369	2383	2419	2376	2412	2406	37	182	128
2012-07-17	2406	2412	2412	2392	2400	2402	-4	92	112
2012-07-18	2402	2402	2402	2398	2398	2399	-3	16	106
2012-07-19	2399	2408	2408	2392	2400	2401	2	18	108
2012-07-20	2401	2396	2396	2393	2393	2394	-7	16	108
2012-07-23	2394	2409	2409	2394	2398	2401	7	46	112
2012-07-24	2401	2381	2391	2371	2390	2383	-18	56	94
2012-07-25	2383	2385	2396	2385	2387	2391	8	14	92
2012-07-26	2391	2395	2396	2390	2390	2392	1	54	84
2012-07-27	2392	2393	2393	2393	2393	2393	1	2	84
2012-07-30	2393	2405	2410	2403	2408	2404	11	66	82
2012-07-31	2404	2402	2404	2398	2404	2401	-3	10	86
2012-08-01	2401	2399	2416	2399	2405	2406	5	182	96
2012-08-02	2406	2409	2409	2399	2399	2405	-1	30	94
2012-08-03	2405	2402	2405	2394	2403	2400	-5	12	90
2012-08-06	2400	2382	2397	2382	2395	2389	-11	26	98
2012-08-07	2389	2390	2393	2390	2391	2391	2	18	94
2012-08-08	2391	2393	2393	2384	2390	2388	-3	22	96
2012-08-09	2388	2390	2394	2390	2394	2392	4	4	94
2012-08-10	2392	2409	2409	2393	2400	2398	6	22	86
2012-08-13	2398	2415	2424	2403	2418	2415	17	66	92
2012-08-14	2415	2429	2432	2410	2426	2424	9	50	88
2012-08-15	2424	2417	2439	2417	2437	2435	11	52	94
2012-08-16	2435	2435	2435	2414	2416	2424	-11	264	258
2012-08-17	2424	2403	2424	2403	2419	2415	-9	30	250
2012-08-20	2415	2428	2429	2415	2417	2425	10	126	248
2012-08-21	2425	2424	2439	2422	2427	2425	0	84	242
2012-08-22	2425	2429	2429	2417	2418	2422	-3	16	240
2012-08-23	2422	2412	2416	2412	2415	2413	-9	64	238
2012-08-24	2413	2400	2416	2400	2406	2404	-9	116	182
2012-08-27	2404	2413	2420	2413	2415	2415	11	38	186
2012-08-28	2415	2413	2413	2408	2412	2410	-5	64	160
2012-08-29	2410	2414	2419	2412	2416	2414	4	16	160
2012-08-30	2414	2420	2425	2418	2420	2421	7	22	162
2012-08-31	2421	2419	2423	2419	2423	2420	-1	16	160
2012-09-03	2420	2431	2432	2424	2432	2429	9	22	156
2012-09-04	2429	2438	2438	2427	2436	2434	5	204	298
2012-09-05	2434	2430	2430	2411	2413	2419	-15	38	296
2012-09-06	2419	2403	2417	2403	2414	2410	-9	14	296
2012-09-07	2410	2418	2418	2368	2368	2415	5	78	344
2012-09-10	2415	2417	2420	2402	2417	2413	-2	44	336
2012-09-11	2413	2405	2417	2403	2409	2410	-3	170	326
2012-09-12	2410	2405	2415	2404	2414	2409	-1	62	330
2012-09-13	2409	2414	2416	2407	2410	2412	3	238	336
2012-09-14	2412	2412	2412	2406	2406	2411	-1	54	346
2012-09-17	2411	2401	2401	2395	2399	2398	-13	52	340
2012-09-18	2398	2379	2400	2379	2392	2391	-7	16	338
2012-09-19	2391	2400	2400	2392	2392	2394	3	44	334
2012-09-20	2394	2399	2409	2398	2399	2400	6	10	334
2012-09-21	2400	2391	2403	2391	2396	2399	-1	14	328
2012-09-24	2399	2390	2393	2389	2393	2390	-9	62	330
2012-09-25	2390	2395	2395	2382	2390	2390	0	76	324
2012-09-26	2390	2386	2386	2381	2381	2384	-6	54	326
2012-09-27	2384	2380	2380	2352	2352	2367	-17	16	322
2012-09-28	2367	2348	2366	2348	2359	2354	-13	22	314
2012-10-08	2354	2377	2377	2340	2354	2355	1	12	312
2012-10-10	2337	2337	2344	2328	2340	2337	0	36	316
2012-10-11	2337	2337	2347	2337	2345	2342	5	42	326
2012-10-12	2342	2341	2343	2332	2341	2340	-2	34	324
2012-10-15	2340	2326	2337	2326	2333	2333	-7	26	320
2012-10-16	2333	-	-	-	2333	2333	0	0	320
2012-10-17	2333	2343	2352	2337	2352	2342	9	30	322
2012-10-18	2342	2377	2396	2365	2368	2371	29	146	372
2012-10-19	2371	2376	2376	2354	2359	2362	-9	42	362
2012-10-22	2362	2353	2366	2353	2363	2360	-2	68	354
2012-10-23	2360	2367	2367	2366	2366	2366	6	6	354
2012-10-24	2366	2365	2365	2365	2365	2365	-1	2	356
2012-10-25	2365	2365	2385	2365	2385	2380	15	34	358
2012-10-26	2380	2377	2383	2376	2381	2379	-1	14	358
2012-10-29	2379	2379	2379	2358	2379	2371	-8	30	354
2012-10-30	2371	2371	2371	2359	2361	2365	-6	8	348
2012-10-31	2365	2373	2382	2373	2380	2378	13	14	350
2012-11-01	2378	2375	2379	2371	2376	2375	-3	16	346
2012-11-02	2375	2365	2378	2365	2375	2375	0	14	346
