2012-01-18	2280	2300	2305	2284	2284	2290	10	840	784
2012-01-19	2290	2287	2287	2281	2281	2283	-7	232	882
2012-01-20	2283	2286	2290	2282	2289	2287	4	226	1006
2012-01-30	2287	2295	2305	2292	2304	2300	13	812	1528
2012-01-31	2300	2302	2315	2302	2312	2310	10	2508	3518
2012-02-01	2310	2311	2313	2306	2309	2308	-2	1040	3960
2012-02-02	2308	2308	2310	2303	2304	2306	-2	1060	4550
2012-02-03	2306	2308	2324	2308	2323	2317	11	7950	10450
2012-02-06	2317	2321	2348	2321	2347	2341	24	8326	13820
2012-02-07	2341	2345	2353	2341	2349	2348	7	5146	16740
2012-02-08	2348	2355	2360	2350	2359	2356	8	3584	18476
2012-02-09	2356	2352	2361	2348	2350	2355	-1	3346	18692
2012-02-10	2355	2348	2354	2337	2353	2345	-10	3688	20226
2012-02-13	2345	2350	2357	2345	2347	2350	5	6372	21550
2012-02-14	2350	2351	2354	2335	2335	2344	-6	5830	24696
2012-02-15	2344	2338	2345	2328	2333	2336	-8	5992	26764
2012-02-16	2336	2333	2335	2324	2328	2327	-9	3598	27690
2012-02-17	2327	2332	2338	2332	2335	2335	8	2478	27046
2012-02-20	2335	2341	2353	2341	2353	2347	12	7372	28674
2012-02-21	2347	2352	2355	2343	2354	2349	2	8750	31158
2012-02-22	2349	2350	2350	2342	2347	2346	-3	6898	31336
2012-02-23	2346	2348	2351	2345	2348	2348	2	1838	31718
2012-02-24	2348	2349	2351	2345	2346	2348	0	6008	33886
2012-02-27	2348	2347	2358	2347	2356	2354	6	7274	35498
2012-02-28	2354	2358	2363	2357	2361	2359	5	13976	43380
2012-02-29	2359	2366	2377	2358	2375	2366	7	14708	50066
2012-03-01	2366	2370	2378	2362	2364	2370	4	8810	51426
2012-03-02	2370	2368	2373	2354	2355	2361	-9	13076	55016
2012-03-05	2361	2358	2363	2345	2352	2351	-10	30750	58980
2012-03-06	2351	2360	2360	2343	2343	2348	-3	15546	58184
2012-03-07	2348	2340	2347	2336	2339	2340	-8	20264	65334
2012-03-08	2340	2336	2346	2335	2344	2341	1	13708	65408
2012-03-09	2341	2344	2370	2344	2367	2362	21	22744	69632
2012-03-12	2362	2365	2373	2360	2371	2366	4	19202	76296
2012-03-19	2394	2400	2408	2395	2398	2401	7	36042	90274
2012-03-20	2401	2394	2396	2385	2385	2389	-12	15596	89024
2012-03-21	2389	2381	2401	2380	2390	2392	3	26824	90458
2012-03-22	2392	2393	2394	2384	2384	2387	-5	16284	92738
2012-03-23	2387	2389	2393	2381	2382	2385	-2	20100	93494
2012-03-26	2385	2383	2397	2372	2375	2378	-7	15502	94442
2012-03-27	2378	2378	2379	2367	2369	2371	-7	14968	92686
2012-03-28	2371	2368	2384	2364	2380	2375	4	37262	95496
2012-03-29	2375	2374	2378	2350	2352	2364	-11	42770	98416
2012-03-30	2364	2345	2348	2324	2327	2337	-27	53714	114468
2012-04-05	2337	2345	2362	2342	2359	2354	17	68340	117692
2012-04-06	2354	2358	2365	2353	2356	2357	3	34312	121256
2012-04-09	2357	2358	2362	2349	2352	2355	-2	32950	125006
2012-04-10	2355	2350	2354	2342	2353	2347	-8	48054	132872
2012-04-11	2347	2335	2349	2334	2342	2342	-5	53948	135438
2012-04-12	2342	2346	2354	2341	2350	2347	5	33266	134952
2012-04-13	2347	2356	2361	2335	2338	2346	-1	66096	142632
2012-04-16	2346	2326	2328	2316	2322	2321	-25	54778	148350
2012-04-17	2321	2321	2326	2316	2317	2321	0	48888	154972
2012-04-18	2321	2320	2331	2308	2322	2319	-2	83590	164268
2012-04-19	2319	2317	2348	2317	2345	2338	19	118380	171780
2012-04-20	2338	2346	2348	2334	2334	2340	2	86144	187854
2012-04-23	2340	2335	2335	2326	2331	2330	-10	59076	197702
2012-04-24	2330	2334	2338	2326	2331	2331	1	53834	194260
2012-04-25	2331	2338	2339	2327	2338	2332	1	77118	197042
2012-04-26	2332	2336	2343	2332	2341	2337	5	35150	194920
2012-04-27	2337	2344	2350	2341	2349	2345	8	48138	205052
2012-05-02	2345	2351	2354	2340	2343	2345	0	43010	204206
2012-05-03	2345	2333	2341	2330	2331	2335	-10	53542	199304
2012-05-04	2335	2331	2340	2327	2338	2335	0	44962	203926
2012-05-07	2335	2334	2335	2305	2320	2318	-17	171216	262120
2012-05-08	2318	2320	2324	2314	2314	2318	0	65474	262052
2012-05-09	2318	2305	2314	2286	2287	2299	-19	132620	287484
2012-05-10	2299	2285	2293	2270	2291	2281	-18	222512	308368
2012-05-11	2281	2285	2290	2275	2281	2280	-1	229208	296154
2012-05-14	2280	2285	2290	2257	2262	2269	-11	202642	288288
2012-05-15	2269	2259	2285	2254	2282	2271	2	182190	295102
2012-05-16	2271	2283	2287	2261	2263	2271	0	132100	304202
2012-05-17	2271	2280	2289	2272	2285	2279	8	147118	293552
2012-05-18	2279	2280	2290	2276	2284	2282	3	104966	299328
2012-05-21	2282	2295	2309	2292	2301	2302	20	139110	296506
2012-05-22	2302	2301	2301	2290	2291	2294	-8	63202	304872
2012-05-23	2294	2275	2279	2270	2277	2274	-20	126092	301092
2012-05-24	2274	2286	2286	2277	2282	2281	7	62586	300930
2012-05-25	2281	2275	2279	2248	2255	2257	-24	272030	317246
2012-05-28	2257	2261	2262	2236	2252	2248	-9	241732	309934
2012-05-29	2248	2248	2264	2242	2259	2252	4	160722	301202
2012-05-30	2252	2245	2259	2242	2252	2252	0	139008	303532
2012-05-31	2252	2248	2268	2247	2259	2260	8	120244	292338
2012-06-01	2260	2260	2263	2247	2251	2255	-5	133908	309808
2012-06-04	2255	2255	2258	2237	2247	2245	-10	193630	308828
2012-06-05	2245	2252	2305	2249	2277	2276	31	452236	356592
2012-06-06	2276	2277	2291	2269	2279	2280	4	201454	332942
2012-06-07	2280	2299	2299	2280	2281	2287	7	134676	316992
2012-06-08	2287	2285	2287	2268	2273	2275	-12	152774	320970
2012-06-11	2275	2280	2300	2279	2299	2289	14	186256	323576
2012-06-12	2289	2292	2298	2285	2296	2290	1	133800	334482
2012-06-13	2290	2292	2302	2288	2297	2295	5	193672	340190
2012-06-14	2295	2295	2299	2274	2274	2287	-8	241232	350110
2012-06-15	2287	2277	2285	2266	2284	2273	-14	316420	337620
2012-06-18	2273	2290	2296	2277	2285	2282	9	160024	331108
2012-06-19	2282	2295	2323	2294	2318	2313	31	411808	341348
2012-06-20	2313	2328	2338	2323	2333	2331	18	204724	347000
2012-06-21	2331	2320	2334	2316	2326	2327	-4	195680	359958
2012-06-25	2327	2341	2354	2333	2336	2344	17	253144	350844
2012-06-26	2344	2352	2364	2337	2340	2348	4	355356	391430
2012-06-27	2348	2345	2345	2325	2326	2333	-15	218620	384262
2012-06-28	2333	2324	2336	2321	2326	2328	-5	180656	377880
2012-06-29	2328	2323	2338	2321	2336	2329	1	133786	372610
2012-07-02	2329	2348	2352	2325	2327	2335	6	161634	388188
2012-07-03	2335	2330	2351	2327	2346	2340	5	260106	406932
2012-07-04	2340	2352	2362	2348	2356	2356	16	336564	448992
2012-07-05	2356	2352	2359	2342	2355	2352	-4	212214	448024
2012-07-06	2352	2364	2364	2347	2348	2354	2	184098	454098
2012-07-09	2354	2351	2380	2345	2368	2365	11	599664	475590
2012-07-10	2365	2357	2369	2352	2353	2359	-6	223072	460720
2012-07-11	2359	2358	2364	2340	2352	2350	-9	379174	450204
2012-07-12	2350	2350	2355	2341	2348	2346	-4	191178	470602
2012-07-13	2346	2355	2368	2353	2368	2359	13	291812	509510
2012-07-16	2359	2380	2429	2380	2411	2409	50	949954	603474
2012-07-17	2409	2422	2423	2388	2395	2401	-8	525478	556894
2012-07-18	2401	2398	2403	2386	2387	2392	-9	329188	525760
2012-07-19	2392	2395	2402	2388	2397	2394	2	289606	506472
2012-07-20	2394	2398	2401	2386	2392	2392	-2	209214	497986
2012-07-23	2392	2387	2404	2372	2396	2393	1	418478	497888
2012-07-24	2393	2365	2388	2347	2379	2376	-17	377176	469996
2012-07-25	2376	2370	2389	2368	2384	2384	8	218516	459034
2012-07-26	2384	2389	2392	2375	2382	2383	-1	220528	443710
2012-07-27	2383	2376	2386	2375	2381	2380	-3	160082	432078
2012-07-30	2380	2399	2407	2392	2400	2399	19	368624	419782
2012-07-31	2399	2396	2400	2391	2398	2395	-4	124668	400950
2012-08-01	2395	2395	2422	2391	2397	2408	13	479222	416940
2012-08-02	2408	2395	2402	2382	2383	2391	-17	243026	401144
2012-08-03	2391	2383	2393	2377	2384	2384	-7	185778	386152
2012-08-06	2384	2390	2391	2372	2376	2377	-7	182100	394662
2012-08-07	2377	2376	2384	2373	2379	2378	1	145788	381878
2012-08-08	2378	2375	2382	2371	2375	2376	-2	180934	375976
2012-08-09	2376	2381	2388	2380	2384	2383	7	113562	365268
2012-08-10	2383	2389	2394	2387	2393	2391	8	129064	354070
2012-08-13	2391	2390	2434	2389	2421	2418	27	1195330	581240
2012-08-14	2418	2424	2439	2413	2424	2426	8	1304990	593014
2012-08-15	2426	2428	2442	2422	2437	2434	8	1007384	658566
2012-08-16	2434	2440	2440	2411	2412	2421	-13	612120	581160
2012-08-17	2421	2415	2422	2408	2410	2413	-8	340430	552500
2012-08-20	2413	2414	2419	2410	2414	2414	1	290462	541058
2012-08-21	2414	2414	2429	2414	2418	2421	7	390776	527218
2012-08-22	2421	2421	2425	2408	2408	2414	-7	245686	498196
2012-08-23	2414	2409	2418	2405	2412	2411	-3	238010	491224
2012-08-24	2411	2404	2407	2381	2385	2391	-20	363670	495352
2012-08-27	2391	2390	2403	2387	2390	2395	4	338372	473946
2012-08-28	2395	2380	2389	2380	2382	2384	-11	147746	471730
2012-08-29	2384	2383	2399	2382	2393	2389	5	251366	436528
2012-08-30	2389	2398	2398	2388	2394	2392	3	126576	438062
2012-08-31	2392	2393	2394	2382	2386	2386	-6	114730	439226
2012-09-03	2386	2390	2394	2382	2390	2388	2	159814	445926
2012-09-04	2388	2392	2407	2386	2398	2397	9	249882	433604
2012-09-05	2397	2396	2396	2367	2368	2377	-20	310662	472552
2012-09-06	2377	2361	2369	2355	2362	2362	-15	220616	461154
2012-09-07	2362	2368	2370	2360	2362	2363	1	142240	457196
2012-09-10	2363	2365	2370	2359	2368	2365	2	138612	437786
2012-09-11	2365	2361	2365	2350	2356	2357	-8	190912	445422
2012-09-12	2357	2354	2363	2347	2360	2355	-2	174690	430490
2012-09-13	2355	2361	2368	2356	2363	2363	8	132224	419268
2012-09-14	2363	2367	2376	2360	2362	2366	3	169478	420414
2012-09-17	2366	2360	2365	2342	2345	2349	-17	250228	476778
2012-09-18	2349	2338	2355	2331	2352	2346	-3	237936	437940
2012-09-19	2346	2352	2358	2349	2355	2352	6	90406	432256
2012-09-20	2352	2356	2376	2353	2368	2366	14	358160	390016
2012-09-21	2366	2363	2371	2357	2359	2362	-4	124968	371178
2012-09-24	2362	2355	2359	2343	2354	2351	-11	140780	376100
2012-09-25	2351	2353	2356	2348	2352	2351	0	64648	368844
2012-09-26	2351	2350	2354	2338	2340	2345	-6	159434	322716
2012-09-27	2345	2331	2343	2322	2324	2330	-15	185556	319756
2012-09-28	2330	2320	2342	2320	2341	2328	-2	133186	291060
2012-10-08	2328	2340	2341	2310	2311	2325	-3	117982	313630
2012-10-10	2311	2310	2322	2309	2320	2316	5	67526	316800
2012-10-11	2316	2314	2327	2314	2321	2322	6	67852	306830
2012-10-12	2322	2330	2330	2315	2316	2323	1	99508	300062
2012-10-15	2323	2311	2315	2307	2313	2310	-13	72248	299548
2012-10-16	2310	2315	2325	2313	2324	2320	10	54232	289576
2012-10-17	2320	2321	2341	2317	2340	2331	11	107324	282532
2012-10-18	2331	2342	2349	2337	2347	2343	12	89534	279386
2012-10-19	2343	2349	2349	2339	2342	2341	-2	32282	275696
2012-10-22	2341	2340	2347	2336	2344	2342	1	35822	272958
2012-10-23	2342	2344	2348	2338	2344	2342	0	38512	273846
2012-10-24	2342	2345	2347	2338	2342	2340	-2	32930	267528
2012-10-25	2340	2343	2364	2343	2363	2355	15	72586	262332
2012-10-26	2355	2360	2360	2342	2347	2349	-6	52438	242552
2012-10-29	2349	2348	2348	2340	2342	2344	-5	22100	238286
2012-10-30	2344	2342	2344	2328	2338	2334	-10	36488	227838
2012-10-31	2334	2339	2341	2328	2329	2332	-2	37070	221192
2012-11-01	2332	2331	2340	2326	2333	2331	-1	53976	202996
2012-11-02	2331	2332	2334	2328	2334	2330	-1	16618	199304
